,round,tube,sp_div_H,tot_pop_0,tot_final_pop,tot_auc,mean_fc,deg_score,nut_score
0,0.0,0.0,1.0979707419357172,40.0,758.0,49552.0,18.949981050018952,0.4056993939526715,0.9997807098843213
1,0.0,1.0,0.4567382182015737,40.0,692.0,40273.0,17.299982700017303,0.45116733112163643,0.7982208209908644
2,0.0,2.0,0.7949532759965925,40.0,1385.0,71332.0,34.62496537503463,0.5447824552185975,0.9948962890504477
3,0.0,3.0,0.7926393214295591,40.0,555.0,39284.0,13.874986125013876,0.3970139164628623,0.9998175223048642
4,0.0,4.0,0.978523955485585,40.0,434.0,27549.0,10.84998915001085,0.36819104190952523,0.7469759396218891
5,0.0,5.0,0.6942509207436766,40.0,545.0,40634.0,13.624986375013624,0.3548773949692101,0.9997225627628576
6,0.0,6.0,0.24300507373641828,40.0,668.0,40237.0,16.6999833000167,0.36286571938282175,0.5341492611227614
7,0.0,7.0,0.5659565257753151,40.0,777.0,46871.0,19.424980575019426,0.4530509058347021,0.9997319684485272
8,0.0,8.0,0.3063039674560219,40.0,418.0,50405.0,10.44998955001045,0.3130250819119025,0.9492406782902669
9,0.0,9.0,0.9691282121228517,40.0,626.0,53972.0,15.64998435001565,0.322152016095433,0.9997394365858084
10,0.0,10.0,1.05833051958997,40.0,360.0,31622.0,8.999991000009,0.27549628007332294,0.7119691052570993
11,0.0,11.0,0.9795523197336237,40.0,556.0,44497.0,13.899986100013901,0.392488306896869,0.9997990914539661
12,0.0,12.0,0.8397228578176521,40.0,823.0,49179.0,20.574979425020576,0.3906736526143817,0.7894105108061273
13,0.0,13.0,0.665577186076211,40.0,510.0,51514.0,12.749987250012751,0.36846275946295615,0.9846133720035254
14,0.0,14.0,1.144981080769568,40.0,764.0,53898.0,19.0999809000191,0.4248884308005928,0.9997815575329684
15,0.0,15.0,1.0418446677536388,40.0,730.0,62636.0,18.24998175001825,0.4203818432443315,0.9997675505256234
16,0.0,16.0,0.17477875193446524,40.0,718.0,36817.0,17.94998205001795,0.43742800722649655,0.683677930676654
17,0.0,17.0,1.1166913513410328,40.0,401.0,49888.0,10.024989975010026,0.28359036374723334,0.658681477820092
18,0.0,18.0,0.31176508373138767,40.0,612.0,40450.0,15.299984700015301,0.3229852009335289,0.4551190329179776
19,0.0,19.0,0.9683377458860549,40.0,618.0,52426.0,15.44998455001545,0.33576164076743253,0.9997681495370743
20,0.0,20.0,0.7057408502066875,40.0,545.0,35510.0,13.624986375013624,0.2895899805149308,0.6793089599346825
21,1.0,0.0,0.7194994060515806,116.0,1560.0,101206.0,10.954549580953497,0.47463490591723734,0.9982317514933186
22,1.0,1.0,0.6861934624100519,129.0,1663.0,114553.0,9.343500316788731,0.4417342225996279,0.9761524020499045
23,1.0,2.0,0.6967891024291086,107.0,1646.0,108053.0,10.945568802195282,0.4496131198788109,0.982383973728012
24,1.0,3.0,0.5150404493693617,82.0,720.0,61086.0,7.7381583738642945,0.39449376790855273,0.9997176141845512
25,1.0,4.0,0.47449989628094774,80.0,758.0,61835.0,12.930544176325288,0.386749048908139,0.9998078031795877
26,1.0,5.0,0.5836361735671919,51.0,723.0,51182.0,9.518736214127312,0.39622395331864724,0.9693767349170189
27,1.0,6.0,0.2054478583081174,73.0,601.0,51226.0,7.5965937904660565,0.322794568383893,0.5820890314854162
28,1.0,7.0,0.013247539314675242,65.0,552.0,50724.0,3.279659655993914,0.2976001139146479,0.5131455265169402
29,1.0,8.0,0.2830695058045918,44.0,606.0,48124.0,9.553287508789076,0.3468874528561715,0.6680330949530491
30,1.0,9.0,0.06095483077858537,69.0,541.0,49295.0,5.4925292175693325,0.3200454397174257,0.5381390563122561
31,1.0,10.0,0.01339425284740404,63.0,545.0,47327.0,3.306007108337632,0.29343769754302373,0.5110655330750431
32,1.0,11.0,0.08844386747669841,83.0,569.0,53351.0,5.160410674410934,0.324526077426732,0.5682545520191206
33,1.0,12.0,0.9847080527943095,85.0,980.0,73466.0,9.080834584764167,0.4350015466941449,0.9964575358171067
34,1.0,13.0,1.0295940650682,64.0,881.0,68968.0,10.5845179475293,0.427766498779131,0.9996883283335066
35,1.0,14.0,1.0222014341028915,60.0,807.0,63966.0,13.069710037566368,0.40138178983512574,0.8185188617493773
36,1.0,15.0,1.0319457179400346,72.0,637.0,62150.0,8.771737508157551,0.40976652095133037,0.9697555866106828
37,1.0,16.0,0.9324450501494284,64.0,534.0,63080.0,7.738218706522839,0.36342952876051515,0.9997886284530653
38,1.0,17.0,1.008075915877439,53.0,631.0,64584.0,12.372688508830057,0.39078959634106514,0.9998247510192384
39,1.0,18.0,1.0003430068846553,80.0,563.0,53181.0,6.940610148512836,0.3588577735076326,0.9997125681175029
40,1.0,19.0,1.0901147080822442,74.0,595.0,52986.0,8.429625786967497,0.37049707417808375,0.999730410240448
41,1.0,20.0,1.0887583165192851,57.0,626.0,54377.0,8.818584485588408,0.37370835331839825,0.9998420541657727
42,2.0,0.0,0.677917498013152,171.0,1618.0,115554.0,6.678894857705514,0.4401658286448882,0.9686428007807806
43,2.0,1.0,0.6807527691084896,133.0,1763.0,121057.0,8.84884034392285,0.4330266224634963,0.9934334037145715
44,2.0,2.0,0.6789440111537844,121.0,1695.0,112107.0,14.129718494263603,0.4293418531942069,0.9694446055674999
45,2.0,3.0,0.6902256375083786,150.0,1647.0,113394.0,8.312135404861515,0.4450255940439498,0.9807174317870526
46,2.0,4.0,0.6793598585262965,149.0,1678.0,112410.0,11.56576231276847,0.4343881718671183,0.977102117643621
47,2.0,5.0,0.672607671033296,124.0,1614.0,109269.0,12.891532297486417,0.43130798141738547,0.9743657473875292
48,2.0,6.0,0.672633570400513,150.0,1724.0,119408.0,11.45956740295593,0.4294929145487366,0.9821597633134673
49,2.0,7.0,0.6769462579237361,160.0,1699.0,120171.0,10.733211211629524,0.42996138985253907,0.9804938644697939
50,2.0,8.0,0.6795122126328519,118.0,1748.0,114914.0,14.875592615118817,0.43296919603392436,0.9632669218767894
51,2.0,9.0,0.9639180623783214,118.0,996.0,82858.0,8.503785598492174,0.4318241927744203,0.8969189115167324
52,2.0,10.0,0.9787126911982515,84.0,979.0,77813.0,8.508925147341749,0.42963607247787683,0.9997064002249743
53,2.0,11.0,1.0118504371785455,65.0,974.0,71472.0,16.21661728971912,0.4362148048483523,0.9945407973593597
54,2.0,12.0,0.9166164661719101,93.0,1178.0,86919.0,11.778907037509773,0.44785735177195585,0.9997537201745269
55,2.0,13.0,0.9921288461304725,82.0,926.0,76517.0,10.955910113665746,0.41971607268655875,0.8537285585270011
56,2.0,14.0,1.0518781488568978,64.0,809.0,64549.0,14.598893200324492,0.4183542093607313,0.9992863323366658
57,2.0,15.0,0.877628197647696,64.0,512.0,62804.0,7.205299252753065,0.3358310794113253,0.9998300856018876
58,2.0,16.0,0.955360338894724,55.0,723.0,69301.0,12.241696167538768,0.3762907486293139,0.9997679309135972
59,2.0,17.0,0.8953171280334306,48.0,567.0,60565.0,10.807128090819589,0.34655595126730976,0.9997296449732292
60,2.0,18.0,0.9198862269625661,69.0,1082.0,77685.0,14.980776125500762,0.4489488226520254,0.9985160344516225
61,2.0,19.0,0.8950788618719782,73.0,1094.0,74430.0,13.630659775960064,0.44067453544649604,0.9959401138902936
62,2.0,20.0,0.9915420861595328,52.0,921.0,67915.0,17.01769394473565,0.43048908860163115,0.9968496029674238
63,3.0,0.0,0.9681870121797811,110.0,1049.0,111426.0,11.658188280498464,0.4253746206305241,0.8883120963376324
64,3.0,1.0,0.9373161029070733,123.0,1086.0,111439.0,8.968145030832632,0.44262293494050253,0.9997545452814934
65,3.0,2.0,1.0227589088291091,78.0,880.0,111394.0,11.806404288598317,0.416870841277173,0.9996581863274923
66,3.0,3.0,0.9409760119560207,109.0,1096.0,111425.0,11.048071766053852,0.44371278643796863,0.9996484938803403
67,3.0,4.0,0.9262619845341211,112.0,1186.0,111428.0,12.122773064531563,0.4556842231568954,0.9997068725918897
68,3.0,5.0,1.0108475025751686,90.0,926.0,111406.0,12.562698511258839,0.4286197835597698,0.9995409137052819
69,3.0,6.0,0.7027488332267628,157.0,1589.0,111473.0,8.460461815310365,0.45670805413093873,0.9824822351878385
70,3.0,7.0,0.6820484375800786,144.0,1708.0,111460.0,11.931603461314022,0.43317706133925404,0.9733922658859093
71,3.0,8.0,0.6811744917302529,134.0,1703.0,111450.0,13.308997476385926,0.43387646435599125,0.9963457662913212
72,3.0,9.0,1.008144102003045,127.0,953.0,111443.0,8.42178336185315,0.43121650278512935,0.9996781056423361
73,3.0,10.0,0.8899099952898222,114.0,1144.0,111430.0,10.610305306298406,0.4420651749879462,0.9267003452849881
74,3.0,11.0,0.9405782570710288,79.0,1045.0,111395.0,15.3361219184554,0.4317185199780871,0.8854859759036702
75,3.0,12.0,0.6770776974022148,156.0,1622.0,111472.0,10.425497840283722,0.4334319450077171,0.9777853730509829
76,3.0,13.0,0.6769740556611183,140.0,1667.0,111456.0,12.228352327672509,0.4326276923235032,0.9835954165916018
77,3.0,14.0,0.6785462774408572,138.0,1666.0,111454.0,12.80978039992953,0.4317183462935309,0.9595285216556109
78,3.0,15.0,0.9886348716715823,99.0,954.0,111415.0,9.426645290248208,0.42964114607325155,0.999665513368914
79,3.0,16.0,0.9178908523222105,83.0,986.0,111399.0,11.070796501504141,0.4341546584860997,0.9976965405030879
80,3.0,17.0,0.99610328764803,83.0,906.0,111399.0,11.079370566538524,0.42592628619463013,0.999850405763808
81,3.0,18.0,0.6821526908806048,161.0,1662.0,111477.0,10.358048846227424,0.4303801757562321,0.9788412969220334
82,3.0,19.0,0.6825838981709274,158.0,1661.0,111474.0,10.459623995283113,0.434509323808957,0.9671816531164855
83,3.0,20.0,0.6784508887652563,126.0,1684.0,110463.0,13.273461091686743,0.43383655944790955,0.9656301955518064
84,4.0,0.0,0.6758928950520775,151.0,1706.0,78166.0,11.313386420179484,0.4360624531802918,0.9973749372118247
85,4.0,1.0,0.6828627926644301,130.0,1816.0,78145.0,14.635090593783842,0.4391556996218702,0.9914235811875318
86,4.0,2.0,0.6703523285809669,133.0,1669.0,78148.0,12.410457894043622,0.43110553515418626,0.9747341087241088
87,4.0,3.0,0.959488746346079,123.0,1070.0,78138.0,9.519818273632454,0.4336896018858317,0.8968805378622516
88,4.0,4.0,0.9335229128194518,98.0,1093.0,78113.0,11.95356473032011,0.4418785633963601,0.9996623228493642
89,4.0,5.0,0.9646413555827882,129.0,1086.0,78144.0,8.91162992462891,0.4358571619729038,0.9000636918877863
90,4.0,6.0,0.9916733430737521,106.0,945.0,78121.0,8.982314602087795,0.420810415873778,0.8689485171097588
91,4.0,7.0,0.9817383284275538,94.0,1063.0,78109.0,12.352518867165834,0.4417326861645481,0.999650030390957
92,4.0,8.0,1.0031098579061384,92.0,986.0,78107.0,12.666659516671581,0.4286362386779087,0.9996485802514631
93,4.0,9.0,0.914723188199422,112.0,1165.0,78127.0,10.470177358017633,0.4490863888039095,0.9997472360644676
94,4.0,10.0,0.9667320846896217,104.0,1048.0,78119.0,10.762918825324618,0.44112864410549013,0.9997334135596633
95,4.0,11.0,1.0135230303220044,88.0,953.0,78103.0,11.744015448525005,0.430482720829343,0.9991477138500027
96,4.0,12.0,0.9667985023408645,127.0,1145.0,78142.0,16.162081366637654,0.4539711264580739,0.9996793435627475
97,4.0,13.0,0.9517834094140305,108.0,1046.0,78123.0,11.528478772245117,0.44257511008173656,0.9996327378216393
98,4.0,14.0,0.9027529439179351,91.0,1197.0,78106.0,14.2349470190756,0.4411647351803826,0.9996730652526519
99,4.0,15.0,0.6728647524885236,170.0,1659.0,78185.0,9.842855906541242,0.4317895872898969,0.9749048666815281
100,4.0,16.0,0.6786840742765915,138.0,1556.0,78153.0,11.204171240843637,0.43254853790577685,0.9648226046746504
101,4.0,17.0,0.673750868301427,139.0,1630.0,78154.0,11.617185833773027,0.4336637159991684,0.9764391806729539
102,4.0,18.0,0.9861654288224766,97.0,963.0,78112.0,10.255843702679842,0.43622118732982584,0.9996549774810292
103,4.0,19.0,0.9981140985512116,82.0,952.0,78097.0,12.317545983755034,0.43804411182087377,0.9970653261631254
104,4.0,20.0,1.0131375426599463,98.0,964.0,77135.0,10.330106870855522,0.43544004011897464,0.9996521408013376
105,5.0,0.0,0.9342251515102331,117.0,1116.0,81275.0,9.947619130575525,0.438890003661526,0.9997415602191536
106,5.0,1.0,0.9761606503211782,107.0,1066.0,81265.0,10.011379527111343,0.44070211857413055,0.9997063856423024
107,5.0,2.0,0.9551207758891966,93.0,1041.0,81251.0,10.933072558391146,0.448930290161209,0.9988543656767869
108,5.0,3.0,1.0025634098378282,102.0,955.0,81260.0,12.022390558902723,0.42187673360995104,0.879527819089839
109,5.0,4.0,0.8514296446028646,105.0,1363.0,81263.0,12.727352324142137,0.4500678967638869,0.9611014376774335
110,5.0,5.0,0.9450850099712769,87.0,1060.0,81245.0,11.731433947301312,0.43868351134089933,0.998221512304923
111,5.0,6.0,0.968172860424142,105.0,1129.0,81263.0,11.190913800830955,0.44233910797190734,0.9996518703142552
112,5.0,7.0,1.0324298062105752,94.0,859.0,81252.0,9.912999138919952,0.4124796295689239,0.8357631032431828
113,5.0,8.0,0.9999136757790132,82.0,903.0,81240.0,11.331318543673156,0.4340589684829764,0.9997105616645183
114,5.0,9.0,1.0129434973105826,102.0,899.0,81260.0,9.545233989804823,0.4214692440781459,0.8587705943389633
115,5.0,10.0,1.00909329341468,105.0,899.0,81263.0,9.847232159558741,0.4359487429777189,0.9996530366972052
116,5.0,11.0,1.009728854133966,89.0,993.0,81247.0,11.625467699120781,0.43283631198850836,0.9998296527672204
117,5.0,12.0,1.0288842701453194,96.0,808.0,81254.0,8.245259231764487,0.4191891080098269,0.9996599353532261
118,5.0,13.0,0.9630112016164388,90.0,1027.0,81248.0,12.313899667579541,0.4441139715790269,0.9996763930687335
119,5.0,14.0,1.0115885405796394,90.0,990.0,81248.0,12.426566927433337,0.436630058953307,0.9996807284442106
120,5.0,15.0,0.9788888004127718,102.0,1069.0,81260.0,12.981088990550049,0.4381551257345625,0.9952301065910265
121,5.0,16.0,1.002033819203371,115.0,932.0,81273.0,10.318058019905974,0.4232197307502489,0.8796576680730732
122,5.0,17.0,0.9819501539793565,94.0,1073.0,81252.0,13.661102466210957,0.4418357210216862,0.9996704073558049
123,5.0,18.0,0.9315161073222638,97.0,1050.0,81255.0,10.119767113012697,0.44210484763497127,0.9997623060480396
124,5.0,19.0,0.9803116081352605,91.0,1115.0,81249.0,15.51516598422917,0.44268454672057644,0.9997579285613354
125,5.0,20.0,0.9142796339058692,77.0,1106.0,80384.0,14.232970794939448,0.4455542115865011,0.9996562447576532
126,6.0,0.0,0.8995073953664006,124.0,1257.0,84294.0,11.216062257902175,0.449614084111557,0.9961118964521001
127,6.0,1.0,0.8508300664215809,134.0,1281.0,84304.0,10.58791209756154,0.4501306237101499,0.9997327724183032
128,6.0,2.0,0.8948288826083708,119.0,1236.0,84289.0,11.78094851992411,0.4505258672084631,0.9996770204190277
129,6.0,3.0,1.0170022733469515,117.0,962.0,84287.0,8.887706123384007,0.43430242020739673,0.999715270081782
130,6.0,4.0,0.9636756212138188,97.0,1081.0,84267.0,12.004142812830915,0.44583907988185645,0.9996460059972986
131,6.0,5.0,1.0378270172818866,91.0,898.0,84261.0,12.094322936443548,0.4202808471942947,0.8616230300072862
132,6.0,6.0,0.9083997089658141,105.0,1167.0,84275.0,12.037262522433673,0.44607605995882227,0.9996466772266769
133,6.0,7.0,0.989508449286111,95.0,978.0,84265.0,10.55868500831472,0.43389628929887936,0.894518574537774
134,6.0,8.0,0.9106309315802081,101.0,1159.0,84271.0,12.18755944451489,0.44292490769183135,0.9996578227828313
135,6.0,9.0,1.0383799507938662,85.0,820.0,84255.0,10.602217064743604,0.42708556290196775,0.9996974888385062
136,6.0,10.0,1.0242484574608555,87.0,1002.0,84257.0,14.0539600907761,0.43530577973562934,0.9996692805162543
137,6.0,11.0,1.0147910118411327,97.0,916.0,84267.0,10.708328307635917,0.4311172142123283,0.9996822932381186
138,6.0,12.0,1.0344025681151012,102.0,849.0,84272.0,8.525570193584784,0.417448495669124,0.8622269387716961
139,6.0,13.0,0.9653000256179207,104.0,930.0,84274.0,9.405722020504442,0.4352569120654516,0.9996428107670255
140,6.0,14.0,0.9393175933453728,94.0,1079.0,84264.0,11.234082651931061,0.4338118659549429,0.9996728808329275
141,6.0,15.0,0.952972718437777,117.0,996.0,84287.0,8.663261825178486,0.4404318925216111,0.9996567501334493
142,6.0,16.0,0.9668610980970951,111.0,1094.0,84281.0,11.141253342912952,0.4394916381185999,0.9996536860671009
143,6.0,17.0,1.0146608711979335,85.0,927.0,84255.0,11.906689644728845,0.42591388877734304,0.9996544407884345
144,6.0,18.0,0.8924438050443582,123.0,1238.0,84293.0,9.65100378330941,0.4554540825004574,0.9996825517429871
145,6.0,19.0,0.9124364747872824,92.0,1131.0,84262.0,12.848140488158137,0.4424829849523405,0.9996659493014239
146,6.0,20.0,0.9287017506721067,75.0,1162.0,83355.0,18.85258724639829,0.4423566788310519,0.9288908145836676
147,7.0,0.0,0.9334493365608025,127.0,1132.0,79892.0,9.735757954449655,0.4492496614253211,0.9996611866523729
148,7.0,1.0,0.8639680493142443,121.0,1335.0,79886.0,12.48709381609043,0.46241884470525774,0.9995252310483919
149,7.0,2.0,0.9477050226416394,100.0,1057.0,79865.0,12.9424643824633,0.43972262675383356,0.9997430049194687
150,7.0,3.0,0.9884062656621169,122.0,1030.0,79887.0,10.698787810840841,0.44235703967956497,0.9996764378912746
151,7.0,4.0,0.9906142921621015,115.0,994.0,79880.0,10.221893403762685,0.4343039020004874,0.9996789812219191
152,7.0,5.0,0.962618118110603,102.0,1023.0,79867.0,10.645284214670005,0.4403969566692263,0.9996963257556137
153,7.0,6.0,0.9158495608349861,113.0,1141.0,79878.0,13.261588407627642,0.45208202043158296,0.9996414432182629
154,7.0,7.0,0.9128809870111783,109.0,1211.0,79874.0,11.114418277304631,0.45159560769255447,0.9996573619301011
155,7.0,8.0,0.8168961560096683,101.0,1318.0,79866.0,14.13257065700244,0.45551266158170256,0.9980390654413497
156,7.0,9.0,0.8783649239710712,118.0,1252.0,79883.0,10.295163965151456,0.4498994405375869,0.9994305179906452
157,7.0,10.0,1.011405556853403,115.0,929.0,79880.0,8.918623942302723,0.4180784102927233,0.8677168674399166
158,7.0,11.0,0.8863100392233967,111.0,1248.0,79876.0,11.468622018354504,0.4456182755662653,0.9498768603947849
159,7.0,12.0,0.9838795657209003,113.0,1051.0,79878.0,10.9729675866825,0.44103340286978177,0.9996556890520862
160,7.0,13.0,0.9321992740092434,99.0,1182.0,79864.0,13.678010888855264,0.44963388620173084,0.9996583005685594
161,7.0,14.0,0.9614797014977066,102.0,1034.0,79867.0,10.15453937362642,0.4375670724070615,0.9995295262277537
162,7.0,15.0,1.002682133869099,94.0,982.0,79859.0,11.294453573678437,0.426108442925788,0.8740048741210716
163,7.0,16.0,1.0183647764058985,91.0,943.0,79856.0,11.006269565412877,0.437480270119577,0.9995833951150773
164,7.0,17.0,0.9614902609499427,98.0,1052.0,79863.0,11.23253463641628,0.44586758438285956,0.9997176127333198
165,7.0,18.0,0.8968840539791032,121.0,1216.0,79886.0,10.037419461122155,0.4471802881345466,0.9996350632043958
166,7.0,19.0,0.9606654751695323,100.0,1080.0,79865.0,11.20060650603984,0.43150952660584263,0.9997176757163464
167,7.0,20.0,1.0075959579648432,82.0,980.0,78897.0,16.045135717843056,0.42089029432979697,0.8799027845733565
168,8.0,0.0,0.8293804655894279,141.0,1359.0,73007.0,10.203930601623986,0.4607953155165174,0.998158764347632
169,8.0,1.0,0.8861135508108418,123.0,1281.0,72989.0,13.604359915892205,0.45540862206575305,0.9997852313170214
170,8.0,2.0,0.8593339177147357,123.0,1341.0,72989.0,11.940906739629584,0.4621516355553579,0.9996374614405464
171,8.0,3.0,0.9333317153576106,160.0,1121.0,73026.0,7.083752070920259,0.44002162437446224,0.9996572093908227
172,8.0,4.0,0.9094599662045939,120.0,1158.0,72986.0,12.927596090071754,0.4509575948959389,0.9996928122957977
173,8.0,5.0,0.682599621672682,112.0,1745.0,72978.0,11.220718296202179,0.4336198170618166,0.9734647516894999
174,8.0,6.0,0.9214831713464859,126.0,1154.0,72992.0,9.210810049719496,0.4536463196169085,0.9996537140637192
175,8.0,7.0,0.9965212084929602,91.0,1039.0,72957.0,12.726255841862562,0.441876114789164,0.9996487481804972
176,8.0,8.0,1.0363146097301836,100.0,892.0,72966.0,8.752523381433667,0.4276473765079045,0.9996640041315962
177,8.0,9.0,0.9998950488239416,125.0,920.0,72991.0,9.083593585818598,0.4188088137420468,0.8786456697216293
178,8.0,10.0,0.9892045788687207,106.0,971.0,72972.0,9.758060510174028,0.44018287433888215,0.9996774872200102
179,8.0,11.0,0.8308527030159014,98.0,1276.0,72964.0,12.158803299578897,0.45082511013539606,0.9996513735866299
180,8.0,12.0,0.9184659353397637,146.0,1161.0,73012.0,9.192935687586923,0.4471505930200107,0.9996314363119306
181,8.0,13.0,0.9533151773463288,103.0,1132.0,72969.0,12.509516491086975,0.4494327262835762,0.9996476320965525
182,8.0,14.0,1.0012050508034467,97.0,1037.0,72963.0,12.56484312115895,0.43502937443622247,0.9996545871865934
183,8.0,15.0,0.9580380966623674,140.0,1139.0,73006.0,8.765282337024118,0.4436511530190772,0.9996750015472073
184,8.0,16.0,1.0571678291864415,118.0,853.0,72984.0,8.898210398285439,0.4151543205536823,0.8502294661692601
185,8.0,17.0,0.9885896043732181,84.0,1012.0,72950.0,13.78166605981347,0.4376094074177864,0.9996539209938679
186,8.0,18.0,0.9634244329806485,113.0,1081.0,72979.0,12.141933803159892,0.44678928234647475,0.9996685246121804
187,8.0,19.0,1.0417411893377244,97.0,852.0,72963.0,8.649203512652162,0.42764456502305603,0.999714039805766
188,8.0,20.0,0.9945833823311678,108.0,919.0,72050.0,9.446188642996116,0.44016834174139186,0.9996856116196132
189,9.0,0.0,0.9533042234992044,148.0,1177.0,92939.0,10.264296554209702,0.4584750316278531,0.9403488980362329
190,9.0,1.0,0.8781272998207716,134.0,1280.0,97589.0,10.052550091696594,0.46308228948146857,0.9996464991880508
191,9.0,2.0,0.852346868437796,105.0,1390.0,97455.0,12.518512726824234,0.46360478583643705,0.9996391662053112
192,9.0,3.0,0.9174012765268635,143.0,1148.0,89568.0,9.281284389524762,0.45665252011903945,0.9996481769958928
193,9.0,4.0,0.8168534001292715,131.0,1437.0,102089.0,14.938869634191306,0.4565159716029368,0.9919941541708089
194,9.0,5.0,0.8997366473243121,121.0,1198.0,91021.0,10.331947885741096,0.44595608211738724,0.9996438494626412
195,9.0,6.0,0.851100465220957,128.0,1270.0,93011.0,12.118629526663979,0.45620899112631474,0.9996585233057521
196,9.0,7.0,0.9245249306010035,114.0,1152.0,87224.0,10.18346831631483,0.44433149352694123,0.9997103499389737
197,9.0,8.0,0.8668542000423343,103.0,1339.0,96641.0,13.26388128986344,0.459443418899222,0.999641445711022
198,9.0,9.0,1.0087289597675206,110.0,966.0,80729.0,9.448704678453849,0.44548233231757894,0.9996698556081114
199,9.0,10.0,0.8840810754883522,86.0,1291.0,92976.0,16.44087182480133,0.4544074405994337,0.9546863799212351
200,9.0,11.0,0.897897420575976,104.0,1292.0,90928.0,15.566432582561442,0.4553135024159335,0.9645571344221593
201,9.0,12.0,0.9762585739631937,125.0,1064.0,84017.0,12.143755030364096,0.44642731538118907,0.9996821514700573
202,9.0,13.0,0.8661391810234627,105.0,1296.0,93604.0,15.241254130283986,0.4583060412606579,0.9996428799685697
203,9.0,14.0,0.967917170467486,93.0,935.0,76658.0,10.370738533268137,0.4400329321206904,0.9997065013892822
204,9.0,15.0,0.953625890911654,149.0,1131.0,90517.0,10.071737354142874,0.4475695784035023,0.9996338394428373
205,9.0,16.0,0.902295980648185,132.0,1216.0,93857.0,10.773068049587172,0.4490175979302027,0.99971382382667
206,9.0,17.0,0.9621921425084912,93.0,1125.0,85979.0,14.398211976695976,0.43721208067966066,0.9998018620412968
207,9.0,18.0,0.9839029174593283,134.0,1084.0,87661.0,8.783385142119405,0.43971211769557716,0.9997070667824364
208,9.0,19.0,1.0007112480784994,95.0,985.0,79760.0,11.772059024408904,0.4346947842907486,0.9998028569960589
209,9.0,20.0,0.9826725739083684,114.0,1008.0,85550.0,9.10908765081256,0.4386428694705108,0.9996408456939538
210,10.0,0.0,0.9313673916162253,144.0,1161.0,95660.0,8.92791805491982,0.45824632845972646,0.9996656765414605
211,10.0,1.0,0.8875009106454372,128.0,1386.0,95644.0,11.57334396365362,0.4670947452854297,0.9996427261823128
212,10.0,2.0,0.9012998820078753,134.0,1359.0,95650.0,15.563660933065853,0.4647652911236071,0.9996692912694249
213,10.0,3.0,0.9411320043937901,143.0,1085.0,95659.0,9.840775882102859,0.45205338107183346,0.9393641462843874
214,10.0,4.0,0.9678472642582769,144.0,1072.0,95660.0,9.013290871905014,0.44980671987434473,0.9997443051863447
215,10.0,5.0,0.9527340050586262,98.0,1070.0,95614.0,11.520638043776884,0.4577267847920633,0.9997077825490408
216,10.0,6.0,0.9240562492671613,129.0,1193.0,95645.0,10.208526262084154,0.44651456667893386,0.9345583402816408
217,10.0,7.0,0.9162030022495,127.0,1320.0,95643.0,13.181400455538636,0.4558806774633364,0.9996518175808193
218,10.0,8.0,0.8027470316697919,111.0,1389.0,95627.0,12.212719502221711,0.4527940584699808,0.9976325792852302
219,10.0,9.0,1.008487191839307,135.0,1026.0,95651.0,8.105678327309429,0.45102585959519403,0.999654303529076
220,10.0,10.0,0.9295616494535435,106.0,1159.0,95622.0,10.961671412479355,0.46273325862110604,0.9996911760040883
221,10.0,11.0,0.9311563831240828,106.0,1212.0,95622.0,12.350172103132225,0.4659289626617965,0.999701601750584
222,10.0,12.0,0.9612579914096329,133.0,1063.0,95649.0,9.889077639118566,0.4423563946919302,0.9996664675974781
223,10.0,13.0,0.9121662038161387,98.0,1174.0,95614.0,13.613772717415173,0.4497929923156876,0.9996685352233191
224,10.0,14.0,0.8532154000838474,102.0,1186.0,95618.0,10.93560217433435,0.45005173190095593,0.999664141592909
225,10.0,15.0,0.9259749000923896,110.0,1102.0,95626.0,10.79230902331471,0.4539415935295381,0.9997027864673699
226,10.0,16.0,0.9266618675156808,126.0,1090.0,95642.0,8.95396060746278,0.4505181141730694,0.9328617343164083
227,10.0,17.0,1.0054590569049437,92.0,1038.0,95608.0,11.934618477542374,0.44643563169767175,0.9996788084802873
228,10.0,18.0,0.892898493014979,127.0,1277.0,95643.0,11.953115929954905,0.4534062466668688,0.9997209461860258
229,10.0,19.0,0.9134715610195521,136.0,1196.0,95652.0,12.136092763082369,0.44492762130566665,0.929061428203378
230,10.0,20.0,0.8957841981119385,118.0,1277.0,94748.0,12.312418444798238,0.4526533957056421,0.9997223146576424
231,11.0,0.0,0.9462626267069965,125.0,1148.0,82219.0,11.24603686671981,0.4634575192340892,0.9996634869125954
232,11.0,1.0,0.9960467952500083,134.0,1075.0,82228.0,8.888254999133487,0.45472059331406656,0.9996696780423653
233,11.0,2.0,0.9744193906045495,105.0,1071.0,82199.0,13.558940502583264,0.459329412749931,0.9997257424734135
234,11.0,3.0,0.9517848682780059,135.0,1151.0,82229.0,10.069786756182607,0.4592374923465201,0.9996774854053685
235,11.0,4.0,1.0147469249189132,109.0,969.0,82203.0,9.806693858895693,0.4421823222857977,0.9996324063641875
236,11.0,5.0,0.8972614224250793,87.0,1217.0,82181.0,15.407183763804989,0.4644676971726587,0.9996460546705221
237,11.0,6.0,0.9840796683550791,153.0,1014.0,82247.0,6.921415159847047,0.4479983659684056,0.9997817350932102
238,11.0,7.0,1.015171917348875,125.0,967.0,82219.0,12.13409043012617,0.43952713041794345,0.9996690388962183
239,11.0,8.0,0.9169945233507664,116.0,1156.0,82210.0,12.791227052934403,0.45230627810501645,0.9996882958528801
240,11.0,9.0,0.9447282520238687,152.0,1146.0,82246.0,7.398779003972142,0.464876655598491,0.9996832772498124
241,11.0,10.0,1.0218824050248014,88.0,952.0,82182.0,12.19667980230736,0.45304898299548235,0.9996621106713547
242,11.0,11.0,0.9743472466671578,96.0,1097.0,82190.0,11.571854354481507,0.4624127755998405,0.9996618811200532
243,11.0,12.0,0.9839418058014482,118.0,1029.0,82212.0,9.188722023772597,0.44713441187070435,0.9996566593084091
244,11.0,13.0,1.002092004372568,106.0,961.0,82200.0,9.466045691088354,0.44596156788680963,0.9996945668057928
245,11.0,14.0,1.003875036457972,84.0,1043.0,82178.0,14.234954416470648,0.44508764792103417,0.999653711530894
246,11.0,15.0,1.0072026427073721,94.0,977.0,82188.0,11.323407360996072,0.44811983976631753,0.9996900497387686
247,11.0,16.0,0.9956463498381098,88.0,1010.0,82182.0,13.480760629938244,0.45057494451922253,0.9997091232150918
248,11.0,17.0,0.9999345084921403,111.0,987.0,82205.0,9.590621062361016,0.45166100526819775,0.9996830425018381
249,11.0,18.0,0.9435092286977882,136.0,1086.0,82230.0,8.281703256330404,0.44968887927478196,0.9996923488723973
250,11.0,19.0,0.9961912661299541,129.0,1049.0,82223.0,9.58817181365805,0.44665491409555436,0.9996776458561311
251,11.0,20.0,0.9843766903953384,114.0,1001.0,81282.0,9.62516562062754,0.43026149587677376,0.8942877456136307
252,12.0,0.0,0.9742842367548161,123.0,1099.0,80274.0,8.811941814353432,0.4569270524721859,0.9996646086596673
253,12.0,1.0,0.9952949599079327,108.0,1002.0,80259.0,10.45419222318975,0.4324153981049009,0.8851830057346823
254,12.0,2.0,0.9883169952321007,75.0,1056.0,80226.0,13.860285585391154,0.45331253610314093,0.9996772201870698
255,12.0,3.0,0.9599010140579808,127.0,1139.0,80278.0,14.698831617275916,0.4577088513354298,0.9997489623397826
256,12.0,4.0,0.962504618940804,125.0,1076.0,80276.0,8.70226628574057,0.4523273174965168,0.9996615857266467
257,12.0,5.0,0.9088924329341718,98.0,1181.0,80249.0,13.33881794992089,0.4594071301701085,0.999697171443923
258,12.0,6.0,0.97760206209991,109.0,1101.0,80260.0,12.66543704968363,0.4599808631567005,0.9996806260597729
259,12.0,7.0,0.961621378973471,111.0,1150.0,80262.0,16.74310335307469,0.46678259904278807,0.9996652106321496
260,12.0,8.0,0.963112622676711,93.0,989.0,80244.0,10.348419584070845,0.4442059816747298,0.9996654259679845
261,12.0,9.0,0.9703776436396219,114.0,1104.0,80265.0,10.343897904877556,0.4578521345516554,0.9997289386836149
262,12.0,10.0,1.059311874561208,98.0,918.0,80249.0,9.909625820874112,0.441040716264111,0.99987035676831
263,12.0,11.0,0.9928206797949531,97.0,1048.0,80248.0,11.111228062045805,0.4566238102773509,0.9996905544840473
264,12.0,12.0,0.9958002108051542,129.0,978.0,80280.0,7.682327297539353,0.4415542215385808,0.9997061396912202
265,12.0,13.0,1.020806151583735,105.0,948.0,80256.0,9.378748969529463,0.44345552519580067,0.9996560155280191
266,12.0,14.0,0.9926484372967619,73.0,1014.0,80224.0,14.720625989878462,0.4419454333206917,0.999710319594112
267,12.0,15.0,1.008444977780468,113.0,1035.0,80264.0,10.645792993263736,0.4536228939161736,0.9996648715939542
268,12.0,16.0,1.0033865497874357,128.0,1018.0,80279.0,8.534021593785694,0.4460600254525282,0.9997190388638377
269,12.0,17.0,0.9795112053034563,88.0,1014.0,80239.0,12.810248752866196,0.4523803918170384,0.9996760683091108
270,12.0,18.0,1.0633636416249848,111.0,848.0,80262.0,8.286970000963073,0.41041150374304514,0.8328454825244076
271,12.0,19.0,0.9678556388280595,112.0,1067.0,80263.0,9.677020684059439,0.45708271611888507,0.999661429244599
272,12.0,20.0,0.9699259078090576,88.0,1033.0,79388.0,11.51821064416419,0.4571179228796928,0.9996626555603575
273,13.0,0.0,0.9820032793802242,102.0,1091.0,74612.0,10.62945596504361,0.4619794388205596,0.9996574467218826
274,13.0,1.0,1.0029801351699603,103.0,1120.0,74613.0,13.388636525955768,0.46512966708813075,0.9997508576704802
275,13.0,2.0,0.8921457474806695,108.0,1240.0,74618.0,11.85030990414966,0.46477990106056966,0.999769520990539
276,13.0,3.0,0.9790790900145383,129.0,1007.0,74639.0,8.047242002542903,0.45524239681970147,0.9996827577461916
277,13.0,4.0,0.9397165950256013,105.0,1183.0,74615.0,11.759263409097983,0.45821979101756993,0.9996510430278608
278,13.0,5.0,1.048148522210696,103.0,878.0,74613.0,8.89586740174293,0.45308135619518675,0.9996919145010225
279,13.0,6.0,0.9363296331442483,112.0,1111.0,74622.0,11.327898247767584,0.46004733850647017,0.9996852420735641
280,13.0,7.0,1.0019617576982454,96.0,948.0,74606.0,11.139815032519664,0.4517200697152559,0.9996650836966837
281,13.0,8.0,0.90744944520625,104.0,1221.0,74614.0,12.535345846677934,0.45859191240571373,0.9997399711957272
282,13.0,9.0,1.0302916013351016,124.0,914.0,74634.0,9.215673204384649,0.4242018444422886,0.8750574279322176
283,13.0,10.0,0.9967163322627524,92.0,897.0,74602.0,9.526967781856582,0.4379444976310225,0.8811136040646866
284,13.0,11.0,1.010763829483626,98.0,1069.0,74608.0,11.584842581509278,0.454639377472018,0.9996638168731165
285,13.0,12.0,0.962824233928488,109.0,1014.0,74619.0,9.671774980701763,0.45019916234065604,0.9996849728998185
286,13.0,13.0,1.0283924388501486,117.0,838.0,74627.0,7.530533652518577,0.44460509219701505,0.9997362755467405
287,13.0,14.0,1.0425339287618982,101.0,968.0,74611.0,10.092064387353043,0.44469718374090705,0.9997358274915062
288,13.0,15.0,0.9969892123331541,104.0,1025.0,74614.0,10.515600041627641,0.4533100901806868,0.9997428590507405
289,13.0,16.0,1.0226543095217029,92.0,911.0,74602.0,9.89421087456173,0.4298641808369559,0.9996633577652744
290,13.0,17.0,0.9824750568286733,82.0,1104.0,74592.0,14.221182532088326,0.4546888840259308,0.9997215637198431
291,13.0,18.0,1.0370448512532608,104.0,932.0,74614.0,9.771642844402088,0.43789979050492667,0.9996768435746347
292,13.0,19.0,0.9888304751692863,83.0,1077.0,74593.0,14.21610260465036,0.45102175319731796,0.9996770839675281
293,13.0,20.0,1.030949405858274,85.0,898.0,73729.0,10.83651549686555,0.42133016880882423,0.861785588216059
294,14.0,0.0,1.0688226685301474,106.0,838.0,73425.0,9.703984341542693,0.4382460645731081,0.9997218845374918
295,14.0,1.0,1.0585383716529606,93.0,834.0,73412.0,9.773590611543218,0.4339495118248875,0.9997186854843874
296,14.0,2.0,1.0149246886886936,95.0,1014.0,73414.0,10.879052131127999,0.44822893490096294,0.9996608259315636
297,14.0,3.0,0.8930773437514343,135.0,1216.0,73454.0,9.967310691529006,0.4576549882899851,0.9997727578815432
298,14.0,4.0,0.9258828007321173,110.0,1129.0,73429.0,10.934518176880681,0.4594423400476212,0.9997149831728415
299,14.0,5.0,1.0051212011313346,97.0,1029.0,73416.0,13.42136291705655,0.4520989295008163,0.999717087368814
300,14.0,6.0,0.9578449106163744,117.0,1069.0,73436.0,9.172178198879974,0.46167637030291464,0.999665425682798
301,14.0,7.0,1.0445698881908692,95.0,891.0,73414.0,10.027375876788769,0.4376551769728283,0.9996635169335235
302,14.0,8.0,0.9361645102052751,85.0,1199.0,73404.0,13.722843000359738,0.46788443211284403,0.9996642427810648
303,14.0,9.0,0.9534231329668481,119.0,1080.0,73438.0,8.687037548021058,0.4448537295124777,0.9997567468831259
304,14.0,10.0,0.9801348618428145,89.0,1041.0,73408.0,12.7840066514618,0.45840895711103324,0.9996859616936613
305,14.0,11.0,0.9924610038273058,80.0,998.0,73399.0,14.833322031261924,0.44386257837069365,0.9013873001266369
306,14.0,12.0,0.912324162317427,128.0,1346.0,73447.0,10.21813080983439,0.46881575395527175,0.9996600558726941
307,14.0,13.0,0.9541059526545703,121.0,1115.0,73440.0,9.830111749355119,0.4612634320624568,0.9996424267851627
308,14.0,14.0,0.9067320723078898,108.0,1144.0,73427.0,15.406257407390394,0.45452770013878696,0.9505389968300867
309,14.0,15.0,0.9797691236042942,145.0,1028.0,73464.0,6.9984399583352745,0.4518497716269718,0.9996608063711003
310,14.0,16.0,0.9870104914520964,127.0,989.0,73446.0,8.093575292679576,0.44656133518521957,0.9996880114028996
311,14.0,17.0,0.9882760188826429,90.0,1078.0,73409.0,13.44506746316165,0.45250197367010847,0.9996607386541454
312,14.0,18.0,1.037879929467152,107.0,897.0,73426.0,8.899379515970667,0.42286614746205475,0.8644244962972386
313,14.0,19.0,0.9882406615973287,91.0,1063.0,73410.0,13.31747451481248,0.45466516617178954,0.9997413013514218
314,14.0,20.0,1.0473811995356925,75.0,901.0,72460.0,12.98955038929707,0.4373323944596593,0.9996446716999926
315,15.0,0.0,0.9256875295165153,147.0,1224.0,85028.0,9.66234857030618,0.4615708565538672,0.9996520331253367
316,15.0,1.0,0.907436506955294,101.0,1289.0,84982.0,13.13193045669629,0.45175288167346817,0.9338539213627959
317,15.0,2.0,0.9678299242557207,119.0,1042.0,85000.0,9.436503978964259,0.4573150445440267,0.9997389165831512
318,15.0,3.0,0.7971011353100276,119.0,1527.0,85000.0,11.56248224309347,0.465285343452962,0.9975537937535873
319,15.0,4.0,0.9766137916029498,103.0,1093.0,84984.0,12.281474337336876,0.4611394865883879,0.9996935861242975
320,15.0,5.0,0.9896096936568421,99.0,1070.0,84980.0,13.031033761697875,0.4608632119842009,0.9996612652244797
321,15.0,6.0,0.8934008527319837,111.0,1184.0,84992.0,10.880486467301798,0.47101977549437113,0.9997515315270261
322,15.0,7.0,1.0163312424084172,86.0,973.0,84967.0,12.155924819460997,0.46217665404070396,0.9996633278829012
323,15.0,8.0,1.0461162777295372,83.0,961.0,84964.0,12.982219293620796,0.4512356701846395,0.9996825229431833
324,15.0,9.0,1.0130797863496512,109.0,982.0,84990.0,9.443789845783257,0.45495870976952035,0.9996784453239127
325,15.0,10.0,1.02194455849096,110.0,954.0,84991.0,8.646629747148879,0.4401344128272121,0.9996748431930131
326,15.0,11.0,0.9799746611991427,94.0,1054.0,84975.0,14.425630786093203,0.4506312479331487,0.99965598679179
327,15.0,12.0,0.8982760729564494,117.0,1094.0,84998.0,8.860018479750394,0.4474797018383815,0.9210495439807038
328,15.0,13.0,0.8803338751334256,96.0,1203.0,84977.0,11.759615347551872,0.45565779113970384,0.9997733484444549
329,15.0,14.0,1.0299180108311186,86.0,940.0,84967.0,13.66865127552939,0.44110737910153663,0.9996812191487584
330,15.0,15.0,1.0350192444355204,123.0,945.0,85004.0,8.613612656393324,0.44980617549423085,0.9997078510710069
331,15.0,16.0,0.92636153337765,86.0,1096.0,84967.0,12.847534211539836,0.46020558163556013,0.9996801227401473
332,15.0,17.0,1.0123775354421494,76.0,975.0,84957.0,13.388667056953075,0.4528536782346484,0.9996891751389704
333,15.0,18.0,0.8833780289180081,126.0,1227.0,85007.0,9.262840099787505,0.4567656690851384,0.9996522249026083
334,15.0,19.0,0.9672415914785625,112.0,1038.0,84993.0,11.086045280254064,0.4447854894106883,0.9996811835037089
335,15.0,20.0,0.9778023519927332,105.0,1104.0,84123.0,13.114277526537478,0.44969738859552133,0.9996761499991028
336,16.0,0.0,0.97458107476952,118.0,1057.0,75208.0,8.903202342244201,0.45942379868579675,0.9996529524607366
337,16.0,1.0,0.8504798824600259,92.0,1394.0,75182.0,21.58045956220973,0.468556652360101,0.9918788859912144
338,16.0,2.0,0.9987791496050661,100.0,1041.0,75190.0,10.952782603295972,0.4605860397007031,0.9996579148839946
339,16.0,3.0,0.8966344986194081,154.0,1300.0,75244.0,11.071482695326964,0.46691432385624876,0.9996744675421874
340,16.0,4.0,0.6917247097735704,136.0,1669.0,75226.0,12.444958315617914,0.4477504901741405,0.9995361229317203
341,16.0,5.0,0.8774924075551415,136.0,1239.0,75226.0,12.591774200113115,0.46460611595419377,0.9996433868149163
342,16.0,6.0,1.075449780707401,92.0,819.0,75182.0,9.23324849992673,0.43313859646811925,0.9997917967001301
343,16.0,7.0,1.052407297381769,89.0,857.0,75179.0,9.83119014574317,0.4556678562296861,0.9997087848581098
344,16.0,8.0,1.0514203780347182,78.0,926.0,75168.0,14.670076338345181,0.44669031981592633,0.9996636839869132
345,16.0,9.0,1.0003527989727694,139.0,1001.0,75229.0,7.230469403298378,0.448316779709532,0.9997484694894275
346,16.0,10.0,1.0072834672378816,110.0,984.0,75200.0,9.94121584939599,0.43963306837030525,0.8934460304602808
347,16.0,11.0,0.8991355295750294,94.0,1245.0,75184.0,13.65751974992297,0.45891367520522197,0.9996842973518785
348,16.0,12.0,0.9898231641814179,94.0,1041.0,75184.0,11.334244183500033,0.45801586687038265,0.9997454970773141
349,16.0,13.0,0.9090520095602623,98.0,1128.0,75188.0,10.757765821231175,0.4551394299049183,0.9249245336847199
350,16.0,14.0,0.9838047029830441,78.0,1017.0,75168.0,13.37459625689529,0.45832113103395933,0.9996406249288962
351,16.0,15.0,0.9880214936331161,96.0,1075.0,75186.0,14.39526738923586,0.45510770042492255,0.9996365140162085
352,16.0,16.0,0.9531363771332029,98.0,1021.0,75188.0,10.302817106383237,0.45047504059244614,0.999644922630239
353,16.0,17.0,0.9632862901404324,83.0,1066.0,75173.0,12.535621049529405,0.4465933229420397,0.9996596522540553
354,16.0,18.0,0.9465169403055301,112.0,1142.0,75202.0,12.53879818946595,0.4609544791208592,0.9996686668416381
355,16.0,19.0,0.897378388188484,103.0,1251.0,75193.0,13.204238458345323,0.4602803374861719,0.9996435159638706
356,16.0,20.0,0.9902503118923633,92.0,963.0,74308.0,10.115464679404118,0.44598748342599037,0.999662701033849
357,17.0,0.0,0.8199819927190323,154.0,1440.0,75429.0,10.009938089795675,0.468491650277041,0.9988151648572817
358,17.0,1.0,0.9275984132385284,115.0,1187.0,75390.0,12.615523640378498,0.4705760437447798,0.9996646819173797
359,17.0,2.0,0.8105669147332311,117.0,1510.0,75392.0,13.92901897118611,0.4656959958157525,0.9976413708788321
360,17.0,3.0,0.8946045042413626,137.0,1269.0,75412.0,8.99733095516939,0.4672804898038524,0.9996982850688594
361,17.0,4.0,0.8891574885588696,110.0,1252.0,75385.0,11.676874935321678,0.4630567760772597,0.999661399403548
362,17.0,5.0,0.8965897275309433,89.0,1207.0,75364.0,13.44294989731038,0.46534302606146927,0.9553075014197067
363,17.0,6.0,0.8373985332512979,138.0,1308.0,75413.0,10.558029667678667,0.4632495475015226,0.982625254264892
364,17.0,7.0,0.8702157942074902,133.0,1403.0,75408.0,11.451053584866585,0.4671572742016955,0.999724917452111
365,17.0,8.0,0.8070837274889959,83.0,1491.0,75358.0,16.049298129081965,0.4612297326465825,0.9997243972400928
366,17.0,9.0,0.984762207039703,117.0,1057.0,75392.0,9.022720541334731,0.4517032714205601,0.9996742563971507
367,17.0,10.0,1.0152589494442543,104.0,969.0,75379.0,10.5555507862989,0.4484066190178868,0.9996978137377039
368,17.0,11.0,0.9893025986650554,99.0,903.0,75374.0,11.676344313888139,0.42188150970411353,0.8657228324472752
369,17.0,12.0,1.0587323362900254,100.0,864.0,75375.0,8.834010568310651,0.4394189825801198,0.9996591366819
370,17.0,13.0,1.0265132239458454,89.0,1001.0,75364.0,11.990487891103347,0.449922648444087,0.9996827076673269
371,17.0,14.0,1.0330435858793678,80.0,858.0,75355.0,10.586966503355523,0.4416075422428607,0.9996543040633917
372,17.0,15.0,0.9744636291990951,134.0,1114.0,75409.0,9.475141967373032,0.4437006146322633,0.9996679623834119
373,17.0,16.0,1.0315593850216176,118.0,865.0,75393.0,8.534715680462478,0.4191036310350784,0.8616647129307888
374,17.0,17.0,0.913984793674463,91.0,1190.0,75366.0,16.72220307080191,0.45209830381500793,0.9996356643885052
375,17.0,18.0,0.977205006535284,104.0,1037.0,75379.0,9.859793793166688,0.4651890461869619,0.9996773691020151
376,17.0,19.0,0.9962851161726777,101.0,1079.0,75376.0,11.861450273033022,0.45537510928937897,0.9188139669617286
377,17.0,20.0,1.0416304718580076,80.0,921.0,74458.0,12.901467018978005,0.45603103559800684,0.9996836894035004
378,18.0,0.0,0.9221505048155179,119.0,1221.0,83231.0,10.758328762259758,0.464162203203788,0.9996715595427285
379,18.0,1.0,1.0007609184427335,101.0,1077.0,83213.0,10.773592106076114,0.4669627095973581,0.9996666712457487
380,18.0,2.0,0.9992919589363742,99.0,1045.0,83211.0,11.011676028456664,0.46129007223329765,0.9996502289996329
381,18.0,3.0,0.7582256905245239,143.0,1483.0,83255.0,10.64444786169726,0.4587021600493084,0.9997339659275343
382,18.0,4.0,0.9121560497813859,143.0,1271.0,83255.0,10.842313338182267,0.4668622237521878,0.999656712228287
383,18.0,5.0,0.7527903878352115,121.0,1564.0,83233.0,10.676601900607288,0.4606887371820271,0.9988855223993011
384,18.0,6.0,0.9405022584991483,126.0,1197.0,83238.0,9.856489354345308,0.46289119521732636,0.9996601600589458
385,18.0,7.0,0.9170727608916862,114.0,1295.0,83226.0,14.393317726559856,0.4627506244545183,0.9996839870884457
386,18.0,8.0,0.9395762077051201,106.0,1221.0,83218.0,14.06735170979367,0.4643297900656387,0.9996308753974922
387,18.0,9.0,0.9411132747819163,140.0,1230.0,83252.0,9.582102070667263,0.4619391702971498,0.9471235536072948
388,18.0,10.0,0.9764211923138373,142.0,1133.0,83254.0,10.516433019520987,0.4500858874285505,0.9226887575602271
389,18.0,11.0,0.9496620075912288,126.0,1176.0,83238.0,10.660863722176206,0.4581139101638213,0.9996829567793468
390,18.0,12.0,0.8312783110026134,152.0,1473.0,83264.0,12.779621339804843,0.4665782561723971,0.9991594707725052
391,18.0,13.0,0.7676275834080951,131.0,1538.0,83243.0,10.960214594408816,0.4603162998794891,0.9981049129871404
392,18.0,14.0,0.8560622144031131,136.0,1271.0,83248.0,9.463486412455504,0.4650484466328926,0.999666905142748
393,18.0,15.0,0.9201496225352632,122.0,1167.0,83234.0,12.126830678557264,0.4670636297438816,0.9997162640861812
394,18.0,16.0,0.8187630259468435,109.0,1427.0,83221.0,14.540075325648615,0.4637057148874216,0.9989402347470798
395,18.0,17.0,0.9639747190111714,110.0,983.0,83222.0,8.4737539839261,0.44440657984952525,0.9007757033223147
396,18.0,18.0,1.0118651238109098,100.0,957.0,83212.0,10.152306746655235,0.44205260037791294,0.8967071688028343
397,18.0,19.0,0.8809259639997431,80.0,1276.0,83192.0,16.1775108769717,0.46672848547132173,0.9996478471387895
398,18.0,20.0,1.0019148651678282,87.0,1064.0,82306.0,13.482654375617281,0.46308887960441303,0.9997223541892745
399,19.0,0.0,0.9344541228452193,126.0,1171.0,87942.0,9.396989286705098,0.46621114252399665,0.9996684888095542
400,19.0,1.0,0.9508641444978214,111.0,1100.0,89375.0,10.019900416092304,0.45254538049091786,0.9142958465881111
401,19.0,2.0,0.9818658942463676,87.0,1106.0,85140.0,20.24436439487697,0.4534692198860816,0.9116157082349345
402,19.0,3.0,1.0495193706222745,97.0,926.0,78581.0,10.344896861317853,0.4476724505108146,0.9996875036035326
403,19.0,4.0,1.0701734765902686,102.0,835.0,74153.0,8.77674803309833,0.4341234712531391,0.9997944084450363
404,19.0,5.0,0.9616688706658441,86.0,1157.0,83408.0,16.73550204293718,0.4677544569443338,0.9997474034510561
405,19.0,6.0,1.0105943165080782,115.0,1015.0,83355.0,9.903841644330875,0.45145880447769315,0.9997449940693435
406,19.0,7.0,0.9487181115771157,103.0,1156.0,88215.0,11.745802920893818,0.46454036040018076,0.9996658045855301
407,19.0,8.0,0.8649640739039484,106.0,1291.0,94545.0,12.91354347928189,0.46419813644618235,0.9996393045813284
408,19.0,9.0,0.9195222841488438,125.0,1257.0,95912.0,12.50267182102718,0.46655413352344643,0.9996719442408342
409,19.0,10.0,0.9703880965154619,108.0,1174.0,91187.0,11.990451318783599,0.46270390760617375,0.9996443693718675
410,19.0,11.0,0.9394222468272044,117.0,1211.0,93248.0,13.633124873583107,0.4725737155514109,0.9997390177186113
411,19.0,12.0,0.8639923721593112,150.0,1322.0,100611.0,9.47730224250361,0.4662957476206727,0.9682490134928394
412,19.0,13.0,0.9120377803704742,131.0,1282.0,96062.0,11.003435892578679,0.4651373238199261,0.999686149312158
413,19.0,14.0,0.7463622217562847,111.0,1550.0,101338.0,12.43270181189344,0.4604062904117383,0.998249517851442
414,19.0,15.0,0.8077817579679817,140.0,1508.0,104542.0,9.82033885553358,0.46616360013938507,0.9977520357350896
415,19.0,16.0,0.8552749157114601,118.0,1299.0,94158.0,11.15311109184186,0.46928526392465475,0.9820589805754856
416,19.0,17.0,0.8893878300769447,92.0,1225.0,89419.0,14.53305945666272,0.46066866066754,0.9631914823271182
417,19.0,18.0,0.9941006520289081,127.0,1128.0,91358.0,9.083343797666208,0.459929376852943,0.9996451177296576
418,19.0,19.0,0.9427879764520447,110.0,1179.0,90955.0,11.07725551355214,0.4623493841369506,0.9997075965276818
419,19.0,20.0,0.9979445299952925,89.0,1017.0,82951.0,12.367918345591171,0.4439477159259131,0.9132044320984425
420,20.0,0.0,1.0058925521029092,111.0,1001.0,91903.0,10.327898705883195,0.4505548203497691,0.9996452730828794
421,20.0,1.0,0.8885609375132606,94.0,1226.0,91886.0,13.502126649650494,0.46081346661461164,0.9996415785669638
422,20.0,2.0,0.9961491538743656,105.0,1120.0,91897.0,11.126864797237532,0.45960591085406477,0.9996501309375054
423,20.0,3.0,0.8904764345742333,168.0,1354.0,91960.0,8.640954534527246,0.4695527559957906,0.9997114011448438
424,20.0,4.0,0.8023082443515348,111.0,1469.0,91903.0,12.813490187403696,0.46384626485730585,0.9985482026262352
425,20.0,5.0,0.7570477883198274,90.0,1467.0,91882.0,14.619423599860765,0.46193346855387263,0.9976365922403617
426,20.0,6.0,1.0348271152051285,122.0,894.0,91914.0,8.27667290411845,0.4414503046277123,0.9996662964360158
427,20.0,7.0,0.9727882420208109,109.0,1085.0,91901.0,11.633651671176883,0.46666341163842195,0.999731603480869
428,20.0,8.0,0.9377074348075688,102.0,1133.0,91894.0,10.926907319755903,0.4697913631665612,0.9996698929843383
429,20.0,9.0,0.9830541228905199,134.0,1097.0,91926.0,9.594469241539203,0.4590724067358686,0.9997445631740539
430,20.0,10.0,0.9232029779270001,118.0,1163.0,91910.0,10.004228135839712,0.4661235385770903,0.9996629488890356
431,20.0,11.0,0.8619612417897863,110.0,1342.0,91902.0,11.682569036137828,0.4662154400814963,0.9997181930319969
432,20.0,12.0,0.9616875020178507,142.0,1180.0,91934.0,9.46014837024415,0.4621752275087857,0.9996572303489933
433,20.0,13.0,0.9713509585918363,101.0,1109.0,91893.0,12.087246216212876,0.4570352736825881,0.9996974489178366
434,20.0,14.0,0.9138088448184758,112.0,1265.0,91904.0,14.750101541652734,0.464889255410201,0.9998055899152519
435,20.0,15.0,0.9568438989242003,114.0,1154.0,91906.0,10.283012118006164,0.46602126293669677,0.9996600092335755
436,20.0,16.0,0.9710212627117216,102.0,1188.0,91894.0,12.823396510689824,0.4628732195922295,0.999663539113493
437,20.0,17.0,0.9393627408706737,98.0,1149.0,91890.0,11.523217215445394,0.4642772665906145,0.9996623490595469
438,20.0,18.0,0.7441163024123074,153.0,1544.0,91945.0,10.033620516235558,0.4616970499973808,0.9993660072205505
439,20.0,19.0,0.8702906930872238,143.0,1349.0,91935.0,11.843624914616598,0.46606056854656375,0.9836301366301775
440,20.0,20.0,0.8856232197544797,116.0,1247.0,91037.0,11.477841141831973,0.45842882594781187,0.9996636687078132
441,21.0,0.0,1.0005399822563377,113.0,1034.0,92036.0,9.540255947789804,0.46276253787291544,0.9997402067616056
442,21.0,1.0,0.9854496735648114,108.0,1047.0,92031.0,9.435975739815094,0.4550932201386413,0.9997251141698403
443,21.0,2.0,0.9255709882641694,87.0,1147.0,92010.0,12.753806038913934,0.46700224834183823,0.9996491497580133
444,21.0,3.0,0.9042884678827534,144.0,1296.0,92067.0,10.170184933123608,0.46850486278606707,0.9996632478819952
445,21.0,4.0,0.9231981218284806,116.0,1266.0,92039.0,12.657400101230673,0.4715913968920341,0.9996984613444838
446,21.0,5.0,0.9060706053030091,108.0,1238.0,92031.0,12.451513051149847,0.47135479502443545,0.9996687658768566
447,21.0,6.0,0.9084707960325693,113.0,1249.0,92036.0,10.834094705065338,0.4707234156221899,0.999643431775251
448,21.0,7.0,0.9723195664128146,92.0,1049.0,92015.0,11.301639660683527,0.4540044116720412,0.9096080224166384
449,21.0,8.0,1.0694694138825585,110.0,792.0,92033.0,8.493348865309796,0.4255146714403615,0.8430935508394444
450,21.0,9.0,0.8264942908878848,124.0,1321.0,92047.0,9.701005498188774,0.4643065768072131,0.9996373592835529
451,21.0,10.0,0.9475097439036161,121.0,1226.0,92044.0,12.601112328033102,0.4544099140538146,0.939479867806149
452,21.0,11.0,0.791408505988692,111.0,1426.0,92034.0,12.89608876827755,0.46395902430880076,0.9997100388174758
453,21.0,12.0,0.9817264039817849,119.0,1065.0,92042.0,9.216782842240582,0.4556999460067913,0.9996546474904386
454,21.0,13.0,0.8291019927984491,94.0,1332.0,92017.0,14.053907965093119,0.46707640103261105,0.9944249634754752
455,21.0,14.0,1.006237535821404,90.0,1006.0,92013.0,11.760619528621561,0.4466795022050063,0.9996502698168903
456,21.0,15.0,0.9187209229112733,134.0,1267.0,92057.0,11.195518821908351,0.4626421876440765,0.9996472036402966
457,21.0,16.0,0.9134443931902758,127.0,1199.0,92050.0,11.51903859851504,0.47047432771612263,0.9997028389072745
458,21.0,17.0,0.9249535306869363,109.0,1251.0,92032.0,12.899121642141443,0.4666225662206688,0.9997125971169168
459,21.0,18.0,0.97369998010216,100.0,1146.0,92023.0,12.793134656361977,0.46394095077616815,0.9997409738195451
460,21.0,19.0,1.0214471852867024,109.0,973.0,92032.0,9.803336546999084,0.4503123114273915,0.9997374971896669
461,21.0,20.0,0.9183758767586135,92.0,1272.0,91201.0,14.816869592774907,0.46639039119275916,0.9996539844934884
462,22.0,0.0,0.9688395658707466,136.0,1144.0,81442.0,8.904432784910002,0.4593297454318701,0.9996754916275028
463,22.0,1.0,1.0187766644470162,110.0,950.0,81416.0,9.462959055098318,0.4523792098244517,0.9996526652535016
464,22.0,2.0,0.9052415176573843,89.0,1292.0,81395.0,15.283826705721486,0.46665874068367064,0.965730050165798
465,22.0,3.0,0.9564305060794711,104.0,1062.0,81410.0,9.972290575231051,0.4624181973326885,0.9996444987648804
466,22.0,4.0,0.9606162360063578,96.0,1216.0,81402.0,13.557726302533196,0.457264770715326,0.9996589857638896
467,22.0,5.0,0.9024522376293189,110.0,1262.0,81416.0,10.766110524369408,0.4713438101472488,0.9997006121977355
468,22.0,6.0,0.9834541569707034,124.0,1023.0,81430.0,9.234701895601958,0.466745283296231,0.9996620859781181
469,22.0,7.0,0.9278390244575487,126.0,1200.0,81432.0,11.15949906130209,0.4720583637214485,0.9997430566818021
470,22.0,8.0,1.0060200374821289,98.0,1092.0,81404.0,11.542852241402123,0.4658978121526015,0.9997180132676994
471,22.0,9.0,0.9735868293365543,125.0,1193.0,81431.0,11.969268298060797,0.4641300288275878,0.9996715776824832
472,22.0,10.0,0.9843426833489964,109.0,1138.0,81415.0,11.964640177967999,0.46231783421585515,0.9996516006277792
473,22.0,11.0,1.0002949556052476,96.0,1104.0,81402.0,13.313785446150156,0.4640614501134641,0.9996652070799984
474,22.0,12.0,0.9922684679612961,119.0,1087.0,81425.0,9.931891652190506,0.4504151484307526,0.9196348280071848
475,22.0,13.0,0.926398008063116,124.0,1263.0,81430.0,13.178729538637318,0.4703775481037039,0.9996450632614767
476,22.0,14.0,0.9599265916476526,106.0,1178.0,81412.0,12.154154292055226,0.4651787190153862,0.9996981308203194
477,22.0,15.0,0.8703294359968682,147.0,1286.0,81453.0,10.63350962034594,0.46217151319842587,0.9996606797956448
478,22.0,16.0,0.8454419295882472,121.0,1353.0,81427.0,11.552864017337404,0.4643871558769267,0.999694301024892
479,22.0,17.0,0.8882503146144218,99.0,1245.0,81405.0,14.985784217428666,0.4656890229748134,0.9996945806211677
480,22.0,18.0,0.9509786532541611,123.0,1133.0,81429.0,9.450445245807465,0.4617629925506732,0.999638535002048
481,22.0,19.0,1.0152741011747128,114.0,1065.0,81420.0,10.26092941880006,0.45278923835503393,0.9996613780680853
482,22.0,20.0,0.9240456099189212,85.0,1147.0,80555.0,13.382808241841618,0.46395587100184377,0.999642454589505
483,23.0,0.0,0.9039642653010416,111.0,1295.0,94058.0,10.871208075645148,0.46736651234677484,0.9997197884940632
484,23.0,1.0,0.9693830767437052,106.0,1100.0,94053.0,12.014249524596616,0.47040656767275346,0.9996635198410536
485,23.0,2.0,0.9998626425765638,80.0,892.0,94027.0,12.672099444622177,0.4330513604089874,0.8702151749322149
486,23.0,3.0,0.9306616367586804,130.0,1228.0,94077.0,9.961081178066747,0.4611551960833168,0.9996415029266715
487,23.0,4.0,0.9290159808648754,139.0,1248.0,94086.0,9.430088296147252,0.4680504635442535,0.999741674914005
488,23.0,5.0,0.9654687528908339,103.0,1116.0,94050.0,12.361658460221678,0.45500768734796837,0.918633281927918
489,23.0,6.0,0.8605982555918361,138.0,1356.0,94085.0,10.243638762317454,0.46947880320440105,0.9997469496632266
490,23.0,7.0,0.9670144936246677,97.0,1090.0,94044.0,11.542590293351141,0.46496238044040417,0.9996788830460714
491,23.0,8.0,0.9805349570640396,127.0,1167.0,94074.0,9.302185444546849,0.45903071590913824,0.9996627215404039
492,23.0,9.0,1.0272697091188134,95.0,1031.0,94042.0,12.693707743471125,0.46427760468809165,0.9997392078002687
493,23.0,10.0,1.0201284110768198,99.0,973.0,94046.0,11.017491983428135,0.45872120567969077,0.9997007433657201
494,23.0,11.0,1.019075960503757,74.0,954.0,94021.0,12.648706065829572,0.4585899372292237,0.9997279432362567
495,23.0,12.0,0.9867043850847372,127.0,1134.0,94074.0,12.18691085841674,0.4611459156860782,0.9997247190214046
496,23.0,13.0,0.991583985880723,111.0,964.0,94058.0,9.546661920973223,0.44034360225451263,0.8935169826492152
497,23.0,14.0,0.974631607772477,112.0,1093.0,94059.0,10.321207261040763,0.4522388107003279,0.9997196608633333
498,23.0,15.0,1.0298681035863841,102.0,977.0,94049.0,10.039017424113998,0.4455350654940954,0.884131195735423
499,23.0,16.0,0.9867625595294542,101.0,1092.0,94048.0,11.579316824294432,0.4622835639988644,0.9996757445231627
500,23.0,17.0,1.0498543475858109,103.0,867.0,94050.0,9.269178795534373,0.4472034621653883,0.9996545497344629
501,23.0,18.0,0.904688568992597,117.0,1139.0,94064.0,9.37593354303126,0.45888105668587686,0.939220229854169
502,23.0,19.0,0.7903506821707884,103.0,1423.0,94050.0,13.138874073672497,0.4634505636305989,0.9996513774724313
503,23.0,20.0,0.852707249671804,113.0,1210.0,93135.0,9.903590140624187,0.46045740627055953,0.9662004173274203
504,24.0,0.0,0.9434399775448442,120.0,1106.0,99626.0,9.585923852952709,0.47046115159634216,0.9996400788857515
505,24.0,1.0,1.021175178507594,92.0,1030.0,99598.0,12.354371937122494,0.46924364080721326,0.9996539768543434
506,24.0,2.0,0.9776415559953927,96.0,1112.0,99602.0,11.642882666641903,0.4685806004301458,0.9996396738693727
507,24.0,3.0,0.9879768638237536,140.0,1154.0,99646.0,9.153880484805192,0.46210327373830373,0.9996457856378826
508,24.0,4.0,0.7577712599886803,134.0,1470.0,99640.0,9.248947920751647,0.4577659221243191,0.9991950337020222
509,24.0,5.0,0.836061696692877,98.0,1289.0,99604.0,14.65777172962759,0.46267723633234503,0.9992682706036822
510,24.0,6.0,0.9282362997020217,141.0,1250.0,99647.0,10.401930265597935,0.4680794214693276,0.9997490933483602
511,24.0,7.0,1.0173425300488332,102.0,988.0,99608.0,10.520849253979987,0.4638239077813415,0.9997033573714147
512,24.0,8.0,0.9024969351601236,80.0,1140.0,99586.0,13.752517625989826,0.4630598477429573,0.9997277313559264
513,24.0,9.0,1.013626477397865,122.0,1009.0,99628.0,10.987084321236829,0.459914053792854,0.9996496138696249
514,24.0,10.0,0.9525582509855588,101.0,1086.0,99607.0,11.648782333333065,0.4649649482293835,0.999653837759408
515,24.0,11.0,0.8773318385918043,113.0,1369.0,99619.0,15.348340261700743,0.47225172647695,0.9996438890212421
516,24.0,12.0,0.9619428868773086,107.0,1207.0,99613.0,11.937699220549158,0.4644285428417456,0.9996535395244477
517,24.0,13.0,1.0203925470501163,86.0,1052.0,99592.0,14.79024361536168,0.44478469112354413,0.8949972603860226
518,24.0,14.0,1.0466313967891634,81.0,857.0,99587.0,11.317088188355761,0.43901970164032744,0.9997343398899681
519,24.0,15.0,0.9926999516796986,87.0,1098.0,99593.0,13.272538242953496,0.4707133339557569,0.9996497585258894
520,24.0,16.0,1.0702917533123968,98.0,790.0,99604.0,8.181581691239144,0.4425630258188853,0.9996908775449049
521,24.0,17.0,1.068194704656348,93.0,814.0,99599.0,9.296292603293843,0.44148587380135496,0.9996807838189392
522,24.0,18.0,0.7236724499944133,136.0,1397.0,99642.0,9.601667193482378,0.4546342783907321,0.998884778359716
523,24.0,19.0,0.8697908926069235,130.0,1379.0,99636.0,13.319679827611447,0.46729256741644976,0.9997243205776091
524,24.0,20.0,0.7848298672863412,121.0,1379.0,98728.0,12.817424048799433,0.46173052962270267,0.9972374809280969
525,25.0,0.0,0.8649530606198472,125.0,1359.0,94082.0,13.78303515585629,0.4721353992940768,0.9992920473769525
526,25.0,1.0,0.927047642380898,117.0,1295.0,94074.0,14.830452833142262,0.4698484933619186,0.9996522387374255
527,25.0,2.0,1.0328153394918362,104.0,932.0,94061.0,12.393013370801457,0.45446931516292843,0.9996571039244244
528,25.0,3.0,1.0297767309977122,120.0,952.0,94077.0,8.759475624913241,0.4579526012710333,0.9996961886474548
529,25.0,4.0,1.0695598600778258,107.0,846.0,94064.0,9.798303601184855,0.43669947385243757,0.8667247861695611
530,25.0,5.0,0.9618356553625542,84.0,1126.0,94041.0,14.937040923830565,0.47287190345042074,0.9996575184455078
531,25.0,6.0,0.9901267233173434,120.0,1017.0,94077.0,9.518393767185584,0.46842442738387646,0.9997483962194204
532,25.0,7.0,0.995042281705854,102.0,1028.0,94059.0,10.779118738375772,0.46587508734112293,0.9996671242874723
533,25.0,8.0,0.9887687933242442,82.0,1028.0,94039.0,13.398349443382068,0.4579584379214151,0.9996988916802092
534,25.0,9.0,1.0360005064339806,91.0,914.0,94048.0,9.995900022210627,0.4548753395120354,0.9996864116746623
535,25.0,10.0,1.0586837549034473,105.0,906.0,94062.0,9.07547306704709,0.4527781934653008,0.9996480355855099
536,25.0,11.0,0.9981159969581963,89.0,1047.0,94046.0,12.726803840751026,0.4703656886439753,0.9996591403519128
537,25.0,12.0,1.0107917194618405,133.0,1008.0,94090.0,7.615409704614109,0.4606129822200603,0.9996738889291965
538,25.0,13.0,0.9609679276851102,107.0,1081.0,94064.0,10.685229609324807,0.4699443719718688,0.9996487226924128
539,25.0,14.0,0.9902965796051982,86.0,1060.0,94043.0,12.17816095323185,0.4646909265774988,0.9996721306842232
540,25.0,15.0,0.9691997921077685,115.0,1046.0,94072.0,8.672262640977387,0.4631837182193682,0.9997754100944249
541,25.0,16.0,0.8995190252447853,106.0,1204.0,94063.0,10.56190597305733,0.4674680670283149,0.9996432231784564
542,25.0,17.0,0.9305368397043152,116.0,1164.0,94073.0,12.42048683628787,0.45979662987809056,0.999804623531083
543,25.0,18.0,0.8241223909569488,136.0,1390.0,94093.0,11.449939740409794,0.4644345570063264,0.9997004201421962
544,25.0,19.0,0.8836669671466029,130.0,1309.0,94087.0,10.228228297224888,0.46399927297534727,0.9996644727966897
545,25.0,20.0,0.9677073624403282,113.0,1145.0,93067.0,13.544703175274664,0.4591663881699325,0.9996490775325895
546,26.0,0.0,1.01920450350983,114.0,1009.0,87323.0,9.64351471372204,0.4677695522462796,0.9996448698276231
547,26.0,1.0,0.9707868467796438,97.0,1214.0,87306.0,13.290835380207318,0.47640764405350167,0.9997391576804087
548,26.0,2.0,0.9561089910766241,79.0,1190.0,87288.0,16.83127374542904,0.47962470992762907,0.9997438879256901
549,26.0,3.0,0.9227020474654324,153.0,1219.0,87362.0,10.164074804727386,0.475342959346191,0.9996591168824157
550,26.0,4.0,0.9354004178233082,121.0,1233.0,87330.0,12.667477699847822,0.4685826212251205,0.9997234560200541
551,26.0,5.0,0.9352468800512814,118.0,1194.0,87327.0,11.751750742950927,0.4695020814121216,0.9996634352223043
552,26.0,6.0,0.9615996524079715,100.0,1179.0,87309.0,12.467713951484876,0.47297511805681636,0.9996495778624498
553,26.0,7.0,1.0182222372198466,90.0,939.0,87299.0,11.053762465471435,0.4520275233145268,0.9998615899696213
554,26.0,8.0,1.0538419444923321,92.0,914.0,87301.0,11.170396149298687,0.44523841732664493,0.9996909417170095
555,26.0,9.0,0.9976751964005853,104.0,1059.0,87313.0,12.214994736643751,0.46192868991948455,0.9997327713842201
556,26.0,10.0,1.0139658224541324,104.0,1011.0,87313.0,10.619876065060987,0.4596775244345235,0.9996471522385655
557,26.0,11.0,1.0359549204556948,92.0,1003.0,87301.0,12.834640335620792,0.46235289152110504,0.9996502596127056
558,26.0,12.0,0.9223103052257704,137.0,1302.0,87346.0,10.19270229231451,0.4761821760269296,0.9996618606324233
559,26.0,13.0,0.8367198926187891,117.0,1465.0,87326.0,13.56769370145409,0.472996481110019,0.997776281128189
560,26.0,14.0,1.0033571416945306,117.0,970.0,87326.0,8.736222307489593,0.45264741874350656,0.9996703656011688
561,26.0,15.0,0.9873013110648654,100.0,988.0,87309.0,10.346921929939239,0.46885867860638386,0.9996963357243875
562,26.0,16.0,1.0321188055960133,81.0,847.0,87290.0,10.765983684874046,0.4454106023236416,0.9996752922607821
563,26.0,17.0,1.0353046278192757,71.0,1001.0,87280.0,17.492049143061422,0.4610173952677662,0.9996528760793612
564,26.0,18.0,0.8826215761366685,132.0,1261.0,87341.0,10.24258467769311,0.46894764526935373,0.999694938974494
565,26.0,19.0,0.924925764232875,99.0,1130.0,87308.0,10.883739658297877,0.4640914512208344,0.9996647921916311
566,26.0,20.0,0.910672959958104,97.0,1227.0,86475.0,11.945662008500861,0.46598337770286147,0.9997407590885169
567,27.0,0.0,0.9865561253233195,131.0,1133.0,82693.0,9.129680216520699,0.4737160538275502,0.9996516835052084
568,27.0,1.0,0.9792036122159506,100.0,1073.0,82662.0,10.53298894187474,0.468928198844483,0.9996595084844624
569,27.0,2.0,0.9683659997578933,95.0,1142.0,82657.0,13.550484381907536,0.47180807164804717,0.9996520845508601
570,27.0,3.0,0.9657955714167736,126.0,1169.0,82688.0,10.111779877391724,0.47469800680271446,0.9997158185430588
571,27.0,4.0,1.0057227333691148,116.0,1031.0,82678.0,9.28314559899851,0.4643003963173936,0.9997273529139353
572,27.0,5.0,1.0019833613285611,105.0,1110.0,82667.0,14.199321061932688,0.47343276780777044,0.9996591679263831
573,27.0,6.0,0.9361417561374532,130.0,1101.0,82692.0,8.698581649141326,0.4691214641568078,0.9996554394397285
574,27.0,7.0,0.9765466609128084,114.0,1080.0,82676.0,10.367207212655934,0.45751787069424454,0.9210869880864958
575,27.0,8.0,1.0034741474603845,99.0,1042.0,82661.0,12.524543504716945,0.4623360994346417,0.9996715730543309
576,27.0,9.0,0.9350642673361447,103.0,1177.0,82665.0,12.590331706557746,0.47122887788087675,0.9996556217952982
577,27.0,10.0,1.0043718582716041,117.0,1045.0,82679.0,11.766520388401654,0.46703037761052646,0.999702779253611
578,27.0,11.0,0.9030735159445779,100.0,1268.0,82662.0,13.400705661689395,0.47263654310115855,0.9996721370716531
579,27.0,12.0,0.9228435680737457,157.0,1226.0,82719.0,10.450825940142865,0.4651718063378595,0.9491390063787568
580,27.0,13.0,0.8949474397847126,123.0,1318.0,82685.0,15.653771215105557,0.47363852767124015,0.9996397787912734
581,27.0,14.0,0.8671795973251278,111.0,1312.0,82673.0,16.158303393266625,0.47114266126341964,0.9996338582808603
582,27.0,15.0,1.0198951302154462,133.0,1020.0,82695.0,8.585505955385715,0.46217046576127163,0.9997094971754629
583,27.0,16.0,1.0290221553842642,130.0,1071.0,82692.0,10.108576021690515,0.4613453459764303,0.9996585164179143
584,27.0,17.0,1.022328194664642,85.0,1027.0,82647.0,13.054957787341486,0.45794389988867,0.9996737904201538
585,27.0,18.0,1.0251669276899507,122.0,931.0,82684.0,10.203596660725525,0.46435829003987006,0.9997048684694261
586,27.0,19.0,0.9348924331988169,121.0,1180.0,82683.0,9.982902050089605,0.47629035516321183,0.9996492759688342
587,27.0,20.0,0.9519381943417484,88.0,1122.0,81878.0,13.398176794604893,0.46371173651761777,0.9997511828539294
588,28.0,0.0,0.892046109833686,115.0,1247.0,83719.0,10.635663109825202,0.4703180450590646,0.9996362537766442
589,28.0,1.0,0.9980011210425146,116.0,968.0,83720.0,8.557940679168246,0.46618747506082114,0.9997109399157763
590,28.0,2.0,0.99832251899733,93.0,1011.0,83697.0,12.326643339549898,0.4635899225923642,0.9996963902971059
591,28.0,3.0,0.980511060134085,110.0,1178.0,83714.0,11.260223575404689,0.47494931576926935,0.9996705191651482
592,28.0,4.0,1.0095361203893507,95.0,1000.0,83699.0,13.22249810471049,0.46741532550915366,0.9996525562553086
593,28.0,5.0,0.989952580909103,92.0,1054.0,83696.0,12.00881303292931,0.46714356090938647,0.9996556127513498
594,28.0,6.0,1.0243759506072183,116.0,927.0,83720.0,7.8623304431451055,0.45995405688722024,0.9997188651284221
595,28.0,7.0,1.0318222666966452,115.0,972.0,83719.0,8.538279990260085,0.4625283117016056,0.9996386847043945
596,28.0,8.0,1.0544678890118646,97.0,917.0,83701.0,10.22270550952346,0.4530047600786816,0.9996518296888127
597,28.0,9.0,0.9760294422898735,120.0,1136.0,83724.0,11.741445460710205,0.4753130027357616,0.9996654154291587
598,28.0,10.0,0.9580300792801741,106.0,1123.0,83710.0,12.473481091355945,0.4756361010297451,0.9997522201112762
599,28.0,11.0,0.7479807761711503,103.0,1498.0,83707.0,13.246432194904004,0.45854326678647617,0.997514348364468
600,28.0,12.0,1.053192334988215,122.0,890.0,83726.0,7.420348784547289,0.4525594129016983,0.9997507651273736
601,28.0,13.0,1.0598525622204238,102.0,891.0,83706.0,10.126311195385727,0.45346867079160935,0.9996629256599598
602,28.0,14.0,1.0541348939343782,89.0,913.0,83693.0,10.961106246551402,0.4451952429650118,0.9996942300290077
603,28.0,15.0,0.9665087826641501,120.0,1072.0,83724.0,12.265505760525718,0.46121120581433006,0.9996535503675689
604,28.0,16.0,0.9236793703149866,112.0,1164.0,83716.0,10.899396481758378,0.46943363117524906,0.9996728770979254
605,28.0,17.0,0.9494795210188238,113.0,1108.0,83717.0,10.444368495104937,0.46817765353548624,0.9996367549064
606,28.0,18.0,1.0061486831058497,138.0,973.0,83742.0,6.90565638879596,0.4630587907430783,0.9996913176157781
607,28.0,19.0,1.015417503874018,105.0,996.0,83709.0,12.199193578996296,0.4663496235524074,0.9996615920939816
608,28.0,20.0,0.9638201453060196,100.0,1088.0,82870.0,10.951562126284472,0.4672503678998713,0.9996436110025984
609,29.0,0.0,0.9563949997322746,105.0,1179.0,86684.0,11.729539516791881,0.47540079893727905,0.999642835703951
610,29.0,1.0,0.989681443967728,108.0,1109.0,84323.0,12.565502205480705,0.47638414620578906,0.9998349121134731
611,29.0,2.0,0.992355554633426,91.0,1098.0,84218.0,12.13774997371157,0.46553328788649595,0.9996966427916874
612,29.0,3.0,0.9543749769114768,124.0,1147.0,90382.0,9.065859367447878,0.4663697592710435,0.9996646314470455
613,29.0,4.0,1.0376970136092811,103.0,991.0,79128.0,10.156994918940601,0.4622993469660187,0.999664194202456
614,29.0,5.0,0.9651075603817008,92.0,995.0,76664.0,11.085101856681453,0.45539151303143266,0.9996635091684738
615,29.0,6.0,1.0068207567118654,106.0,973.0,78858.0,10.400599230436896,0.4581614408614044,0.9996494237190254
616,29.0,7.0,0.9732377259334773,115.0,1053.0,82396.0,8.893369530249124,0.46670940406256956,0.9996485875507168
617,29.0,8.0,1.0481462824743102,99.0,906.0,73349.0,9.67931785568569,0.44483342462578956,0.9996823535140051
618,29.0,9.0,0.955695772141405,107.0,1123.0,81974.0,11.69640944930938,0.4771718364169537,0.9996665663630162
619,29.0,10.0,0.8173050284603351,117.0,1462.0,99426.0,12.503447220495238,0.46717370957812676,0.9970428722457437
620,29.0,11.0,0.9014716863593581,110.0,1239.0,89891.0,11.033658954903691,0.4752768892869238,0.9996635574186459
621,29.0,12.0,0.9415152073665822,113.0,1111.0,87026.0,10.244198099839577,0.4654231535920553,0.9996500895502366
622,29.0,13.0,1.006502757334543,105.0,901.0,75658.0,10.441996017449567,0.430048656599311,0.8728005191132002
623,29.0,14.0,0.9316052893536918,78.0,1170.0,83545.0,17.373345132029904,0.46578300676379636,0.9996622932346388
624,29.0,15.0,1.021695935560931,110.0,962.0,79020.0,9.982677479450556,0.44530988393132087,0.9997053617399659
625,29.0,16.0,1.0547183492584857,93.0,891.0,74752.0,10.615394424439947,0.4437363603231088,0.9996565209672075
626,29.0,17.0,0.9906018069505202,77.0,1042.0,76354.0,15.471962272452183,0.4591122380033055,0.9996711021405791
627,29.0,18.0,1.0457263001852368,110.0,944.0,79977.0,9.441388276016552,0.45202516546383054,0.9997565005846112
628,29.0,19.0,1.0636667555953352,78.0,851.0,68458.0,10.905822593782096,0.4476302859656668,0.9996568125039791
629,29.0,20.0,1.0373037156646163,67.0,927.0,67304.0,14.767765716079216,0.45690618177362285,0.9996697002509611
630,30.0,0.0,1.0433682914108666,116.0,961.0,81879.0,9.68880667310943,0.45890192701029164,0.9997259687830871
631,30.0,1.0,0.9939535253386134,114.0,1074.0,81877.0,9.216371396328164,0.47409183619321116,0.9996390914311205
632,30.0,2.0,1.0296722720211482,85.0,945.0,81848.0,11.981259979274666,0.45776846095139545,0.9996784123939333
633,30.0,3.0,1.0027236741908279,106.0,1044.0,81869.0,10.093420147354157,0.45791760810763793,0.9996451356323294
634,30.0,4.0,1.0066953374799652,106.0,1064.0,81869.0,13.34855596778558,0.46757980476309724,0.99967783839198
635,30.0,5.0,1.0672668886782144,95.0,806.0,81858.0,8.514600278736209,0.4427578194102064,0.9996794620799195
636,30.0,6.0,1.0030522533442852,120.0,1036.0,81883.0,9.160843055196251,0.46374254378326096,0.9996559278672073
637,30.0,7.0,1.0513226901423347,108.0,927.0,81871.0,8.920447733224341,0.4486087525891206,0.9997573231049462
638,30.0,8.0,0.9981115919610574,107.0,1056.0,81870.0,11.87258916807397,0.4694178904168842,0.99967636563853
639,30.0,9.0,0.990394485156089,115.0,1044.0,81878.0,12.163050309908394,0.4558511862693625,0.9045502429177962
640,30.0,10.0,1.0008743028070848,103.0,1000.0,81866.0,10.576918248238707,0.46107870819891883,0.9996827720636764
641,30.0,11.0,0.9534675151731625,103.0,1059.0,81866.0,10.336695824493537,0.4699210031549844,0.9997203406548225
642,30.0,12.0,0.7983529821187996,158.0,1448.0,81921.0,8.346806542346211,0.46614648875383036,0.9971834187304612
643,30.0,13.0,0.8210801554858871,134.0,1413.0,81897.0,10.81310907998976,0.47035312869713186,0.9988757256930844
644,30.0,14.0,0.8175471620705193,116.0,1395.0,81879.0,15.8771516006927,0.4709689915261325,0.9969907570062221
645,30.0,15.0,0.9525004394653904,96.0,1179.0,81859.0,12.183667868105884,0.474996119537344,0.9996662425155566
646,30.0,16.0,1.0145003678242555,104.0,981.0,81867.0,10.358725565195344,0.464778534778873,0.9996485065124309
647,30.0,17.0,0.9975216327546097,84.0,968.0,81847.0,11.574994551565874,0.44164575232012304,0.879708527457331
648,30.0,18.0,0.9979887163786056,119.0,1169.0,81882.0,14.022143292439916,0.465578657935802,0.999839284650656
649,30.0,19.0,0.9049418281793592,112.0,1173.0,81875.0,9.92458019899781,0.46977527799573104,0.9996482909086025
650,30.0,20.0,0.9877413583890208,93.0,1097.0,81115.0,12.787288670151383,0.4665668462376519,0.9996777811669838
651,31.0,0.0,1.0233308095324458,127.0,1008.0,77234.0,8.684660734795523,0.4577604673730513,0.9042027607035668
652,31.0,1.0,0.9808431103810082,93.0,1009.0,77200.0,11.57524976352208,0.46639869563539493,0.9996551216236059
653,31.0,2.0,0.9960242089259252,84.0,997.0,77191.0,13.6696332597356,0.46369926652393245,0.9996519693147452
654,31.0,3.0,1.0349898310414862,111.0,995.0,77218.0,9.589865688891814,0.46460256135283273,0.9996663739840388
655,31.0,4.0,1.0555142238177235,92.0,867.0,77199.0,9.518228382038261,0.43660446058579605,0.8509724503015081
656,31.0,5.0,1.0737186867664976,96.0,865.0,77203.0,9.297345147739357,0.4549090529307417,0.9997170288473112
657,31.0,6.0,0.8568981781987627,127.0,1303.0,77234.0,10.330495746802923,0.46843613327738565,0.9996411720795636
658,31.0,7.0,0.7978940929923072,131.0,1456.0,77238.0,10.76234538604323,0.46891139203565724,0.996594940902502
659,31.0,8.0,0.8970668612030341,125.0,1266.0,77232.0,11.13977109787639,0.47200838741937623,0.9992828799334261
660,31.0,9.0,0.9280714844523035,124.0,1265.0,77231.0,13.118043388783455,0.4796540832005951,0.9996594697367632
661,31.0,10.0,0.8800109229999993,127.0,1304.0,77234.0,13.368714393304868,0.47060123478198446,0.9703670227698594
662,31.0,11.0,0.9812731895224294,137.0,1136.0,77244.0,9.711454476287164,0.4681740051494033,0.9996584124916922
663,31.0,12.0,0.9816222579902867,99.0,987.0,77206.0,10.538523508486106,0.4650912471360047,0.9997299851546823
664,31.0,13.0,0.9992347723387931,100.0,1010.0,77207.0,11.13144285852693,0.4656565647788694,0.999770643918275
665,31.0,14.0,0.966850190529393,87.0,1138.0,77194.0,15.252211219235699,0.47223024503354905,0.9997137944365053
666,31.0,15.0,1.0536406323391054,101.0,942.0,77208.0,11.081652491885146,0.4523096162644703,0.9996685253400921
667,31.0,16.0,0.9468608575762774,100.0,1126.0,77207.0,12.659594266127385,0.4683915537239698,0.999654020030652
668,31.0,17.0,0.937423742270334,107.0,1234.0,77214.0,12.98676859497003,0.47336972946203504,0.9997387529812946
669,31.0,18.0,0.9589638091062103,108.0,1120.0,77215.0,10.314968116624486,0.4716887956920093,0.9996541830726492
670,31.0,19.0,1.0052179165793373,100.0,1046.0,77207.0,11.309817788882233,0.4542560698798235,0.9067770755837927
671,31.0,20.0,0.9835352829588555,79.0,1032.0,76388.0,12.479434066979413,0.46434787811320577,0.9996777070133767
672,32.0,0.0,0.9797944198474526,127.0,1157.0,108128.0,10.545572460967229,0.47067139662400337,0.9996366291746573
673,32.0,1.0,0.9597350326755156,93.0,1171.0,108094.0,15.833256525620618,0.4675893023323503,0.9996506693479009
674,32.0,2.0,0.9901367920089093,111.0,1028.0,108112.0,9.775614740196685,0.4610706646686831,0.9121144389866651
675,32.0,3.0,0.9466724024723541,114.0,1102.0,108115.0,9.903281727592018,0.46775304984584576,0.9997255780780226
676,32.0,4.0,0.9323977662360691,123.0,1181.0,108124.0,9.639561585868247,0.4727137312979327,0.9996457713408812
677,32.0,5.0,1.0191425649971995,103.0,981.0,108104.0,10.14120653670618,0.4609909585706894,0.9996523648305372
678,32.0,6.0,1.019890123688622,108.0,970.0,108109.0,9.98518494030994,0.4629008880429095,0.9997484029038882
679,32.0,7.0,1.0270574511834387,99.0,979.0,108100.0,11.787349905044797,0.4621478169999268,0.9996691985052836
680,32.0,8.0,0.9714713081626887,87.0,1097.0,108088.0,12.21036776520271,0.4665403163330122,0.999648474977764
681,32.0,9.0,0.9473240461146382,127.0,1157.0,108128.0,9.816488185837855,0.4779482470547559,0.9996554075934494
682,32.0,10.0,0.9457002886424877,114.0,1074.0,108115.0,10.776083790702677,0.4728938915326809,0.999669468195553
683,32.0,11.0,0.9488546322556921,122.0,1105.0,108123.0,9.572039530230969,0.4678132874908618,0.9996502581694611
684,32.0,12.0,1.0194433146878434,113.0,1062.0,108114.0,12.33448627734004,0.4616368874031369,0.9997175697457645
685,32.0,13.0,1.0081265847571315,105.0,1043.0,108106.0,10.438291085098463,0.46600325981934265,0.9996802285531368
686,32.0,14.0,1.0181565737322182,90.0,849.0,108091.0,9.875447467161317,0.43441920046275717,0.859263256702601
687,32.0,15.0,0.9274221397487676,148.0,1163.0,108149.0,8.505352523096537,0.4702124440289418,0.9996485925028883
688,32.0,16.0,0.9051814906023292,122.0,1251.0,108123.0,10.883039118202364,0.47578270979628523,0.9996393569432039
689,32.0,17.0,0.9346756426167231,97.0,1132.0,108098.0,12.467594225330645,0.47161191901713795,0.9996565126351086
690,32.0,18.0,0.8647864343002589,139.0,1377.0,108140.0,12.900948986908498,0.4702970112068091,0.9977960937221282
691,32.0,19.0,0.9444511046323942,124.0,1147.0,108125.0,15.986810454957768,0.4690083987618944,0.9996505101802056
692,32.0,20.0,0.7283580884204452,113.0,1661.0,107337.0,13.68225313920165,0.45703483739137074,0.9984917635745297
693,33.0,0.0,0.982546278059838,121.0,965.0,90940.0,7.991588204982833,0.4591378801138182,0.9996584091831979
694,33.0,1.0,1.00990039313324,115.0,1031.0,90934.0,10.42787941043853,0.46644186611619853,0.9997351935035941
695,33.0,2.0,0.9356358014509467,80.0,1211.0,90899.0,19.749299695962907,0.47662794891371396,0.999682217004969
696,33.0,3.0,0.9621955094827574,123.0,1129.0,90942.0,11.060791509516674,0.47256238935972184,0.9997238497581814
697,33.0,4.0,0.954410556593281,122.0,1085.0,90941.0,9.053798978525315,0.4776509408778272,0.9996565205906581
698,33.0,5.0,0.9973097896964984,106.0,1002.0,90925.0,9.88634512688965,0.4611848400263656,0.999647694503301
699,33.0,6.0,1.0402164053702898,96.0,896.0,90915.0,10.250740543010004,0.4339579293615077,0.8638309244081352
700,33.0,7.0,0.9358098469993326,104.0,1193.0,90923.0,11.392826810672375,0.4721483545298416,0.9997148840622287
701,33.0,8.0,1.008728762204555,90.0,1036.0,90909.0,13.361815282918242,0.46059214883108435,0.999687222204962
702,33.0,9.0,1.0102774978252902,106.0,1036.0,90925.0,11.321328717842583,0.4658960001430924,0.9996756711601482
703,33.0,10.0,0.9932881561977394,113.0,1042.0,90932.0,13.15702268791732,0.45770876693671436,0.915158848778274
704,33.0,11.0,0.9806326210192597,59.0,1069.0,90878.0,17.911640351755022,0.46825757873542384,0.9996610498848442
705,33.0,12.0,0.9863777370248312,104.0,1002.0,90923.0,11.187535067039768,0.44962765165308305,0.8932740838657106
706,33.0,13.0,1.0212324623240647,82.0,1004.0,90901.0,13.158809538999707,0.4652276503182736,0.9996763583104953
707,33.0,14.0,0.8358729774632834,101.0,1280.0,90920.0,12.269022490065362,0.47148298853656867,0.9995262067975029
708,33.0,15.0,0.9491412972460647,118.0,1035.0,90937.0,9.021893716469782,0.46703327814881446,0.9996518902415403
709,33.0,16.0,1.044702087279513,100.0,903.0,90919.0,9.188885701482716,0.4518919736992252,0.9996460638141343
710,33.0,17.0,1.030824280961255,84.0,890.0,90903.0,10.854845307956717,0.4528494654890738,0.9996636603329415
711,33.0,18.0,0.8205409607932506,132.0,1456.0,90951.0,11.728148724688056,0.46690862628940055,0.9988728244564679
712,33.0,19.0,0.9787733084396387,138.0,1087.0,90957.0,8.360944664971019,0.4693290159806188,0.9996721483536298
713,33.0,20.0,0.881722817398134,110.0,1215.0,90127.0,11.301778528524883,0.4719814992373197,0.9632841515283882
714,34.0,0.0,0.9052375275828244,115.0,1295.0,86595.0,10.41941501050943,0.47391416670488695,0.9996533211457554
715,34.0,1.0,0.9955961496678121,105.0,1006.0,86585.0,10.103527255721772,0.4650780913255993,0.9996655106285226
716,34.0,2.0,1.055432770379019,83.0,846.0,86563.0,11.217829927894078,0.4432112114730017,0.9996662917949466
717,34.0,3.0,0.9560506542009721,118.0,1081.0,86598.0,9.942645695279094,0.4672413893736409,0.9256601118081895
718,34.0,4.0,0.9266082554178716,97.0,1229.0,86577.0,14.560486084955414,0.47439674002307775,0.9996536009974512
719,34.0,5.0,0.9605700766032574,109.0,1136.0,86589.0,11.705684027539156,0.47861377069085365,0.99965621927455
720,34.0,6.0,0.9770520063763393,111.0,1085.0,86591.0,10.688586207658071,0.46804406658416253,0.9996703291003125
721,34.0,7.0,1.0041361478810775,88.0,972.0,86568.0,10.832143365358043,0.4595197630646688,0.999644374072209
722,34.0,8.0,1.0554388498240108,96.0,944.0,86576.0,11.679057225896079,0.4592259716370378,0.9997195461924901
723,34.0,9.0,0.99684451264043,126.0,954.0,86606.0,7.759283114802457,0.46672120326074584,0.9996473117173995
724,34.0,10.0,1.0150473626605423,95.0,1088.0,86575.0,13.760100121001875,0.47069638631864374,0.9997027943355191
725,34.0,11.0,0.9892577452210032,87.0,1093.0,86567.0,15.506653604079743,0.46564013169865826,0.999672867512242
726,34.0,12.0,0.9225942103543117,119.0,1202.0,86599.0,12.035560855181153,0.46396731289798654,0.9440161125991595
727,34.0,13.0,0.9977233522607687,106.0,989.0,86586.0,9.43041149176819,0.4648005048586076,0.9997538511010863
728,34.0,14.0,0.8609640885302524,100.0,1359.0,86580.0,14.995734565450219,0.4722210049015493,0.9947793690319539
729,34.0,15.0,0.8158458880658004,127.0,1523.0,86607.0,12.284836529341321,0.46975448882163084,0.9963748439236307
730,34.0,16.0,0.9233659977697426,126.0,1167.0,86606.0,10.326813492636967,0.4719337574126673,0.9997658441571474
731,34.0,17.0,0.8993283913488369,85.0,1305.0,86565.0,26.654529311084534,0.46883921076850943,0.9996824476834798
732,34.0,18.0,1.0164596720140158,129.0,1014.0,86609.0,8.56659244043785,0.46177950428190706,0.9996597404089852
733,34.0,19.0,1.01107618292295,116.0,1042.0,86596.0,10.543152240971347,0.4614056219969833,0.9997041553227192
734,34.0,20.0,0.9038473268434756,97.0,1228.0,85832.0,12.272678997195262,0.47430544175900713,0.9997844109077854
735,35.0,0.0,0.9146764853681633,105.0,1187.0,81938.0,10.8999176273876,0.4768029870360815,0.999692402973903
736,35.0,1.0,1.0290813554306188,97.0,941.0,81930.0,9.695844618161093,0.4530155160292192,0.8817581166050259
737,35.0,2.0,0.9533957757691356,74.0,1031.0,81907.0,13.356442502604944,0.4629972460382673,0.9245706672664261
738,35.0,3.0,1.0024723795459853,126.0,1040.0,81959.0,9.285710358278946,0.46605717888533527,0.9996563776178996
739,35.0,4.0,0.9439838354701888,99.0,1163.0,81932.0,12.840733193010822,0.47445321292078624,0.9996530685851259
740,35.0,5.0,0.970654781752823,107.0,1186.0,81940.0,12.108393165781441,0.4755736975232723,0.9996603918444986
741,35.0,6.0,0.895590702777785,112.0,1327.0,81945.0,13.553651592501836,0.4740180311721929,0.9996524166110622
742,35.0,7.0,0.958570572503161,105.0,1125.0,81938.0,11.020613096067502,0.46923383532398066,0.9996466734136222
743,35.0,8.0,0.8934358719452431,102.0,1288.0,81935.0,13.473005550600385,0.4746801248852063,0.9996403791717623
744,35.0,9.0,1.0083641140273736,125.0,1112.0,81958.0,12.66936682202774,0.47184768943314115,0.9996559007455088
745,35.0,10.0,0.9580808977658222,114.0,1271.0,81947.0,14.180247849043923,0.47534348236695667,0.9997435757216868
746,35.0,11.0,0.9108029397361379,110.0,1263.0,81943.0,13.506826116979388,0.4704458797533032,0.9996412025377565
747,35.0,12.0,0.9242174850297009,128.0,1227.0,81961.0,10.76613256411544,0.4802842632078316,0.9996531936211069
748,35.0,13.0,0.8745884662473355,138.0,1333.0,81971.0,10.331122794855384,0.47066142894796315,0.9993361204493975
749,35.0,14.0,0.8740121779296568,109.0,1245.0,81942.0,12.560244835868668,0.46769438197750146,0.9645536165686683
750,35.0,15.0,0.8867605841569679,125.0,1249.0,81958.0,9.920725871252229,0.471051131125217,0.9996321466055599
751,35.0,16.0,0.897835032980338,112.0,1284.0,81945.0,12.161367716268801,0.47311881650341336,0.9997018055567445
752,35.0,17.0,0.872896163952107,75.0,1236.0,81908.0,17.23533982247697,0.4741723891041165,0.9996647651694415
753,35.0,18.0,1.0174426530741338,111.0,989.0,81944.0,9.387788820772721,0.45205734331825664,0.9996619649662583
754,35.0,19.0,1.0380737806535012,99.0,858.0,81932.0,8.940731907148043,0.4505663337342699,0.9996860584297432
755,35.0,20.0,1.0177649114867187,89.0,1075.0,81124.0,13.925076254005523,0.46911364712152337,0.9996612402063821
756,36.0,0.0,0.9212022134400248,127.0,1189.0,82705.0,9.540477569265322,0.474375131929882,0.9996684361926442
757,36.0,1.0,0.9185842583237221,109.0,1240.0,82687.0,11.258826427394654,0.4736425452754033,0.999643110054049
758,36.0,2.0,0.9452813513969234,103.0,1108.0,82681.0,11.157978808876342,0.466818851886571,0.9996553444764762
759,36.0,3.0,0.840966946947425,109.0,1374.0,82687.0,10.945511028299906,0.475721844537336,0.9985031752724649
760,36.0,4.0,0.9802410398984776,108.0,1163.0,82686.0,12.737247631782159,0.4752846791299109,0.9996659189754795
761,36.0,5.0,0.9211077979697493,93.0,1207.0,82671.0,12.884168278045868,0.47335597547682695,0.9997056682121336
762,36.0,6.0,0.9843818672588571,128.0,1097.0,82706.0,8.924000952792646,0.4744313702019233,0.999647214442551
763,36.0,7.0,0.9381670065853215,119.0,1168.0,82697.0,11.255577099487923,0.47527699630533493,0.9996585151533922
764,36.0,8.0,1.0281574560353595,114.0,909.0,82692.0,8.142774340082243,0.45843681753097576,0.9996836862922844
765,36.0,9.0,0.9481002271243378,122.0,1047.0,82700.0,9.155799934298999,0.46135827358992676,0.9321428979711902
766,36.0,10.0,1.008394267777344,119.0,1056.0,82697.0,9.027611162177955,0.4583782008178231,0.9996664415019033
767,36.0,11.0,1.0031679510714637,119.0,1033.0,82697.0,9.50054548968095,0.4628618803299729,0.9996642826711429
768,36.0,12.0,0.9559961000284731,139.0,1165.0,82717.0,8.6475137740702,0.46728139843340843,0.9996459841214516
769,36.0,13.0,0.9630009916361417,97.0,1111.0,82675.0,12.489482011424727,0.4626380316469524,0.9357652817211057
770,36.0,14.0,0.8648254892267473,95.0,1313.0,82673.0,15.480285247307725,0.4729366430768298,0.9997173274758184
771,36.0,15.0,0.969794657216781,103.0,1130.0,82681.0,11.226490721841914,0.4678425121903612,0.9997260085900879
772,36.0,16.0,0.9167339263845209,91.0,1255.0,82669.0,14.525760202284276,0.48058912439088597,0.9996675691611756
773,36.0,17.0,1.0285890818901846,114.0,1010.0,82692.0,9.813488046140959,0.4591882876645075,0.999656471747293
774,36.0,18.0,0.9315325052192545,129.0,1215.0,82707.0,12.827147877795392,0.47124638112273487,0.9996488155237627
775,36.0,19.0,0.8869508978301747,114.0,1291.0,82692.0,12.242059534768076,0.47398812506571286,0.999665076536918
776,36.0,20.0,0.9659421385154494,92.0,1119.0,81940.0,13.021512012416032,0.47941668548210936,0.9996759944736893
777,37.0,0.0,0.9456670713225648,109.0,1174.0,76900.0,12.233460752392025,0.4708639607970616,0.9996501613849968
778,37.0,1.0,0.9578839385602238,114.0,1115.0,76905.0,10.105978731049275,0.47499120822235563,0.9997289478030328
779,37.0,2.0,1.0116575880525593,104.0,1076.0,76895.0,11.422080211504527,0.4645203075877109,0.9996998321551109
780,37.0,3.0,0.9681899593607954,117.0,1065.0,76908.0,9.221332776336011,0.47631065548735885,0.9996726796896465
781,37.0,4.0,0.9988294397452959,111.0,994.0,76902.0,8.659719655406446,0.46511451810265436,0.9996647609333359
782,37.0,5.0,1.0506657391356913,98.0,899.0,76889.0,9.419150979585746,0.462911931050747,0.9996539506656574
783,37.0,6.0,0.8930239137853939,138.0,1246.0,76929.0,10.721906819278752,0.47766472199301246,0.9996465525154153
784,37.0,7.0,0.8796933782869065,130.0,1310.0,76921.0,11.96276763823788,0.4726712072530225,0.9989449516664274
785,37.0,8.0,0.953902925014996,115.0,1165.0,76906.0,11.334897546417816,0.4704184420388172,0.9996415397572163
786,37.0,9.0,0.973467429926179,112.0,1168.0,76903.0,11.522825131463918,0.4757844210497276,0.9996629103912067
787,37.0,10.0,1.0128389715388737,109.0,1067.0,76900.0,10.029668615578757,0.4705279958669194,0.9996527985204369
788,37.0,11.0,1.0203968792136147,90.0,913.0,76881.0,10.714867521357624,0.4557615063898588,0.9997252293367144
789,37.0,12.0,0.9726270410002151,107.0,1109.0,76898.0,13.38680217744818,0.4679983839337021,0.9996631180611661
790,37.0,13.0,1.0308266277405504,131.0,1030.0,76922.0,8.982845615144614,0.4637328041350871,0.9996770504809834
791,37.0,14.0,0.9934432130136781,87.0,1060.0,76878.0,14.743013884262828,0.4644473784177656,0.9996771399779663
792,37.0,15.0,1.0025978362986951,94.0,1077.0,76885.0,13.040733134848447,0.4727049546518848,0.9997423286863124
793,37.0,16.0,1.043123762201677,90.0,985.0,76881.0,12.819761717111374,0.44668694708361123,0.8769207034031657
794,37.0,17.0,1.0212447563876759,108.0,1016.0,76899.0,10.74442676252641,0.46621915577419837,0.9996790101457681
795,37.0,18.0,0.9115673993726652,135.0,1232.0,76926.0,9.032349459059077,0.4744144292491834,0.9996497888600081
796,37.0,19.0,0.8559166438006105,83.0,1330.0,76874.0,14.441009586140945,0.4684576768843941,0.9957092978415996
797,37.0,20.0,0.995558177641154,102.0,984.0,76084.0,9.751303391484887,0.4685790810404039,0.9996634162399659
798,38.0,0.0,0.8598915775037357,132.0,1304.0,88987.0,9.904534943810171,0.47669138148413615,0.9997211059265062
799,38.0,1.0,0.9483488719177418,95.0,1113.0,88950.0,12.18578448909012,0.4713378395130948,0.9996512788146079
800,38.0,2.0,0.9803673375484161,96.0,1184.0,88951.0,17.887432108490795,0.4732277827944912,0.9996567054761435
801,38.0,3.0,0.9392472594911984,125.0,1123.0,88980.0,10.061038198309658,0.4768808359419914,0.9996352339943921
802,38.0,4.0,1.0614393082217781,90.0,924.0,88945.0,11.393663420686309,0.4602022992961132,0.9996517902698409
803,38.0,5.0,0.9990181229380812,100.0,1074.0,88955.0,10.953593389443684,0.4670900521821122,0.9996642778499402
804,38.0,6.0,1.0344419654604544,93.0,1000.0,88948.0,11.98780564889766,0.45904441960918196,0.9997279820845162
805,38.0,7.0,0.9455351557143772,95.0,1230.0,88950.0,14.867049080075473,0.4720864933095267,0.9547521972645512
806,38.0,8.0,1.0208827311080428,83.0,944.0,88938.0,12.167796468502909,0.4613884539493669,0.9997118977418872
807,38.0,9.0,1.0001156352323401,118.0,1024.0,88973.0,8.588470379416592,0.46383098325381233,0.9996710096552764
808,38.0,10.0,1.030192745200205,100.0,959.0,88955.0,9.96302152758304,0.4566818608757517,0.999702342996927
809,38.0,11.0,0.997606489335598,90.0,1061.0,88945.0,12.893584955739579,0.46994877072669816,0.9996769007320869
810,38.0,12.0,0.9697215628504408,141.0,1185.0,88996.0,8.950645955901544,0.4724870499727304,0.9996992374011673
811,38.0,13.0,0.9700099640742925,89.0,1037.0,88944.0,12.234842128378697,0.4703988294131528,0.9996588961969731
812,38.0,14.0,1.0133035276355618,99.0,1098.0,88954.0,13.637556925845615,0.4676637301731734,0.9996508943198779
813,38.0,15.0,1.0181863249932708,100.0,998.0,88955.0,9.893080925500778,0.46308484817988993,0.9996888303687913
814,38.0,16.0,0.9766298916619816,97.0,1040.0,88952.0,10.174136505100247,0.4666301921019519,0.999667568271422
815,38.0,17.0,0.9788667390816229,83.0,1086.0,88938.0,14.920891708444756,0.47207402630438267,0.9996359112622721
816,38.0,18.0,0.8411351804289884,131.0,1397.0,88986.0,10.516856758135633,0.47078957520344755,0.9997168378231676
817,38.0,19.0,0.981541105355698,117.0,1164.0,88972.0,11.543094887752064,0.4769022778100368,0.9996534813199641
818,38.0,20.0,0.9801165244006077,90.0,1188.0,88177.0,15.911357872511019,0.4723214297724886,0.9996533193898903
819,39.0,0.0,1.0225646156010653,116.0,973.0,77205.0,8.942591297235786,0.4632192622097988,0.9997548606889413
820,39.0,1.0,0.9838120881827901,102.0,1059.0,81000.0,10.629342882488075,0.47169666342437855,0.9996597170116637
821,39.0,2.0,1.06409757759636,105.0,882.0,71591.0,9.52556672451975,0.4515265254438263,0.9996974486799061
822,39.0,3.0,1.0161821796763097,116.0,1040.0,82617.0,9.463098304869586,0.46588212113835215,0.9997356313859009
823,39.0,4.0,1.0050387303911426,114.0,969.0,76206.0,9.216784365744394,0.4728733356679281,0.9996586137291789
824,39.0,5.0,1.0415804602012757,111.0,954.0,77367.0,10.039272136899482,0.468506188731146,0.9996746553677297
825,39.0,6.0,0.7982253402955274,137.0,1524.0,104660.0,12.415697769799152,0.4662101349826929,0.9995389020641958
826,39.0,7.0,0.8535217975468836,90.0,1424.0,96684.0,21.93161204239288,0.47040505596184945,0.9985650818588747
827,39.0,8.0,0.8839556374940092,96.0,1295.0,88939.0,13.534912142098378,0.47567958130460597,0.9996609404909216
828,39.0,9.0,0.9334948748521593,125.0,1180.0,86506.0,9.429910945443703,0.47778428547479557,0.9996429518967824
829,39.0,10.0,0.9809141053666166,115.0,1069.0,84927.0,9.3227114732167,0.46587097214613293,0.9997471917893993
830,39.0,11.0,0.9953576956733805,89.0,1137.0,82407.0,13.47394324191252,0.47183669344341816,0.999646490076795
831,39.0,12.0,1.0067447975849961,121.0,1059.0,84855.0,9.309611934339708,0.4719867669618618,0.9996658827480522
832,39.0,13.0,0.9640328917108001,98.0,1176.0,86927.0,12.060703555817376,0.4734653846797845,0.9997246613687114
833,39.0,14.0,0.9518817842867586,110.0,1164.0,86792.0,10.64654244429702,0.4738692333814656,0.9996518912357308
834,39.0,15.0,0.9829441272742317,138.0,1143.0,89221.0,9.34033785237777,0.475064914113412,0.9996590387138847
835,39.0,16.0,0.9719234938398909,103.0,1174.0,84481.0,11.173886351173863,0.47424869446484186,0.9996526166071859
836,39.0,17.0,1.0322103393469666,98.0,922.0,72659.0,10.251010406040436,0.4534557822532068,0.9997534564568363
837,39.0,18.0,0.8195303338868434,109.0,1416.0,95545.0,14.046276523815683,0.4694133774192897,0.9975818166884289
838,39.0,19.0,0.9887811371896756,125.0,1146.0,88606.0,10.310313934667649,0.47226095700169524,0.999642962957202
839,39.0,20.0,1.0014312451690925,104.0,993.0,76394.0,10.623261230230733,0.4627268369851315,0.9996597846472195
840,40.0,0.0,0.9597574799251493,102.0,1083.0,64931.0,10.618144306127293,0.4730147559261989,0.9996575888180791
841,40.0,1.0,0.9875673136030505,118.0,1087.0,64947.0,10.204757435324531,0.46756934708173314,0.9996592247056925
842,40.0,2.0,0.975840780680644,108.0,1147.0,64937.0,11.956863187222082,0.4725851449230153,0.9996698086700565
843,40.0,3.0,0.9958413422889805,123.0,1096.0,64952.0,9.395829795082875,0.46612407282944446,0.9996892618718384
844,40.0,4.0,0.9668597641870156,114.0,1209.0,64943.0,13.231207582977087,0.47278739894186195,0.9996406864717775
845,40.0,5.0,0.9412186155527664,102.0,1163.0,64931.0,16.746813776538612,0.4635275031092201,0.9426381497753941
846,40.0,6.0,1.0240148440762187,113.0,1017.0,64942.0,10.174111835539762,0.4610441746520785,0.9997471577240714
847,40.0,7.0,1.0069006750395386,110.0,1033.0,64939.0,11.062884817708943,0.4710581266655869,0.9996496175958335
848,40.0,8.0,1.032125889162907,94.0,930.0,64923.0,10.01301246166575,0.4494532532333244,0.9997146120035016
849,40.0,9.0,0.9908910347966648,105.0,1000.0,64934.0,10.44238377153036,0.4605689612129733,0.9996641112333198
850,40.0,10.0,1.0208978207495412,98.0,1048.0,64927.0,12.766516406270208,0.47109438931704395,0.9996366510488872
851,40.0,11.0,1.0310016264373838,85.0,1083.0,64914.0,13.610473562500873,0.4636600470211377,0.9996764567030257
852,40.0,12.0,0.9152293281376109,135.0,1216.0,64964.0,9.787038902032839,0.47395636079827097,0.9987370422866226
853,40.0,13.0,0.9727781560055202,84.0,1091.0,64913.0,14.471613946181298,0.46615605671685634,0.9410923995165976
854,40.0,14.0,1.0317521095870024,90.0,921.0,64919.0,10.340774426299298,0.4542501249771471,0.9997373926507883
855,40.0,15.0,0.9429948605982384,116.0,1176.0,64945.0,12.67609042332299,0.4755483750395648,0.9997222445723157
856,40.0,16.0,1.0377498720657803,97.0,927.0,64926.0,10.852193052720759,0.46319203161595923,0.9996637853457199
857,40.0,17.0,0.977858993055194,110.0,1076.0,64939.0,10.356057099930501,0.46819618764504733,0.9996728581035601
858,40.0,18.0,1.0383370957784956,103.0,935.0,64932.0,9.710924838144527,0.47024817973927446,0.9996468189184363
859,40.0,19.0,1.0552860669094153,71.0,838.0,64900.0,12.13451780509053,0.45620152681055615,0.9996575039736969
860,40.0,20.0,1.0461791323306011,76.0,767.0,64086.0,10.169638459690647,0.44178897286819474,0.9996779640818289
861,41.0,0.0,0.8948712086853987,141.0,1288.0,75637.0,8.3704117293978,0.47700789176346425,0.9996371572387688
862,41.0,1.0,1.0473991258170998,105.0,970.0,75601.0,11.031740751766783,0.4564511643125746,0.9996591281503308
863,41.0,2.0,1.009373271485949,99.0,997.0,75595.0,11.085506462751333,0.46244956811978666,0.999631822804872
864,41.0,3.0,0.9639085617472035,122.0,1154.0,75618.0,10.630639157585977,0.47536032997858035,0.9996488358538179
865,41.0,4.0,0.8304214953951659,99.0,1374.0,75595.0,12.69999278900407,0.4686073549423121,0.9976055547445253
866,41.0,5.0,0.9422672297890164,115.0,1174.0,75611.0,11.36051530834687,0.4743945343621945,0.9996821470491135
867,41.0,6.0,0.9506172569689868,107.0,1138.0,75603.0,11.610442982718615,0.4748218365924485,0.9996646680700357
868,41.0,7.0,1.0029085357503766,116.0,1071.0,75612.0,11.052951186856992,0.46016284774298266,0.9076015116561574
869,41.0,8.0,0.9818358447050841,86.0,1123.0,75582.0,13.284505160175259,0.469670787012866,0.999810388496321
870,41.0,9.0,0.9783001168238881,136.0,1080.0,75632.0,8.965892525880916,0.45932031181333954,0.9149026769988514
871,41.0,10.0,0.9865532096040275,103.0,1111.0,75599.0,10.741289339820801,0.47037997481913785,0.9996651575468074
872,41.0,11.0,0.9635978161999965,105.0,1146.0,75601.0,12.112867564417934,0.4711472494917569,0.9996433225879106
873,41.0,12.0,0.9725371142308228,120.0,970.0,75616.0,7.891029433952802,0.46921091787413827,0.999646006580344
874,41.0,13.0,0.97584352630385,99.0,1098.0,75595.0,13.229651737662772,0.4729423409095964,0.9996832669144343
875,41.0,14.0,1.0117429809817644,95.0,980.0,75591.0,10.604471328853412,0.45634218887030387,0.9996548762552766
876,41.0,15.0,1.0466427811503296,110.0,963.0,75606.0,10.024669262530997,0.456861226273531,0.9996660115351366
877,41.0,16.0,1.0490020284024617,91.0,940.0,75587.0,10.687011146553731,0.46080949873063637,0.9996408917796721
878,41.0,17.0,1.0278915491886063,100.0,980.0,75596.0,9.883621515424585,0.45599031062683104,0.9996767227004116
879,41.0,18.0,1.0291646186244219,118.0,1032.0,75614.0,9.489745089393715,0.46199548688641046,0.9997064104015151
880,41.0,19.0,1.0508523196974067,83.0,905.0,75579.0,11.185697205268786,0.4504683554056579,0.9996699346959594
881,41.0,20.0,1.0233114758398913,89.0,984.0,74793.0,11.303947203912637,0.45747452009478784,0.9996652719568063
882,42.0,0.0,0.95593112285087,135.0,1158.0,80857.0,9.926385726416333,0.4759368236117686,0.9997331989441072
883,42.0,1.0,0.9265937813802698,119.0,1331.0,80841.0,15.877930159739918,0.4795504832552142,0.9997927585636196
884,42.0,2.0,0.9707630122353329,110.0,1083.0,80832.0,10.776394148946006,0.46614781231981695,0.9997338813738268
885,42.0,3.0,1.0244606076383582,95.0,971.0,80817.0,10.84625670416564,0.45873377193713405,0.9997406762458452
886,42.0,4.0,1.0257917857289252,114.0,969.0,80836.0,9.514232129606457,0.46315528893817925,0.9997631844895487
887,42.0,5.0,0.9934369253687703,84.0,932.0,80806.0,12.854459259052506,0.46516584410013784,0.99971858361678
888,42.0,6.0,0.9466343508884085,116.0,1220.0,80838.0,10.805509312076486,0.4731736519432561,0.9996564176238188
889,42.0,7.0,0.9917261972639233,114.0,1058.0,80836.0,9.194276024290268,0.4705400758910476,0.9996582066327602
890,42.0,8.0,0.9995172997220081,92.0,1120.0,80814.0,13.852292765739278,0.46918185217818176,0.9997495266369013
891,42.0,9.0,0.9345912656280804,108.0,1192.0,80830.0,11.8370303105686,0.47303573711529356,0.999679114103385
892,42.0,10.0,0.9668320403617505,103.0,1082.0,80825.0,11.7846927934632,0.47224780538595745,0.9997356901019849
893,42.0,11.0,0.9852577016721811,97.0,994.0,80819.0,10.253964153072596,0.4596021315315243,0.9997111185598301
894,42.0,12.0,1.0586314589976347,110.0,836.0,80832.0,8.041235766709907,0.4448209074468872,0.9996441244931868
895,42.0,13.0,0.9998927223214178,96.0,1062.0,80818.0,12.032980730617519,0.4712094657197532,0.9996771906995557
896,42.0,14.0,1.0397694380698683,88.0,928.0,80810.0,10.577098968611294,0.4565536910399446,0.9996639445773391
897,42.0,15.0,1.0238148566241334,115.0,1008.0,80837.0,9.447949474358074,0.46527700984830944,0.9996572835224996
898,42.0,16.0,1.0165410320525743,112.0,950.0,80834.0,8.647967879947544,0.4603992575005956,0.9996502988224765
899,42.0,17.0,0.9775077596154098,91.0,1135.0,80813.0,16.27970410000742,0.47019965506086425,0.9996707682812459
900,42.0,18.0,1.061818112458671,97.0,844.0,80819.0,8.995505381956592,0.44055085423306184,0.9996919609428767
901,42.0,19.0,0.9945430066320575,81.0,944.0,80803.0,11.586201573690806,0.4600267104580512,0.9996590612610801
902,42.0,20.0,1.014721027978427,95.0,1026.0,79978.0,12.52457201841394,0.4617551679597085,0.9996446184327302
903,43.0,0.0,0.96004429943917,150.0,1230.0,73011.0,9.434849612881047,0.4748632381419118,0.9996765137374831
904,43.0,1.0,0.92007451296552,117.0,1246.0,72978.0,10.762039677736388,0.474665054508842,0.9996641074989944
905,43.0,2.0,0.8882818720412288,113.0,1255.0,72974.0,11.758451640690266,0.4718371986087603,0.9996640610770443
906,43.0,3.0,0.9885759572856768,107.0,1029.0,72968.0,11.137380964750557,0.4683542931144634,0.9996615683974146
907,43.0,4.0,0.9880340413522439,111.0,1059.0,72972.0,10.193787713091773,0.47476391146414254,0.9997238474075901
908,43.0,5.0,1.0525553919956299,83.0,819.0,72944.0,12.617583585723414,0.43100758580895726,0.8404559968246248
909,43.0,6.0,0.9461416246008241,120.0,1148.0,72981.0,8.965549513526481,0.4787205552761191,0.9996490326414738
910,43.0,7.0,0.9766162472614581,139.0,1000.0,73000.0,7.020036076872898,0.4533655102671973,0.9026107074101851
911,43.0,8.0,0.9271307792198403,104.0,1202.0,72965.0,11.78147523728945,0.4784790699194339,0.999703920239979
912,43.0,9.0,1.0359638599439926,125.0,935.0,72986.0,8.59673316083178,0.4526914851398053,0.9997425789771351
913,43.0,10.0,0.9716967590521944,120.0,1097.0,72981.0,9.86568194017968,0.4592534599268929,0.9997340984708472
914,43.0,11.0,1.0375714036217665,86.0,869.0,72947.0,11.227469752653654,0.44949780656103777,0.9998169191086794
915,43.0,12.0,0.9878120639055319,100.0,1116.0,72961.0,12.32255011222683,0.47168986251325606,0.9996455850806223
916,43.0,13.0,0.9774297519332824,82.0,1034.0,72943.0,12.044666428927679,0.4673787213906563,0.9997551394724771
917,43.0,14.0,0.9763466418959053,73.0,1034.0,72934.0,14.032621578611296,0.4648740474535694,0.9997255350329088
918,43.0,15.0,1.0196917035496367,105.0,1004.0,72966.0,9.513165103955778,0.46815040600737323,0.9997045382782161
919,43.0,16.0,1.0231415706539733,86.0,948.0,72947.0,11.440011546279015,0.46188119644265524,0.9996890896541146
920,43.0,17.0,1.0234226808873832,79.0,939.0,72940.0,13.220146955844058,0.46713633254309317,0.9997265844149306
921,43.0,18.0,1.0061799726572287,94.0,1041.0,72955.0,12.5237626436191,0.4648713635254469,0.9997347276248387
922,43.0,19.0,1.0723758622332127,100.0,745.0,72961.0,7.657781442893129,0.439185888485942,0.9996741903527718
923,43.0,20.0,1.0512079473039277,95.0,927.0,72145.0,11.273071226285671,0.46409593314666253,0.999765678066346
924,44.0,0.0,1.028406457726331,135.0,987.0,75884.0,8.04489679903295,0.46080704846083564,0.9997436639114645
925,44.0,1.0,1.0353704744190593,86.0,907.0,75835.0,11.492418292129768,0.45333712432820694,0.9996911496717251
926,44.0,2.0,0.8289670791136552,88.0,1361.0,75837.0,13.615622383491877,0.47184136943079524,0.9996979679513409
927,44.0,3.0,0.9433118102609298,133.0,1227.0,75882.0,9.919271520442182,0.4784671817094105,0.9996456396903541
928,44.0,4.0,0.9460574557506283,90.0,1187.0,75839.0,15.287023591197475,0.47633882816759976,0.9996543183530545
929,44.0,5.0,0.8900637980144064,96.0,1309.0,75845.0,14.862627074257711,0.47202602095225876,0.9674335087855723
930,44.0,6.0,0.9733715958957705,103.0,1023.0,75852.0,10.341396856180594,0.46990521983732125,0.9996641843110934
931,44.0,7.0,1.0535158392194721,96.0,943.0,75845.0,11.048143129540902,0.45435530222120324,0.9996917324250052
932,44.0,8.0,0.9908081485639668,94.0,1020.0,75843.0,12.372541177545836,0.46299581969486947,0.999755736220238
933,44.0,9.0,1.0019745613456934,88.0,1127.0,75837.0,17.49934939050925,0.47321368970731603,0.9996587777210812
934,44.0,10.0,1.0015834091025504,92.0,1043.0,75841.0,11.613087611185613,0.46350078481077506,0.9997862328327207
935,44.0,11.0,1.0155185304825582,83.0,1069.0,75832.0,13.399081849933362,0.46814846002898636,0.9996636611126568
936,44.0,12.0,0.977876502587635,122.0,1078.0,75871.0,10.183230636269911,0.46424918042338426,0.999651425732747
937,44.0,13.0,1.0303636399353886,99.0,974.0,75848.0,11.978412038240108,0.45285182305062355,0.9997219879754675
938,44.0,14.0,0.9720510445132957,95.0,1162.0,75844.0,14.066113830531078,0.47213817811559833,0.9996701746065405
939,44.0,15.0,0.904884500028081,133.0,1176.0,75882.0,11.196167670901533,0.4664575116189281,0.9563451592896796
940,44.0,16.0,0.9703938409672913,136.0,1111.0,75885.0,9.304355779447926,0.47350169110279616,0.9996739306468856
941,44.0,17.0,0.9479012855166582,112.0,1093.0,75861.0,10.49927576746686,0.4610191660516292,0.9996713705376074
942,44.0,18.0,0.9542594524518508,103.0,1127.0,75852.0,10.596881376541887,0.46782809592456853,0.9998771572394217
943,44.0,19.0,1.0259798615073,95.0,921.0,75844.0,9.82380562390694,0.4396240642795647,0.8688830861827069
944,44.0,20.0,0.9927812990026678,87.0,964.0,75001.0,10.693510005900285,0.4548535546098511,0.9997486401559603
945,45.0,0.0,0.9039861629873577,103.0,1251.0,93198.0,11.432114578526177,0.47616184875912226,0.9996614187439821
946,45.0,1.0,0.9700330184468552,123.0,1127.0,93218.0,10.510761489721107,0.4719426656845783,0.9996516180988041
947,45.0,2.0,0.9775710066652012,96.0,1135.0,93191.0,12.2296240465741,0.47555075514652556,0.9997253115980623
948,45.0,3.0,0.9730847438070929,128.0,1050.0,93223.0,12.050990460214656,0.45799785907047486,0.9040297303262385
949,45.0,4.0,0.9847932231977663,121.0,1116.0,93216.0,10.079133725008917,0.4730907917860798,0.9997070062733147
950,45.0,5.0,0.9386365025490546,87.0,1151.0,93182.0,14.053958312432906,0.4773479066485308,0.9997290499879241
951,45.0,6.0,0.9623750104268567,114.0,1159.0,93209.0,10.780908672002939,0.46911590962085903,0.9996862536234111
952,45.0,7.0,0.9917335519644189,94.0,1071.0,93189.0,11.233194129837209,0.4607763327539086,0.9239781055464744
953,45.0,8.0,1.047936399560136,74.0,930.0,93169.0,13.15918128356112,0.44546861116345504,0.9996906389611238
954,45.0,9.0,0.9406326195022872,120.0,1128.0,93215.0,8.971236960797953,0.47234632422807177,0.9997170960793845
955,45.0,10.0,1.0611112723327818,99.0,840.0,93194.0,8.897849214494707,0.4511525574450357,0.9996720825758348
956,45.0,11.0,0.967017452213405,88.0,1051.0,93183.0,11.416662094496353,0.46950807941000905,0.9996750958399772
957,45.0,12.0,1.0091420019899955,100.0,967.0,93195.0,10.536147800696446,0.46154369333328904,0.9996578647527031
958,45.0,13.0,1.027468519881041,100.0,960.0,93195.0,10.335884924689424,0.46693909850794946,0.9997088819828163
959,45.0,14.0,0.9274740406587889,98.0,1247.0,93193.0,11.839487439863989,0.4708340911726626,0.9996783593280939
960,45.0,15.0,0.8507488899061367,111.0,1345.0,93206.0,11.300360300694942,0.4711459857872261,0.998821816320136
961,45.0,16.0,0.8931027727304455,113.0,1240.0,93208.0,11.661130498055398,0.47301599227355995,0.9997323112703503
962,45.0,17.0,0.9339583801830171,121.0,1228.0,93216.0,12.312160036492285,0.46965860983421537,0.9514826957322288
963,45.0,18.0,0.9244248362855445,140.0,1273.0,93235.0,13.713876813348866,0.47928745780484594,0.9996480560779814
964,45.0,19.0,0.9155087474789547,115.0,1283.0,93210.0,14.793262691045934,0.47484900587361745,0.9996616125512595
965,45.0,20.0,0.8655478392063711,116.0,1260.0,92435.0,10.339367029863805,0.4718244493816238,0.9997374382863784
966,46.0,0.0,0.9785106196454474,118.0,1142.0,89858.0,11.4466100617802,0.4718684348759409,0.999653998442107
967,46.0,1.0,0.9195130436654367,111.0,1211.0,89851.0,10.71166448270017,0.4761123241026999,0.9996482949022238
968,46.0,2.0,1.027134545230426,106.0,961.0,89846.0,10.89216547806648,0.46095237185673854,0.9996956312884527
969,46.0,3.0,0.9732908967066753,112.0,1077.0,89852.0,9.741116700198978,0.47181958229167065,0.9997213120308226
970,46.0,4.0,0.989431318868726,104.0,996.0,89844.0,10.261398687518009,0.4664113341229178,0.9997560774737042
971,46.0,5.0,0.9475440069188354,81.0,1174.0,89821.0,16.172208267546253,0.4776727041288227,0.9996545970206582
972,46.0,6.0,1.0035162117919205,113.0,1059.0,89853.0,10.810031542508492,0.4652264746986051,0.9996772284082719
973,46.0,7.0,0.8748809523953947,119.0,1362.0,89859.0,12.901446305960382,0.473473032306845,0.9912448050863991
974,46.0,8.0,1.021450451376197,109.0,944.0,89849.0,9.217578732300103,0.4568703945371976,0.9996632002403713
975,46.0,9.0,0.9544362802547968,118.0,1133.0,89858.0,10.690562134134773,0.4785831576345073,0.9996385644826031
976,46.0,10.0,0.983795751583598,108.0,1071.0,89848.0,10.06140087620527,0.46449082848936774,0.9996738652295465
977,46.0,11.0,0.8448815886203644,84.0,1270.0,89824.0,13.628197011296217,0.472421318867008,0.9996554895548119
978,46.0,12.0,0.9886485595967609,131.0,1152.0,89871.0,13.080337833327917,0.47818352386945384,0.9996901187856401
979,46.0,13.0,1.0277668920418372,130.0,1034.0,89870.0,8.500771067430716,0.4658892112913714,0.9996721854779542
980,46.0,14.0,1.0337555268031604,111.0,922.0,89851.0,9.48101042332135,0.45840937076322485,0.9996661585241691
981,46.0,15.0,1.0439074380649973,111.0,901.0,89851.0,8.583764568615505,0.46062913784653514,0.9996509353608755
982,46.0,16.0,1.046354564716042,95.0,944.0,89835.0,10.322871690586807,0.4539110614151297,0.999671120170222
983,46.0,17.0,1.0002116084896273,92.0,1081.0,89832.0,12.548540235852437,0.47273628916129684,0.9997210377657609
984,46.0,18.0,0.828007406346498,137.0,1382.0,89877.0,11.086123039749928,0.46828464803782033,0.9984463531501391
985,46.0,19.0,0.9052987527557158,110.0,1240.0,89850.0,12.876170080738161,0.47407085948236083,0.9996453854433168
986,46.0,20.0,0.8949361146308805,105.0,1227.0,89112.0,12.05590360834063,0.4708746489689941,0.9996602783844297
987,47.0,0.0,1.0165041328462294,116.0,1048.0,75079.0,11.450290567572358,0.4674820949180588,0.9996590067312454
988,47.0,1.0,1.0703616574822057,103.0,877.0,75066.0,9.40912142673599,0.4442259517462489,0.9996480034942412
989,47.0,2.0,1.0007599012516515,99.0,1108.0,75062.0,14.984782147140784,0.4690000923093255,0.9996978553156372
990,47.0,3.0,0.959690851087244,104.0,1166.0,75067.0,11.086537833033475,0.4677434422878901,0.9316596840120239
991,47.0,4.0,1.0228397091212422,107.0,953.0,75070.0,9.03519036637544,0.46155214303116443,0.9996520391365227
992,47.0,5.0,0.9414185328370481,76.0,1069.0,75039.0,14.096708457090742,0.4634603135395403,0.9250558505733333
993,47.0,6.0,1.009422543532306,111.0,1103.0,75074.0,12.39407614949081,0.4699539932123128,0.9996920866568721
994,47.0,7.0,0.9669242880002168,119.0,1127.0,75082.0,10.946274659324509,0.47520312899859396,0.9996496963555348
995,47.0,8.0,0.9798615681960863,92.0,1076.0,75055.0,14.17923665986688,0.4711684016232035,0.9996578824687241
996,47.0,9.0,1.0261054958026545,127.0,1008.0,75090.0,8.060952803036052,0.46121422246336363,0.999678244388702
997,47.0,10.0,0.9651608012559658,120.0,1138.0,75083.0,10.614438750264059,0.47167567457714366,0.999745614135971
998,47.0,11.0,0.9756263187852918,108.0,1114.0,75071.0,11.799770025873215,0.4704108247226616,0.9996550600006123
999,47.0,12.0,0.923560268940075,116.0,1187.0,75079.0,10.476719080513767,0.4725490638599893,0.9996640427637997
1000,47.0,13.0,0.9343789642850717,133.0,1251.0,75096.0,9.812840520581018,0.4745695600273141,0.9996456071797705
1001,47.0,14.0,0.9492081213850319,136.0,1179.0,75099.0,9.0771723850187,0.47553311020138156,0.9997259279514826
1002,47.0,15.0,0.8949860424606082,124.0,1301.0,75087.0,14.617364998643522,0.47446116598235544,0.9991623718158276
1003,47.0,16.0,0.9556853424102405,112.0,1199.0,75075.0,12.498367319639108,0.47091691692561743,0.9996363950584102
1004,47.0,17.0,0.903296998292829,99.0,1231.0,75062.0,11.805133016105437,0.472996319696784,0.999662359534321
1005,47.0,18.0,0.9767207801552861,108.0,1075.0,75071.0,9.865274197821961,0.4688385611767625,0.9996919018294704
1006,47.0,19.0,1.0464945536022907,109.0,948.0,75072.0,10.35683252216523,0.44199766942691787,0.8758333199136793
1007,47.0,20.0,0.9995808059904995,93.0,981.0,74294.0,10.561635998097751,0.462707716151306,0.9996589003482735
1008,48.0,0.0,0.9490551722224463,104.0,1155.0,83359.0,11.59824606293671,0.4738499689513659,0.999653077230172
1009,48.0,1.0,0.9762357985484966,118.0,1094.0,83373.0,9.729947677469292,0.4658886550836324,0.9997129418846554
1010,48.0,2.0,0.9946833940506847,83.0,1024.0,83338.0,13.748397505801181,0.4621097279775275,0.9996556350597963
1011,48.0,3.0,1.0576217720759984,117.0,894.0,83372.0,8.042097629567355,0.46632498163828595,0.9996476836282024
1012,48.0,4.0,1.0704707026201754,94.0,881.0,83349.0,10.63598771244335,0.44492317153909344,0.9997505514284716
1013,48.0,5.0,0.9855621374974559,90.0,1079.0,83345.0,13.394980760152508,0.47068258441713007,0.9996647500982729
1014,48.0,6.0,0.9193922310568496,113.0,1208.0,83368.0,10.52286391225816,0.47368066781749507,0.9996956539239384
1015,48.0,7.0,0.9805515594537308,126.0,1113.0,83381.0,9.416344626972007,0.46917110955883023,0.9996638058285896
1016,48.0,8.0,0.9618791355577998,98.0,1171.0,83353.0,12.953349703010366,0.46888091016383193,0.9996539254889143
1017,48.0,9.0,0.98717021295882,120.0,1074.0,83375.0,10.949993489450156,0.46988350640431964,0.9996470907509043
1018,48.0,10.0,0.8801979338375359,110.0,1319.0,83365.0,11.960543684053755,0.47499642120376684,0.9759131992385799
1019,48.0,11.0,0.9861623326212556,118.0,1107.0,83373.0,11.290959698092523,0.47382937410866566,0.9996572089695459
1020,48.0,12.0,0.9564206871859255,128.0,1125.0,83383.0,9.846084942211428,0.4704945752855565,0.9996466155083937
1021,48.0,13.0,0.9047110830060793,87.0,1185.0,83342.0,13.52079460414432,0.4772550126758729,0.9997848754925907
1022,48.0,14.0,0.9828762621071447,100.0,1103.0,83355.0,12.2102173112091,0.47571397720130104,0.9997430855226136
1023,48.0,15.0,0.9680908855546944,131.0,1059.0,83386.0,9.010233952916726,0.4694197062671366,0.999655672967075
1024,48.0,16.0,0.968981809688234,109.0,1152.0,83364.0,11.418229312032443,0.4741625283732547,0.9996834866084401
1025,48.0,17.0,0.9530920212545464,96.0,1209.0,83351.0,16.11005975490917,0.47678496153260863,0.9996469920410781
1026,48.0,18.0,0.9738536789559946,97.0,1053.0,83352.0,11.473147066864337,0.46810571918970967,0.999645556779532
1027,48.0,19.0,0.9992515744608599,104.0,1056.0,83359.0,10.979601664628369,0.47033918136969455,0.9996718886230939
1028,48.0,20.0,0.9629144617819467,116.0,1110.0,82569.0,9.462139824849485,0.47877519586074957,0.9996632943210677
1029,49.0,0.0,1.0301489359628202,111.0,1051.0,81804.0,12.00677735984691,0.4674402118735308,0.9996970236010444
1030,49.0,1.0,1.0351750545254912,93.0,974.0,77555.0,11.529908940525033,0.4565850867702411,0.9996557053714903
1031,49.0,2.0,1.0445783518085017,85.0,935.0,72716.0,11.967026991848833,0.45503448936656554,0.9996418987617404
1032,49.0,3.0,0.9236228266398109,120.0,1141.0,88897.0,10.20889634839403,0.4746435806765167,0.9996794585767655
1033,49.0,4.0,0.9695555434520748,109.0,1102.0,84956.0,15.826299668764094,0.4746194533190934,0.9996738386107534
1034,49.0,5.0,0.9926847996046453,89.0,1090.0,80631.0,14.30629063023217,0.4670564552246599,0.999729079737676
1035,49.0,6.0,0.9442770072237419,113.0,1152.0,86528.0,10.121739613388614,0.46440054976592626,0.9217884162574879
1036,49.0,7.0,0.9216128733309492,117.0,1234.0,91324.0,10.636625792314465,0.47571949732857877,0.9996345771116862
1037,49.0,8.0,0.9345656457392382,102.0,1217.0,88560.0,12.209108421011182,0.4720172758375317,0.9996422242081638
1038,49.0,9.0,1.0343610599535575,120.0,958.0,80414.0,7.834816013713265,0.45794488291049995,0.9998283891291164
1039,49.0,10.0,1.0027789644662735,114.0,1027.0,82912.0,8.881037946677493,0.4622817904197434,0.9996671249969248
1040,49.0,11.0,1.018705820296992,73.0,946.0,73823.0,15.721326706708792,0.4469242762242328,0.8886372416651275
1041,49.0,12.0,0.9582229114320883,100.0,1099.0,80161.0,12.091260187078271,0.47169954785878243,0.9996626253005839
1042,49.0,13.0,0.9422572852485236,125.0,1255.0,91371.0,11.896783014568648,0.47427672170380775,0.9996530995229406
1043,49.0,14.0,0.8663306568790128,95.0,1283.0,91879.0,12.724744181229205,0.47095532401856977,0.999641667972089
1044,49.0,15.0,1.0269214405383853,125.0,1029.0,84829.0,9.173297470112017,0.4642925782033337,0.9997331123402781
1045,49.0,16.0,1.0704793134590114,100.0,855.0,71201.0,9.240958544235038,0.4445539253308185,0.9996513800088829
1046,49.0,17.0,1.0307398108277057,95.0,955.0,73791.0,10.691534385993885,0.46179825535701,0.9996767279781718
1047,49.0,18.0,0.9787677276236268,114.0,1002.0,79835.0,9.28555303075146,0.46227384564123797,0.9996681358375781
1048,49.0,19.0,0.9951697751815787,92.0,1057.0,79811.0,13.228364953290473,0.4628557945672639,0.9996788784031755
1049,49.0,20.0,0.8596767307688997,94.0,1403.0,94600.0,16.92775944170607,0.47276284289262616,0.9996426038581896
