,round,tube,sp_div_H,tot_pop_0,tot_final_pop,tot_auc,mean_fc,deg_score,nut_score
0,0.0,0.0,0.4804325095155344,40.0,613.0,61366.0,15.324984675015324,0.2723159571810744,0.9998069959447496
1,0.0,1.0,0.8283406175315734,40.0,661.0,67666.0,16.524983475016523,0.37359853508292074,0.9835444059147214
2,0.0,2.0,0.6540713557812396,40.0,602.0,47854.0,15.049984950015052,0.4026963506391813,0.523629207026024
3,0.0,3.0,0.8646561844657837,40.0,376.0,26443.0,9.3999906000094,0.39789547758146737,0.46890244742302845
4,0.0,4.0,0.3203557965971107,40.0,596.0,41234.0,14.8999851000149,0.5102688043691685,0.6002132766527748
5,0.0,5.0,0.6929060051925873,40.0,618.0,60416.0,15.44998455001545,0.3966515071941642,0.9403456337651663
6,0.0,6.0,0.6876669854941853,40.0,690.0,74243.0,17.24998275001725,0.2862993442018792,0.9360728223806414
7,0.0,7.0,0.5923546348048975,40.0,610.0,55592.0,15.24998475001525,0.2974411851967256,0.9464589627016202
8,0.0,8.0,0.36511489726978386,40.0,571.0,45837.0,14.274985725014275,0.3816753513678467,0.5852138622054097
9,0.0,9.0,0.952383448662762,40.0,697.0,48453.0,17.424982575017424,0.45551623513797157,0.9998703309753407
10,0.0,10.0,1.1227202797370652,40.0,559.0,35610.0,13.974986025013974,0.5786332053260135,0.758374570122546
11,0.0,11.0,1.360058362908549,40.0,334.0,24939.0,8.34999165000835,0.44139015791885394,0.4999999885034714
12,0.0,12.0,0.9158334113307304,40.0,968.0,95670.0,24.1999758000242,0.319321864218566,0.9999185195776035
13,0.0,13.0,1.1514372786513516,40.0,323.0,22676.0,8.074991925008076,0.34194209686169175,0.4145508762822061
14,0.0,14.0,0.884210984504143,40.0,614.0,55433.0,15.349984650015351,0.4197375991820823,0.543101225773083
15,1.0,0.0,1.2340093666091565,56.0,703.0,45903.0,14.408147068300853,0.660670500742834,0.9999005900100149
16,1.0,1.0,0.6993791006031341,37.0,587.0,36353.0,14.502362869557322,0.5334287072556249,0.8045091864152174
17,1.0,2.0,0.9199842026187024,34.0,445.0,32701.0,13.89998687779025,0.5252158925069375,0.6853817922770522
18,1.0,3.0,0.07291715040368289,37.0,434.0,40510.0,7.614276467384937,0.2770698640132079,0.323218020820505
19,1.0,4.0,-0.0,28.0,424.0,38629.0,7.85184894375965,0.252793349845043,0.2938219235770455
20,1.0,5.0,0.06719688036269783,33.0,400.0,37873.0,4.541653069569809,0.270496656519601,0.31360265744913907
21,1.0,6.0,0.84098758450426,42.0,690.0,52267.0,16.358000988857956,0.4059414777243947,0.925488889164267
22,1.0,7.0,0.9112400083769857,34.0,742.0,55031.0,22.60224117989677,0.4368410378757357,0.7957492340489364
23,1.0,8.0,0.9493686102798878,31.0,793.0,51695.0,26.486804387477388,0.4417490063571382,0.9998164715308439
24,1.0,9.0,1.0876452823745129,15.0,393.0,22944.0,23.433269939099517,0.4385208523934092,0.4999999864704806
25,1.0,10.0,1.041243867189505,15.0,344.0,19546.0,27.299896733777086,0.35626553734415667,0.6365002427652562
26,1.0,11.0,0.8634787646656167,18.0,300.0,20153.0,14.916643402816034,0.2894363209402362,0.43632618074008767
27,1.0,12.0,0.6361850007793604,30.0,703.0,65739.0,16.028058044885427,0.35121363359357116,0.501926340240033
28,1.0,13.0,0.8981370031878679,35.0,741.0,64482.0,24.570623325492065,0.3915635960948777,0.7065344284944521
29,1.0,14.0,0.8944091562989166,27.0,712.0,60160.0,35.45079901741465,0.39113946823450796,0.6965369155006801
30,2.0,0.0,1.017624888093285,29.0,602.0,42722.0,20.659650739315843,0.5628183813287648,0.8858941399019085
31,2.0,1.0,0.9673216997917906,32.0,681.0,43069.0,13.723793015897712,0.572631681299832,0.9997554506781802
32,2.0,2.0,0.9312759473817813,37.0,692.0,45406.0,15.371705431106445,0.598089996622637,0.9998385960692173
33,2.0,3.0,0.25167681290375676,28.0,621.0,40061.0,12.805536284776702,0.4287193170206305,0.9053254169845742
34,2.0,4.0,0.4353303021054889,26.0,533.0,34741.0,16.444394225903014,0.467054594768629,0.8541106346187008
35,2.0,5.0,0.8315472869854694,39.0,541.0,60996.0,14.55496566066881,0.3442201057435783,0.9997481849875017
36,2.0,6.0,0.6999619600472251,24.0,555.0,34131.0,25.894033568547357,0.5090609819349725,0.7966071639789535
37,2.0,7.0,0.5962478448442325,24.0,451.0,29748.0,14.388870135217081,0.46463584476916053,0.70871949512069
38,2.0,8.0,0.7463770957252478,32.0,543.0,32594.0,19.765071558936036,0.4908305848796045,0.7089482226775619
39,2.0,9.0,0.9689889266827181,42.0,646.0,53388.0,14.85979451271242,0.41839717869183635,0.7957482644280418
40,2.0,10.0,0.8791921886514815,30.0,774.0,55356.0,36.157688287263035,0.4170195479774057,0.9997932435379489
41,2.0,11.0,0.9491623612714541,40.0,680.0,55182.0,19.12521927043352,0.4191531387537635,0.7957506110112154
42,2.0,12.0,0.8334034510570938,26.0,465.0,30562.0,18.72214535252748,0.4450472807559619,0.4999999724079103
43,2.0,13.0,1.016582219027181,16.0,401.0,25899.0,26.896762012643663,0.455156610404301,0.49999994432995265
44,2.0,14.0,0.728988402338893,34.0,601.0,50043.0,15.575736107947842,0.3862072251823212,0.49999994794813873
45,3.0,0.0,1.2277503706891157,34.0,651.0,44999.0,22.74533592057596,0.6305704003976006,0.8692683555358109
46,3.0,1.0,0.917390531954201,59.0,479.0,53661.0,8.673604248591092,0.35684785803640406,0.9998013429132355
47,3.0,2.0,0.9026581895159218,29.0,702.0,40400.0,24.015552998362303,0.5707369236443731,0.9997747039925763
48,3.0,3.0,0.9029287411473815,38.0,606.0,46079.0,17.24256969052237,0.5330428186270153,0.7957373157154366
49,3.0,4.0,1.0851204077392613,45.0,646.0,60866.0,20.271247725755842,0.45409263641820885,0.9997419537527501
50,3.0,5.0,0.8059737429495994,29.0,596.0,41562.0,20.483298491742037,0.5341192474603764,0.7957402197070563
51,3.0,6.0,0.5239659858707557,35.0,590.0,40172.0,13.270769392949369,0.5344806484650699,0.9989843278091554
52,3.0,7.0,0.9445832775006348,23.0,636.0,43299.0,30.680489936526627,0.5142306739577217,0.7957537981538063
53,3.0,8.0,0.9587422531998211,35.0,646.0,44709.0,20.354086910325087,0.5952903292627569,0.9798071466600549
54,3.0,9.0,0.6160879123358078,34.0,536.0,39249.0,14.901202295955434,0.49309187367041274,0.8503705270747797
55,3.0,10.0,0.43732487853282886,27.0,454.0,34456.0,17.304321715558764,0.4364842202279767,0.7572075614987164
56,3.0,11.0,0.5119677722275467,39.0,609.0,40548.0,13.395805195587592,0.48739426339574954,0.9763562993029324
57,3.0,12.0,0.5406848008174405,32.0,385.0,30826.0,7.665199885031882,0.37286318417507447,0.624617337894372
58,3.0,13.0,-0.0,25.0,467.0,37452.0,7.412694882843707,0.3501553544406467,0.7908736340724676
59,3.0,14.0,0.48216012092824956,28.0,574.0,35449.0,10.828114638687076,0.4498809367136306,0.9997992164686369
60,4.0,0.0,1.3144946461305387,43.0,757.0,47015.0,18.49833519238087,0.7028948508873258,0.9998277064842965
61,4.0,1.0,1.1513469615938157,29.0,675.0,44695.0,23.86882265589466,0.6346946903311345,0.9998928380761612
62,4.0,2.0,1.0204375196951099,20.0,483.0,32804.0,28.79052693834897,0.471222828797787,0.6380188071085516
63,4.0,3.0,0.7833974629381522,38.0,633.0,41526.0,16.524947479844734,0.5387081644882763,0.999772829084644
64,4.0,4.0,0.6771576888141994,29.0,630.0,40322.0,16.266869610056105,0.5243113762035261,0.9997971975668564
65,4.0,5.0,0.8400765739710393,26.0,630.0,38499.0,26.93999655097642,0.5197803818769058,0.8714694253740721
66,4.0,6.0,0.8185543746640493,32.0,647.0,37600.0,15.745808696578036,0.5199440066893424,0.9526790939871878
67,4.0,7.0,0.8484917326053187,32.0,625.0,42617.0,19.152354532773888,0.543180590071087,0.7960240167695424
68,4.0,8.0,0.5837967270896167,30.0,593.0,40818.0,14.607108609813086,0.5106353255219773,0.9084127559361488
69,4.0,9.0,0.8633161679911763,35.0,678.0,44699.0,22.44483230782689,0.5546975936304159,0.9997506711167103
70,4.0,10.0,0.2711893730418441,33.0,624.0,39089.0,17.59997013342329,0.4462290783647248,0.9998794623670464
71,4.0,11.0,0.905976797123038,30.0,727.0,44924.0,26.892748087415193,0.5819902656441315,0.9997831243994738
72,4.0,12.0,0.924817487569278,33.0,585.0,41786.0,22.43176883479869,0.5305116119090743,0.7957559263647522
73,4.0,13.0,0.657525709544966,27.0,666.0,42165.0,29.47761102192099,0.5076645524729546,0.9757212828423031
74,4.0,14.0,0.9009160025043448,23.0,625.0,39247.0,33.547511275992626,0.5396617361425335,0.7957363736225176
75,5.0,0.0,1.1554470650524764,35.0,750.0,41107.0,19.5967589960542,0.6075772015623773,0.9998331838431676
76,5.0,1.0,1.17581992995398,43.0,604.0,41115.0,14.93175095728346,0.6187444458875433,0.851281429019166
77,5.0,2.0,1.2948024202893986,47.0,768.0,41119.0,19.790869400719863,0.5876420184735593,0.9997398777024917
78,5.0,3.0,1.1494526939492924,65.0,930.0,41137.0,14.937814506990696,0.6270455154430103,0.9941144454509627
79,5.0,4.0,0.9567799948553426,33.0,634.0,41105.0,15.54858210566453,0.5420024175282494,0.8235459917448037
80,5.0,5.0,1.1136532007351954,42.0,714.0,41114.0,19.183674756537457,0.6253911890066184,0.9998796837515653
81,5.0,6.0,0.8562484259110814,55.0,684.0,41127.0,10.071417117067547,0.5520373283123925,0.9999011400353628
82,5.0,7.0,0.7412781872778609,39.0,620.0,41111.0,17.63329838157881,0.5344915455003227,0.8624921764838309
83,5.0,8.0,0.661982640834639,26.0,677.0,41098.0,24.536973775986173,0.5304675207635609,0.9997489736814603
84,5.0,9.0,0.9455137995793315,33.0,588.0,41105.0,19.545426045044834,0.5353797295177161,0.7957377441314298
85,5.0,10.0,0.8086909750968141,31.0,588.0,41103.0,28.80822825535,0.5434420701665634,0.8010184145439072
86,5.0,11.0,0.8919743490330544,31.0,627.0,41103.0,24.040352725886752,0.5330415500953889,0.7957533061230228
87,5.0,12.0,0.8257282785239699,30.0,587.0,41102.0,20.243611876769652,0.5371514476783994,0.795755457993713
88,5.0,13.0,0.8534065481436188,31.0,626.0,41103.0,20.54758640596226,0.5250022869806055,0.8140097722617876
89,5.0,14.0,0.6762156598569149,33.0,667.0,40447.0,22.39104592532549,0.5192120136063183,0.9997308142986536
90,6.0,0.0,0.9339329069590278,37.0,934.0,52557.0,20.261855661189408,0.574926576985489,0.999849094082115
91,6.0,1.0,1.1854689250380508,84.0,953.0,52604.0,14.056086254225486,0.5238204779412129,0.9997383593447113
92,6.0,2.0,0.9756055856423445,43.0,976.0,52563.0,16.968041823090868,0.5453449713888918,0.999890713261268
93,6.0,3.0,0.8579589187444483,40.0,657.0,52560.0,17.26664422180555,0.5497610865000301,0.9997935486578011
94,6.0,4.0,0.9518340375939687,34.0,589.0,52554.0,17.269424711369304,0.5325751027468788,0.7957355118372933
95,6.0,5.0,0.8234782887473702,38.0,620.0,52558.0,14.194976709549389,0.5602659967770904,0.9997924942346279
96,6.0,6.0,1.0402073360276367,36.0,653.0,52556.0,17.17151530594801,0.5810816467129147,0.9999060474260474
97,6.0,7.0,1.3829683547214082,31.0,599.0,52551.0,47.86171471111468,0.6507257458786558,0.8421205432446681
98,6.0,8.0,1.1206964872665899,28.0,732.0,52548.0,26.13327826681126,0.643908378689906,0.9998081525414284
99,6.0,9.0,0.9978771261642239,46.0,633.0,52566.0,12.019979237821868,0.5777122047487265,0.9220976253403503
100,6.0,10.0,0.8541870420864595,53.0,672.0,52573.0,11.859408453503757,0.4153066430349528,0.9997606719457953
101,6.0,11.0,1.1457311062203,35.0,710.0,52555.0,20.48259410393242,0.6166138485001764,0.9999050425993412
102,6.0,12.0,0.996855166038755,33.0,780.0,52553.0,20.666635344509885,0.5354628600189373,0.8885156837372906
103,6.0,13.0,1.0673609295728348,49.0,780.0,52569.0,14.08360003440607,0.4937068355124664,0.7884269639476595
104,6.0,14.0,0.7915451866096659,25.0,724.0,52083.0,21.62496872921978,0.4243682626426495,0.5601048540626237
105,7.0,0.0,1.373848156698436,31.0,754.0,46410.0,24.378439928188207,0.699079798630666,0.9998291267335054
106,7.0,1.0,1.3794281388417213,26.0,718.0,46405.0,27.785671020475924,0.7169039602224969,0.9934967655881687
107,7.0,2.0,1.1999847996425026,26.0,757.0,46405.0,30.6150262538,0.6756453467728929,0.9997478875935232
108,7.0,3.0,0.8440886414805122,43.0,652.0,46422.0,16.49941599025271,0.4007014840270202,0.9997240412240525
109,7.0,4.0,1.050674425575165,33.0,684.0,46412.0,26.71908420208368,0.5927140183450162,0.9440910727474695
110,7.0,5.0,0.8556965272636515,24.0,652.0,46403.0,22.281190722927377,0.5479185451305737,0.8727750267616057
111,7.0,6.0,1.200239784130632,39.0,669.0,46418.0,21.060504064395495,0.6512366879772953,0.9995752334828067
112,7.0,7.0,1.2189803406765505,41.0,642.0,46420.0,15.783896270392788,0.575566103240146,0.999816309568341
113,7.0,8.0,1.1318772469976377,29.0,715.0,46408.0,23.38031336735169,0.6355309337646944,0.9635042733275974
114,7.0,9.0,0.9309206657393997,29.0,636.0,46408.0,16.46783528211375,0.5372088576710532,0.795851062664036
115,7.0,10.0,0.9494653173735205,38.0,704.0,46417.0,15.93630225574655,0.5774477055052276,0.9997817261284251
116,7.0,11.0,0.9209426951818163,28.0,672.0,46407.0,18.493021645620708,0.5744790352075084,0.9998853904344508
117,7.0,12.0,0.9020274265286611,21.0,743.0,46400.0,29.552962275219354,0.5828106928145463,0.8961584456859417
118,7.0,13.0,0.8475908250912676,27.0,711.0,46406.0,39.52949501790101,0.5586766073815674,0.9967796171658835
119,7.0,14.0,0.8800941941883356,34.0,616.0,45791.0,16.68029460081071,0.5346377960450701,0.7957500252066484
120,8.0,0.0,0.7725614068795801,66.0,730.0,41570.0,8.493126060369622,0.390900541035359,0.9998735145778432
121,8.0,1.0,1.2963651312576199,37.0,800.0,41541.0,21.992832303090132,0.7212840037065339,0.9686206008689483
122,8.0,2.0,1.2855500612005986,26.0,770.0,41530.0,31.207883754539505,0.673943463474915,0.99979067530609
123,8.0,3.0,1.41753392676988,37.0,802.0,41541.0,23.72377357450758,0.6140246220959757,0.9997890740442582
124,8.0,4.0,1.323431659000238,29.0,771.0,41533.0,25.90353439852563,0.6806978305907478,0.9997897170589757
125,8.0,5.0,1.1157133518238331,35.0,707.0,41539.0,17.97914735823959,0.6318337394335122,0.9998329853280981
126,8.0,6.0,1.0163920667214668,34.0,675.0,41538.0,17.864253174327875,0.5977959264397126,0.9997558649182083
127,8.0,7.0,1.2171233090776399,37.0,734.0,41541.0,21.20679781479395,0.6365961555831565,0.9998228143380531
128,8.0,8.0,1.120021194353016,41.0,744.0,41545.0,17.014804543994945,0.6094131486616607,0.9997612127781879
129,8.0,9.0,1.077234555088826,40.0,672.0,41544.0,16.41247350665509,0.6180356130405253,0.9989079311577646
130,8.0,10.0,0.8184349742067916,26.0,717.0,41530.0,24.81107771486929,0.5499195609227546,0.999815637765534
131,8.0,11.0,0.8606916324872087,17.0,673.0,41521.0,38.737277377089704,0.5353409974373622,0.8000665313530786
132,8.0,12.0,0.9633713950664553,33.0,725.0,41537.0,19.88859829620701,0.5554589002390456,0.9997570498675389
133,8.0,13.0,1.0081373284820128,30.0,706.0,41534.0,19.109495056302556,0.581399310990882,0.9999144675515156
134,8.0,14.0,1.1032190167893254,33.0,763.0,41089.0,20.32809549376476,0.6030759373869573,0.9997659877767546
135,9.0,0.0,1.3327298149184412,47.0,784.0,48756.0,21.477353371553487,0.687073553462807,0.9997568872449654
136,9.0,1.0,1.3630178325544693,27.0,772.0,37876.0,54.09990302715245,0.7351718596410233,0.9998664047482037
137,9.0,2.0,1.3338448372634,44.0,848.0,44667.0,21.267795472103863,0.7389651127469457,0.9997929006390384
138,9.0,3.0,1.249002962215665,42.0,723.0,44934.0,17.912477826993502,0.6192185617817791,0.9997419664801462
139,9.0,4.0,1.4134308360559353,54.0,668.0,39418.0,17.093627112783423,0.7394370644209449,0.9578369773474897
140,9.0,5.0,1.2239211411759825,38.0,741.0,43811.0,19.80281094003349,0.6170283069166291,0.9997596543693803
141,9.0,6.0,1.496248184180504,58.0,759.0,54608.0,13.309709756744585,0.5981665168728189,0.9997838411314305
142,9.0,7.0,1.0910978680975643,35.0,704.0,44981.0,19.398325989926565,0.6152167334307702,0.9997351660523819
143,9.0,8.0,1.2252503286341547,38.0,742.0,48286.0,20.72392561964061,0.6517199891846325,0.9997755494408863
144,9.0,9.0,1.340937863734615,36.0,578.0,36283.0,23.997543887207392,0.6516939750620898,0.8829424086304171
145,9.0,10.0,1.1577434695577251,32.0,719.0,47515.0,20.86693462119067,0.6417518021091371,0.9997508240497512
146,9.0,11.0,0.98123680269417,22.0,693.0,37862.0,26.543575326143703,0.5838893980624642,0.9998468377335201
147,9.0,12.0,0.9635854504510861,32.0,617.0,38463.0,18.42524568792447,0.5293728572474683,0.7957350765681515
148,9.0,13.0,0.9326932124567509,31.0,677.0,43811.0,40.28495525633264,0.5758736012959612,0.9998516803128796
149,9.0,14.0,1.3834184226836093,30.0,716.0,41239.0,39.468607513671095,0.7147362253507997,0.9602408096146515
150,10.0,0.0,1.206442955216085,42.0,616.0,48098.0,13.80511416994189,0.6414565753251193,0.9137509790422162
151,10.0,1.0,1.3400504706473244,31.0,777.0,48087.0,32.19324907594055,0.6831839017990536,0.9998797346492085
152,10.0,2.0,1.2509035055732929,34.0,619.0,48090.0,17.176637953121904,0.7035215622614871,0.8848845808809536
153,10.0,3.0,1.3494254097388814,51.0,873.0,48107.0,23.7638406405726,0.730016005330764,0.999853092953101
154,10.0,4.0,1.3844521699103878,46.0,813.0,48102.0,29.365720664214425,0.7317551313088628,0.999683409604393
155,10.0,5.0,1.3810609252414796,38.0,790.0,48094.0,23.4320188902735,0.7193107288398786,0.9998391506289166
156,10.0,6.0,1.3839333296224705,42.0,780.0,48098.0,20.040478113873977,0.7042223300071325,0.9998925131035925
157,10.0,7.0,1.3796907464709525,33.0,771.0,48089.0,23.79510916925328,0.7101648665561775,0.9997489994156866
158,10.0,8.0,1.3144872179858837,33.0,694.0,48089.0,20.825867589405302,0.7001393798529436,0.9998121329098424
159,10.0,9.0,1.3327871475157291,47.0,786.0,48103.0,19.3611826715799,0.7192726935932886,0.9996449824083566
160,10.0,10.0,1.0928680627024627,27.0,697.0,48083.0,26.42671492501396,0.6023833923454803,0.9998359115603108
161,10.0,11.0,1.12046915052932,42.0,911.0,48098.0,18.999654945992518,0.6156080725211741,0.997354901417836
162,10.0,12.0,1.055827918194124,34.0,726.0,48090.0,18.476169909237544,0.6044142360412388,0.999851085862369
163,10.0,13.0,1.4781613121039516,75.0,850.0,48131.0,11.760909710974468,0.7294549362753098,0.9997439903310371
164,10.0,14.0,1.2438409487180455,28.0,772.0,47688.0,26.434484607488802,0.6490153238355179,0.9998012172971125
165,11.0,0.0,1.3309315121727463,48.0,723.0,47673.0,15.892246133269392,0.6836519207564613,0.9998204215208817
166,11.0,1.0,1.4580511138115122,50.0,761.0,47675.0,17.298707881513877,0.7137605435484966,0.9997691493200991
167,11.0,2.0,1.1453648054374215,50.0,695.0,47675.0,14.263823786590974,0.6029396690548325,0.9998787630144865
168,11.0,3.0,1.34040245539852,50.0,725.0,47675.0,24.670114191430706,0.6884293799606114,0.9997193438254023
169,11.0,4.0,1.3452658844871368,31.0,796.0,47656.0,26.68970360709943,0.7478331443949804,0.99972826883775
170,11.0,5.0,1.4437560222114922,43.0,780.0,47668.0,22.812557014855408,0.7250124266775735,0.9998008339383527
171,11.0,6.0,1.1067306743832954,32.0,749.0,47657.0,21.30090440449164,0.6266638457956225,0.9997690521518401
172,11.0,7.0,0.9270011257017061,33.0,680.0,47658.0,17.612476684412464,0.5666922106173491,0.9997588042508345
173,11.0,8.0,1.0218720367672613,34.0,713.0,47659.0,15.546187867967774,0.5834458969381675,0.9997367673190956
174,11.0,9.0,1.1632318406342061,64.0,727.0,47689.0,10.898636751474706,0.6489754797495713,0.9997969718629309
175,11.0,10.0,1.3407749994230214,43.0,835.0,47668.0,21.15515450043514,0.7088151251186603,0.9998571681615231
176,11.0,11.0,1.3659739383155722,33.0,769.0,47658.0,29.228977384185143,0.7116024962545902,0.9997699249764924
177,11.0,12.0,1.143303647083013,44.0,768.0,47669.0,13.506652068660674,0.6247412929110666,0.999885471331712
178,11.0,13.0,1.0875735490457654,34.0,737.0,47659.0,18.947896002628116,0.6275812074835793,0.9999087769240366
179,11.0,14.0,1.1483754415179752,40.0,699.0,47214.0,16.857120968848026,0.640170698954317,0.999739765715613
180,12.0,0.0,1.4335758530420784,59.0,839.0,40751.0,18.658077694068258,0.7437504559848569,0.9997749628696103
181,12.0,1.0,1.361936603283787,39.0,779.0,40731.0,23.731515274646963,0.7267299228141924,0.9998093037021143
182,12.0,2.0,1.3738478063994366,36.0,767.0,40728.0,25.467218916494396,0.7183446241006854,0.9997572136018602
183,12.0,3.0,1.2315203021394543,41.0,757.0,40733.0,14.731584281317515,0.6848319517243195,0.9997926809047626
184,12.0,4.0,1.354271426231458,28.0,729.0,40720.0,27.229125217078053,0.6855561932929104,0.9997883536540695
185,12.0,5.0,1.2836824756933078,35.0,714.0,40727.0,21.232492675381962,0.681819150202162,0.9997585012965329
186,12.0,6.0,1.2451755054762188,33.0,721.0,40725.0,19.38860424051046,0.6574194111270415,0.999720615303202
187,12.0,7.0,1.137532417254217,35.0,705.0,40727.0,15.354258362553153,0.6121741475420437,0.999881103753518
188,12.0,8.0,1.2143237281493522,47.0,742.0,40739.0,14.854877625284507,0.6316938351375074,0.9997376396488356
189,12.0,9.0,1.3824210997377213,40.0,771.0,40732.0,23.057602320807263,0.7215339978186976,0.9997338443352476
190,12.0,10.0,1.374828760748976,41.0,752.0,40733.0,19.793410919523645,0.7172142494836958,0.9997554373199724
191,12.0,11.0,1.3509740395550882,30.0,763.0,40722.0,26.31549038724116,0.7023304176645699,0.9998156839313319
192,12.0,12.0,1.3981729804330625,53.0,595.0,40745.0,13.163185638046253,0.6919658632367873,0.8512540328472311
193,12.0,13.0,1.2867210797837378,53.0,771.0,40745.0,15.637837964718415,0.6735392054384166,0.9998275357804346
194,12.0,14.0,1.3302189497562178,37.0,698.0,40380.0,19.238071284235154,0.6998484620843597,0.9998347039885025
195,13.0,0.0,1.1691529543648045,52.0,875.0,42049.0,17.31383799952399,0.7157578841621253,0.9527852870371556
196,13.0,1.0,1.3061097922372267,36.0,800.0,42033.0,19.11996960252157,0.7183218389338788,0.980501687593041
197,13.0,2.0,1.218977034267163,28.0,692.0,42025.0,33.24544060019899,0.621712076321107,0.9997544924167382
198,13.0,3.0,1.2424366610238504,39.0,720.0,42036.0,17.74998198960214,0.6457655121989295,0.9997956878941899
199,13.0,4.0,1.366249074101576,41.0,777.0,42038.0,21.5216081546102,0.7095487114477548,0.9998167429288407
200,13.0,5.0,1.330921320579242,26.0,728.0,42023.0,34.46420787265403,0.7113192225380405,0.9997424091883741
201,13.0,6.0,1.4364090816819037,69.0,750.0,42066.0,10.872532872355471,0.7068721579837031,0.9997659152994475
202,13.0,7.0,1.3599943916935278,41.0,811.0,42038.0,24.571388153428092,0.7154322486852216,0.9997980717037409
203,13.0,8.0,1.160395712636726,56.0,952.0,42053.0,17.54622836064273,0.6492473720799453,0.9997520321364554
204,13.0,9.0,1.3807388257802864,42.0,743.0,42039.0,22.880643847896476,0.7172207564646502,0.9997617005182519
205,13.0,10.0,1.3801566014985298,31.0,804.0,42028.0,30.11377869701365,0.7322821815660339,0.9998113402094967
206,13.0,11.0,1.3202421700956926,36.0,776.0,42033.0,27.328730956437035,0.6898560785565505,0.9998105106676874
207,13.0,12.0,1.39392829046273,50.0,765.0,42047.0,20.33314927170226,0.7111984272864056,0.9997901403974913
208,13.0,13.0,1.1487110137452474,35.0,681.0,42032.0,20.956696888320113,0.642217338037074,0.9998091757560801
209,13.0,14.0,1.044097557000809,37.0,686.0,41531.0,16.984560688464075,0.5916640415816133,0.9997788357692268
210,14.0,0.0,1.2602145284097577,41.0,708.0,49332.0,16.313926816573964,0.6527643711400882,0.9998085350314025
211,14.0,1.0,0.8598730302848108,39.0,666.0,49330.0,13.421416686746541,0.5603349325156581,0.9998478393279892
212,14.0,2.0,1.0343060765304992,51.0,731.0,49342.0,16.436846082956794,0.4449008783768357,0.9998849607073376
213,14.0,3.0,1.3838128946138086,37.0,758.0,49328.0,27.215619617283558,0.7208578555789598,0.9998364032284165
214,14.0,4.0,1.3185903254767215,47.0,858.0,49338.0,18.91218596945356,0.7340431111266715,0.9998022313846385
215,14.0,5.0,1.25100683193179,32.0,669.0,49323.0,21.466620410238967,0.7041619967216395,0.9033907440144466
216,14.0,6.0,1.1751802775090123,39.0,696.0,49330.0,16.26903066725302,0.6335011980368859,0.9997763610572673
217,14.0,7.0,1.353135018411297,35.0,773.0,49326.0,23.031221022897203,0.693307141461251,0.9997442812046711
218,14.0,8.0,1.378383343257334,33.0,805.0,49324.0,26.843710539126175,0.7168784236433816,0.9997483953611659
219,14.0,9.0,0.9699906311247279,52.0,902.0,49343.0,13.04341309359934,0.7150038943598656,0.9275483166340898
220,14.0,10.0,1.5092249869279732,53.0,827.0,49344.0,21.624535640228636,0.7234565708447234,0.9997399062338512
221,14.0,11.0,1.2874571182247465,35.0,831.0,49326.0,40.948443983127575,0.7277873496946852,0.9786954793623798
222,14.0,12.0,0.9931212466953447,36.0,686.0,49327.0,15.610275545851941,0.5948167040777619,0.9997567998065026
223,14.0,13.0,1.5429111330815661,47.0,681.0,49338.0,15.042710442059928,0.6784758696355649,0.9997649002645329
224,14.0,14.0,1.0921029928921424,38.0,730.0,48834.0,17.37213512751513,0.6054384682345009,0.9997490765144899
225,15.0,0.0,1.37972244498196,54.0,753.0,45738.0,18.50129132237359,0.713633056818733,0.9997547991653224
226,15.0,1.0,1.373221239626154,40.0,776.0,45724.0,21.575170001897256,0.7305299285812399,0.9997855108678982
227,15.0,2.0,1.321534411387568,36.0,742.0,45720.0,22.266341610041394,0.6741201077431467,0.9998403037693807
228,15.0,3.0,0.9751217708716727,33.0,922.0,45717.0,20.50596417936594,0.7112368006450024,0.9320374926290882
229,15.0,4.0,1.192970359350002,40.0,847.0,45724.0,20.349792443687747,0.7262089185639234,0.9836253590548916
230,15.0,5.0,1.3494434323394628,33.0,826.0,45717.0,29.0499491917695,0.7302709283261322,0.9997361696536166
231,15.0,6.0,1.3932139679429336,43.0,777.0,45727.0,17.709489190206458,0.7100621129074292,0.9998252827941037
232,15.0,7.0,1.404274304051963,53.0,809.0,45737.0,19.109637201802673,0.6442243254525224,0.9997610612244332
233,15.0,8.0,1.221574943181186,42.0,966.0,45726.0,23.49895929181214,0.592954618481814,0.9999117933663103
234,15.0,9.0,1.3486691042492724,46.0,740.0,45730.0,16.24101059979546,0.695122821591439,0.9997366053816141
235,15.0,10.0,1.311194931044488,40.0,777.0,45724.0,19.88956260089006,0.6832195090141747,0.9997591438606053
236,15.0,11.0,1.2761233040495634,44.0,726.0,45728.0,17.44070599634805,0.6816525480715524,0.9997942067291942
237,15.0,12.0,1.3415582374898678,40.0,788.0,45724.0,19.45414714191804,0.6884499150695638,0.9997852345745679
238,15.0,13.0,1.264995414318337,36.0,675.0,45720.0,18.66304677952107,0.6523563235013998,0.9998311078075397
239,15.0,14.0,1.227736508370922,49.0,722.0,45282.0,14.734112209586897,0.6517638479262082,0.9998187079550047
240,16.0,0.0,1.3587347227176487,64.0,819.0,41539.0,15.425438671300629,0.7231154737602545,0.9997455860800757
241,16.0,1.0,1.3810910845027955,44.0,792.0,41519.0,18.480249263284446,0.7072328869750526,0.9997993428044885
242,16.0,2.0,1.3686974021190295,41.0,831.0,41516.0,21.05861884885198,0.7109687026236766,0.9996889301103896
243,16.0,3.0,1.3587365797736637,39.0,823.0,41514.0,21.58092796765012,0.7270386640257506,0.9926764849580125
244,16.0,4.0,1.3794236863158318,43.0,800.0,41518.0,20.875720078796686,0.70760238995961,0.9998944621798584
245,16.0,5.0,1.0910542974844235,61.0,899.0,41536.0,15.88133105449234,0.6911122868793946,0.9997495870712821
246,16.0,6.0,0.9928641141752796,51.0,988.0,41526.0,14.253580530638331,0.7274312545497361,0.9680291499530028
247,16.0,7.0,1.350149761969617,32.0,854.0,41507.0,31.99945064436337,0.7356264321245913,0.9997508696711733
248,16.0,8.0,1.0706655764070085,36.0,502.0,41511.0,22.112959229512686,0.5513858827257225,0.5730834379017697
249,16.0,9.0,1.337400138313583,41.0,787.0,41516.0,20.535244949253617,0.6738292079610464,0.9997869109825466
250,16.0,10.0,1.2548640180661677,64.0,750.0,41539.0,9.910187856569403,0.45836157680013057,0.9998388537836059
251,16.0,11.0,0.9431980207299768,31.0,950.0,41506.0,29.39257803765187,0.7124725894608825,0.9321944097125551
252,16.0,12.0,1.0314093678879348,49.0,985.0,41524.0,23.534015514573454,0.7410053156597682,0.9610708873176068
253,16.0,13.0,1.0223434256707622,47.0,896.0,41522.0,19.87391553817504,0.7191409914455049,0.9470190582408899
254,16.0,14.0,0.9980634907189674,40.0,875.0,41303.0,21.858566366206603,0.7255675052863766,0.9602171944400195
255,17.0,0.0,1.0355862812555843,44.0,887.0,50681.0,21.380722083935876,0.7254684806658801,0.9357527228163904
256,17.0,1.0,1.0352624132718298,51.0,977.0,50688.0,21.71183111280204,0.7346441089293104,0.9524232391309184
257,17.0,2.0,1.0010767681083446,31.0,893.0,50668.0,28.629673861127515,0.7197554263076705,0.933872600625618
258,17.0,3.0,1.2877424730340492,51.0,787.0,50688.0,15.012487846244586,0.7185616204869328,0.9633873767845972
259,17.0,4.0,1.3728263731483212,41.0,757.0,50678.0,19.16390288317485,0.6952893827598977,0.9998055718099774
260,17.0,5.0,1.5408553028284682,65.0,752.0,50702.0,14.967567407565548,0.7654265716302499,0.9998880773778792
261,17.0,6.0,1.0061979834681836,42.0,995.0,50679.0,25.205160877932077,0.720178793910194,0.9384602329557455
262,17.0,7.0,1.0327249343026021,43.0,924.0,50680.0,22.715014800240102,0.7301437417149155,0.940802591052557
263,17.0,8.0,1.0492191501724528,45.0,904.0,50682.0,28.7822027064079,0.7480957271627049,0.9809421066844782
264,17.0,9.0,1.3473629096285924,47.0,743.0,50684.0,19.096406939652297,0.6930353648433989,0.9998126866348509
265,17.0,10.0,1.3578777160941176,46.0,797.0,50683.0,20.155415824181834,0.7060423067007928,0.9997719620236272
266,17.0,11.0,1.2780920357948893,30.0,788.0,50667.0,28.249957441138722,0.6741293830710446,0.9998021183632864
267,17.0,12.0,0.9923533372129962,40.0,982.0,50677.0,23.685502533306575,0.7089239761575659,0.928483530435361
268,17.0,13.0,1.0018462849776006,56.0,984.0,50693.0,18.52082027587885,0.7272069782832323,0.9722542822160972
269,17.0,14.0,1.3767262264668438,58.0,851.0,50427.0,17.30505400043312,0.7425337370830062,0.9997257587316913
270,18.0,0.0,1.5072963907294827,42.0,786.0,42152.0,26.584762074400793,0.738025944351115,0.9997731988012412
271,18.0,1.0,1.4112676734358844,18.0,655.0,42128.0,40.7915005910021,0.6033230244358496,0.9999108210700739
272,18.0,2.0,1.5560444878507818,39.0,726.0,42149.0,25.329933234121977,0.7001447695522933,0.9997455615154486
273,18.0,3.0,1.0202383268467332,44.0,942.0,42154.0,25.061509953728763,0.7328697631483847,0.9704186203071832
274,18.0,4.0,0.9461144980953422,44.0,1075.0,42154.0,26.68645968529414,0.7101282527454944,0.9631798947239719
275,18.0,5.0,0.9959006209127355,38.0,985.0,42148.0,29.688849587897277,0.7192043170906222,0.9434585399772764
276,18.0,6.0,1.1887198487773494,41.0,711.0,42151.0,21.251741175826705,0.6234684324105009,0.9998658389051346
277,18.0,7.0,1.349257699961198,51.0,679.0,42161.0,13.844004950022635,0.6682331788169207,0.99977190886299
278,18.0,8.0,1.3736291591587073,60.0,745.0,42170.0,13.025788784527242,0.694201766803547,0.9997772569571726
279,18.0,9.0,1.0111838829449864,61.0,942.0,42171.0,14.976060821744118,0.7256863149657868,0.9377571157590348
280,18.0,10.0,1.364923490679481,70.0,913.0,42180.0,12.60253759815897,0.7415109649413874,0.9997537282861079
281,18.0,11.0,1.0176314770825934,48.0,940.0,42158.0,20.704744995933922,0.7256108246464997,0.9686959879580551
282,18.0,12.0,0.9294856094966791,60.0,822.0,42170.0,21.02015451642576,0.49701372833164126,0.9998053029100246
283,18.0,13.0,1.0410498184667367,41.0,883.0,42151.0,25.347796428926046,0.7285741104528032,0.9420558132015774
284,18.0,14.0,0.9896245094575786,53.0,904.0,41925.0,16.76890204202071,0.7117281692309957,0.9302845592469002
285,19.0,0.0,0.9993465673988815,50.0,1034.0,67385.0,15.864407612137574,0.672051086215369,0.9997605711066287
286,19.0,1.0,1.1640789354149774,66.0,962.0,76960.0,11.344004110662341,0.5937967074893302,0.9997803536298471
287,19.0,2.0,1.0907161979264013,54.0,904.0,59775.0,14.295189978295827,0.6493416720581704,0.9998154618741623
288,19.0,3.0,1.424135046424588,31.0,700.0,36921.0,22.47995834009719,0.6988651508070897,0.9998563404993669
289,19.0,4.0,1.357686200249012,45.0,753.0,47785.0,16.675776837352647,0.6802862499410511,0.9997830241658336
290,19.0,5.0,1.5090407701286366,33.0,755.0,39818.0,32.7612556785788,0.7322274868727124,0.9997425668499634
291,19.0,6.0,0.9947150661938149,44.0,961.0,46329.0,21.102004531754474,0.7123645115085737,0.9363667762677133
292,19.0,7.0,1.0045655106723963,34.0,920.0,40425.0,28.37519043791575,0.728144703381614,0.9931269897209071
293,19.0,8.0,1.0392956678552385,45.0,970.0,47694.0,19.286156338329334,0.7310029803160594,0.989762051261384
294,19.0,9.0,1.0201093992023567,44.0,952.0,46313.0,23.731563957373712,0.7313256290196897,0.9433570232361488
295,19.0,10.0,1.0125297544424718,44.0,928.0,43469.0,20.34625605574575,0.7151782143229093,0.9266419945901379
296,19.0,11.0,1.0283724233241465,43.0,1007.0,51031.0,24.226832439253357,0.7385586118438863,0.9605828333424722
297,19.0,12.0,1.020502294696956,40.0,939.0,42894.0,24.801706949292825,0.7244650591211189,0.9327608030792018
298,19.0,13.0,1.022500085779826,42.0,929.0,44860.0,24.003680265725496,0.7200309121346572,0.9351004546824704
299,19.0,14.0,1.0384647255169357,38.0,906.0,44304.0,29.15753521384387,0.7407594523130527,0.9485662598848108
300,20.0,0.0,0.9866807257799742,39.0,930.0,53513.0,25.945251259793633,0.7106381505241668,0.9257422470612645
301,20.0,1.0,1.0250809904088098,41.0,947.0,53515.0,23.49526579494192,0.7159751169464073,0.9499280818500967
302,20.0,2.0,1.0425376917400955,43.0,926.0,53517.0,25.124973578349085,0.7229978275268174,0.955984590735128
303,20.0,3.0,1.000596878303918,50.0,951.0,53524.0,18.402135015156748,0.7104999641542811,0.941132177330115
304,20.0,4.0,1.0226166783311426,48.0,931.0,53522.0,39.04545292970056,0.7450141782576141,0.9458221228092147
305,20.0,5.0,0.9880834985603639,36.0,997.0,53510.0,29.215402689414237,0.715891326747705,0.9327836726243312
306,20.0,6.0,1.3918061581438121,37.0,809.0,53511.0,21.315725445025016,0.6972659125285721,0.999791376329682
307,20.0,7.0,1.3612289718389463,37.0,767.0,53511.0,18.895845718462002,0.7041497698584496,0.9997923178967653
308,20.0,8.0,1.4396055371022278,32.0,753.0,53506.0,23.25392667783831,0.7164642250040769,0.9998434918767068
309,20.0,9.0,1.3445706697187387,57.0,787.0,53531.0,18.25461564162965,0.7343757597682876,0.9997311909012769
310,20.0,10.0,0.9907296451913905,45.0,920.0,53519.0,20.509906890823192,0.7120321961838791,0.9331968590912197
311,20.0,11.0,1.0361824969614515,62.0,991.0,53536.0,17.183403654834823,0.6665542387051034,0.9996745193178451
312,20.0,12.0,0.9659052808806554,37.0,1007.0,53511.0,25.7555353144944,0.7201943079507185,0.9972702671404892
313,20.0,13.0,1.0252478521463906,46.0,1009.0,53520.0,21.624969126541146,0.7265230522974385,0.9996011763277287
314,20.0,14.0,1.0466086021452716,46.0,976.0,53289.0,21.849983180106836,0.7319328698684965,0.9995785026766231
315,21.0,0.0,0.9872426202442575,49.0,995.0,52125.0,19.991401186910934,0.7208746376353099,0.9510597622897371
316,21.0,1.0,0.9943964723283074,38.0,1022.0,52114.0,26.421273085799612,0.7194039193531735,0.9457404507179121
317,21.0,2.0,1.0267568297676317,44.0,963.0,52120.0,24.39503791783612,0.7401797906902581,0.9697486725627226
318,21.0,3.0,1.3637939320853216,50.0,804.0,52126.0,17.179941968650223,0.7264152777911567,0.9997303395676667
319,21.0,4.0,1.2154664104713726,40.0,825.0,52116.0,21.729100341032915,0.7262864345748231,0.9961215891760047
320,21.0,5.0,1.2897697300907878,37.0,771.0,52113.0,21.094421328420424,0.6560628499693668,0.9997387729746832
321,21.0,6.0,1.0045549504383067,56.0,1084.0,52132.0,19.710697881448358,0.7450627691074172,0.9996488824638692
322,21.0,7.0,1.0129453909269583,49.0,1013.0,52125.0,21.31113538175901,0.7406554110117685,0.9997055411762855
323,21.0,8.0,1.0137549448820118,40.0,1030.0,52116.0,25.36193172250518,0.7376205921113335,0.9996394647270511
324,21.0,9.0,0.9660356871150267,51.0,1116.0,52127.0,21.342666046663112,0.7232090479316735,0.9996155520599986
325,21.0,10.0,1.0854882840068591,50.0,987.0,52126.0,18.74196941349093,0.7573979163248338,0.9996960887985428
326,21.0,11.0,0.9931997272014406,51.0,1017.0,52127.0,19.284175598984277,0.7270652936929469,0.9995720724475894
327,21.0,12.0,1.0146910594416365,45.0,972.0,52121.0,21.396119149841876,0.7244772993465143,0.9541408294381196
328,21.0,13.0,0.994211157067531,36.0,906.0,52112.0,24.370614837526364,0.7080724127160831,0.9269054796572922
329,21.0,14.0,1.2920794825182078,51.0,844.0,51856.0,20.570865735834786,0.7098196808045569,0.9997200991690207
330,22.0,0.0,0.9901651414945942,54.0,1058.0,58455.0,19.226840335012714,0.722020665988993,0.9997742784257955
331,22.0,1.0,0.9625673852396635,54.0,1110.0,58455.0,20.27544046195739,0.7222465216856278,0.9997167230348369
332,22.0,2.0,1.0177492471362113,40.0,1031.0,58441.0,21.668878293430932,0.7257366380654005,0.9996766210114113
333,22.0,3.0,0.9888503512059551,55.0,1072.0,58456.0,19.53756996788442,0.7316415275733915,0.9996279031035048
334,22.0,4.0,1.0211032874053534,54.0,922.0,58455.0,15.820822237122165,0.7411685106151793,0.9996309618206553
335,22.0,5.0,0.9627217939742756,48.0,1039.0,58449.0,20.49358712262925,0.7149787189452739,0.9996845932767197
336,22.0,6.0,1.0059086909506765,47.0,1016.0,58448.0,22.886223782122105,0.7513250574031761,0.9996163039845548
337,22.0,7.0,1.0216393047928478,63.0,1026.0,58464.0,16.50465922047702,0.7339592795327124,0.9996529952710103
338,22.0,8.0,1.0198829688059783,62.0,1056.0,58463.0,12.818013755604909,0.7395434707908213,0.9996365627306157
339,22.0,9.0,1.1185786204100463,65.0,950.0,58466.0,15.166039125076004,0.7453309292072494,0.9827031828926033
340,22.0,10.0,0.9830845889366153,47.0,982.0,58448.0,21.103494031108003,0.7117881237153604,0.9337410976195503
341,22.0,11.0,1.0188862292065717,40.0,965.0,58441.0,26.45565977720049,0.716527105723299,0.9328849503607922
342,22.0,12.0,1.031466326781881,53.0,1004.0,58454.0,21.270480925216923,0.7518881013573646,0.9997606989016895
343,22.0,13.0,1.0596675583624555,31.0,1087.0,58432.0,64.72156397272451,0.7485406283528904,0.9996162373170632
344,22.0,14.0,1.0087959558978037,56.0,1031.0,58205.0,18.760369631008214,0.7364303527966849,0.9996459618043803
345,23.0,0.0,0.9908461015545631,56.0,1107.0,53413.0,20.66345882011537,0.7166063903342974,0.999674925032717
346,23.0,1.0,0.9998542738570266,42.0,1076.0,53399.0,25.103010092579975,0.7312607902748606,0.999598338823155
347,23.0,2.0,0.9512423194452165,42.0,1176.0,53399.0,27.661965568468485,0.704153316196062,0.997440491992546
348,23.0,3.0,1.008604881924004,41.0,1139.0,53398.0,28.558558991020465,0.7364515281680968,0.9996655050339054
349,23.0,4.0,0.9533061772356037,55.0,1152.0,53412.0,19.8054699956692,0.7186550690567691,0.9996562239846489
350,23.0,5.0,0.9774261502660526,40.0,1056.0,53397.0,27.45338847192828,0.728763905519336,0.9996213751643819
351,23.0,6.0,1.1445183011871989,80.0,969.0,53437.0,13.410016199688545,0.776597560318711,0.9995750343638371
352,23.0,7.0,0.9806020686083603,48.0,1109.0,53405.0,22.659812495948415,0.7238896243987635,0.9996380726950154
353,23.0,8.0,1.0524157231953488,73.0,1064.0,53430.0,14.309649189913324,0.7332451555157738,0.9996121797006449
354,23.0,9.0,1.0821323113906955,62.0,872.0,53419.0,12.57165033281641,0.7661992223777275,0.9821803372847783
355,23.0,10.0,1.0236731509283665,48.0,846.0,53405.0,21.66877861611233,0.7168244900346222,0.9250096832453968
356,23.0,11.0,1.0192133149844442,37.0,959.0,53394.0,28.109617353395794,0.7139670198023826,0.9327663169853765
357,23.0,12.0,0.9785583496283728,52.0,1131.0,53409.0,26.815247248829536,0.713980566215197,0.9996440356277863
358,23.0,13.0,0.9351655336768723,45.0,1148.0,53402.0,23.735477319749872,0.7098626842424385,0.9995825147859176
359,23.0,14.0,1.044313119402518,45.0,1065.0,53152.0,30.391660738263003,0.7404613163186962,0.9992353334948073
360,24.0,0.0,1.185292625204566,61.0,968.0,59180.0,17.957451672017992,0.7446385346210097,0.9997602300474289
361,24.0,1.0,0.9263382865378019,58.0,1194.0,59177.0,14.716105111397658,0.7083611932475158,0.9996579930935102
362,24.0,2.0,1.0115903787473628,43.0,1084.0,59162.0,19.325484771090316,0.7379451311062273,0.9997276589328823
363,24.0,3.0,0.967014429758732,42.0,890.0,59161.0,20.547325954365018,0.7151925371697767,0.932583506920082
364,24.0,4.0,1.0096612499158495,45.0,922.0,59164.0,26.704481413346333,0.7215627274732683,0.9321059289876883
365,24.0,5.0,1.0430764559477392,45.0,902.0,59164.0,22.01664665446539,0.7272620609394866,0.9502820638295829
366,24.0,6.0,1.048529635086439,63.0,1046.0,59182.0,16.89998616992038,0.7359312923222803,0.999601770147553
367,24.0,7.0,0.9253109127751025,50.0,1160.0,59169.0,27.19046764228744,0.697201978225524,0.9957221169398432
368,24.0,8.0,0.9908680309210374,42.0,1051.0,59161.0,27.777746782450567,0.7121663971858196,0.999646967729094
369,24.0,9.0,1.0023805653636708,48.0,1116.0,59167.0,23.35938426911942,0.71800602033491,0.9996067673800562
370,24.0,10.0,0.9649741449011009,65.0,1056.0,59184.0,15.896804200039433,0.7231147186565032,0.9996953629883809
371,24.0,11.0,0.9865137454703619,43.0,1122.0,59162.0,31.758687457860006,0.700865726135809,0.9996204390558284
372,24.0,12.0,0.9552578132841381,54.0,1179.0,59173.0,16.07879362075012,0.7096478658383634,0.9995963210118481
373,24.0,13.0,1.390121802087081,65.0,926.0,59184.0,14.204330685256954,0.6971645585750894,0.9997672946066398
374,24.0,14.0,0.9683760187775108,48.0,1095.0,58902.0,22.228486922724528,0.7312056282361089,0.9995630870497507
375,25.0,0.0,1.0359576835610111,46.0,1036.0,40500.0,17.974602488064104,0.7393866250616086,0.9998160743021304
376,25.0,1.0,1.2326880630722734,42.0,983.0,40496.0,34.423618422518686,0.75301549086839,0.9997149261432537
377,25.0,2.0,1.3772294016519098,56.0,873.0,40510.0,16.002124412991222,0.7007726822353249,0.9997362719151383
378,25.0,3.0,1.0221222101219551,56.0,1054.0,40510.0,18.841468841686616,0.7384319778360866,0.999573137989259
379,25.0,4.0,0.9956906651380979,43.0,1031.0,40497.0,23.087162509875498,0.7184544581467817,0.9996412725257052
380,25.0,5.0,1.0296796175624205,47.0,1055.0,40501.0,27.416637606328795,0.7394436401864833,0.9994780555183719
381,25.0,6.0,1.0079646395110808,52.0,1100.0,40506.0,25.39307315884214,0.7233960764195981,0.9996998518556756
382,25.0,7.0,1.0076039220251096,37.0,1134.0,40491.0,37.93231193073688,0.7302200261995198,0.9996916279613299
383,25.0,8.0,1.0459418807347949,66.0,1059.0,40520.0,14.284871294627996,0.7262714094870893,0.9996085997151538
384,25.0,9.0,1.0164200894091295,58.0,1105.0,40512.0,20.339812927945093,0.757149067919505,0.9996134902898732
385,25.0,10.0,1.0037360405829248,56.0,1048.0,40510.0,20.90130583736588,0.7180783047062134,0.9996602390326502
386,25.0,11.0,1.0053305619675312,52.0,1093.0,40506.0,26.17595591017934,0.7296032941402131,0.9996761841595035
387,25.0,12.0,1.0267158905067635,42.0,937.0,40496.0,24.245397336098677,0.7183194236153261,0.9353584837425729
388,25.0,13.0,0.9980262625388887,37.0,929.0,40491.0,26.287495534652226,0.7091501091285323,0.9319387043185584
389,25.0,14.0,0.956942189896026,47.0,999.0,40290.0,23.479724708764586,0.6926300722886625,0.9205147584218741
390,26.0,0.0,1.0062482481918829,52.0,1087.0,62627.0,26.33136064120958,0.7254708976903844,0.999638157910859
391,26.0,1.0,1.0017255681620032,43.0,1047.0,62618.0,28.134583221815983,0.727169674833481,0.9996228898032504
392,26.0,2.0,0.9767999406236385,45.0,1123.0,62620.0,28.95588551123627,0.7075022844644978,0.999642787654116
393,26.0,3.0,1.2616991916807092,52.0,959.0,62627.0,24.440332700150172,0.7267165486538418,0.9993406348970135
394,26.0,4.0,0.9594330837123255,44.0,1099.0,62619.0,23.413736849307593,0.7176105918131274,0.9997379982344619
395,26.0,5.0,1.2977799391747493,41.0,926.0,62616.0,49.117964130534965,0.7187054477867245,0.9998200025678468
396,26.0,6.0,1.029589781276521,58.0,1154.0,62633.0,21.621833336523746,0.7322671969214436,0.9995720885323586
397,26.0,7.0,0.9758131450042593,47.0,1190.0,62622.0,25.839551431794366,0.7108176276325234,0.9996482642355023
398,26.0,8.0,1.1471703538280982,55.0,1023.0,62630.0,19.948395767077734,0.6743928736968543,0.9967659789836364
399,26.0,9.0,1.074892240937796,76.0,779.0,62651.0,12.113726793344703,0.4709120154743177,0.9998338430281188
400,26.0,10.0,1.2353853843089209,38.0,981.0,62613.0,37.3609119200308,0.7471289838212753,0.9997201239471412
401,26.0,11.0,0.9916121587483839,50.0,1091.0,62625.0,21.804503329831036,0.7268996063945802,0.9996411376797485
402,26.0,12.0,1.003919034173,46.0,1130.0,62621.0,26.105489922968967,0.7371835414382386,0.999591406949259
403,26.0,13.0,0.9520328083051486,37.0,1046.0,62612.0,26.372327615164465,0.7119471406676886,0.9762019184093921
404,26.0,14.0,1.2178754708934358,66.0,1078.0,62355.0,17.370047862224766,0.6862649473167834,0.9996700296489178
405,27.0,0.0,1.1160985735380726,51.0,997.0,75199.0,17.032722449355962,0.7186854862862095,0.9997554614075497
406,27.0,1.0,1.291418500122027,37.0,959.0,75185.0,32.4073893028554,0.7040993798621048,0.9998084899092813
407,27.0,2.0,1.3234740680153647,51.0,944.0,75199.0,22.733087343918505,0.7399245971019723,0.9997874207044829
408,27.0,3.0,0.9792598573377755,55.0,1119.0,75203.0,19.741230274176022,0.7087418346196341,0.9997015500728585
409,27.0,4.0,1.0131557227941466,60.0,1065.0,75208.0,17.73659685527605,0.7303895451376098,0.9995711012774251
410,27.0,5.0,1.0000230409364934,47.0,1097.0,75195.0,28.03061909388286,0.7323432877797972,0.9991616712541141
411,27.0,6.0,1.0119926295528447,56.0,1157.0,75204.0,22.358779333049124,0.7232776996822067,0.9996319604457382
412,27.0,7.0,0.9530895466098377,60.0,1160.0,75208.0,19.349987741676234,0.7081276081378247,0.9991888351135976
413,27.0,8.0,1.165898638656547,80.0,1048.0,75228.0,11.785589982106625,0.6679427023741551,0.9997458325359212
414,27.0,9.0,1.0628809596127218,47.0,1095.0,75195.0,34.35926366359783,0.7337307733398124,0.9996156901867772
415,27.0,10.0,0.9974941304906394,50.0,1106.0,75198.0,25.34185545092393,0.7275461289307488,0.9996255471617734
416,27.0,11.0,1.043638731692984,42.0,1049.0,75190.0,31.458294589177154,0.7462112596847006,0.9996289771265703
417,27.0,12.0,1.0118168971855355,67.0,1103.0,75215.0,14.850139556563823,0.7437323367759039,0.9996454949490721
418,27.0,13.0,1.005676551897378,59.0,1035.0,75207.0,23.234923459383026,0.7314736056318156,0.9996661727531934
419,27.0,14.0,1.1095811778759699,57.0,823.0,74248.0,23.1956162226334,0.4758117842137195,0.9996718678534341
420,28.0,0.0,0.9704344488065382,45.0,1098.0,63593.0,27.247271831355476,0.7199520998255704,0.9996356085704723
421,28.0,1.0,1.0437015756597017,53.0,1109.0,63601.0,21.575742993137936,0.7349075080285086,0.9996762837303182
422,28.0,2.0,0.944528230845376,44.0,1074.0,63592.0,25.038107098746266,0.713779543436645,0.9995831408391209
423,28.0,3.0,0.997461939012213,66.0,1169.0,63614.0,18.845501106184354,0.7401296354487226,0.9996616621959054
424,28.0,4.0,0.9562509895016813,71.0,1049.0,63619.0,15.119844263451805,0.7013102181992608,0.9989909911123354
425,28.0,5.0,0.9944168218509714,46.0,1115.0,63594.0,23.611093886798404,0.7310033474996085,0.9996516024098726
426,28.0,6.0,1.3353956568346996,47.0,881.0,63595.0,20.484133382452093,0.6830819140735562,0.9997999353882061
427,28.0,7.0,1.1662304491405222,40.0,1103.0,63588.0,29.54919902601425,0.7173332071375075,0.9997662489039809
428,28.0,8.0,1.1876568268684395,42.0,1021.0,63590.0,34.498299595031234,0.7131951114388722,0.9997460912944877
429,28.0,9.0,0.9927205737973708,63.0,1099.0,63611.0,19.252381671798283,0.715049738087312,0.9996339142723134
430,28.0,10.0,1.0395191549118792,63.0,1096.0,63611.0,14.951197091887739,0.7346864288544115,0.9997418883584029
431,28.0,11.0,0.9250252145758981,48.0,1095.0,63596.0,24.346213768563107,0.711122112143432,0.9995746818394907
432,28.0,12.0,1.0402702916893314,56.0,1118.0,63604.0,21.6588313872446,0.7319828075006356,0.9996350470736208
433,28.0,13.0,1.5488445170978662,86.0,934.0,63634.0,15.19120846781546,0.6647682669570208,0.9996585028425662
434,28.0,14.0,0.9645589963892629,66.0,1108.0,63370.0,16.35118251523956,0.7155291020722256,0.9996320646472422
435,29.0,0.0,1.0602190877806528,68.0,1032.0,57778.0,14.817035875472758,0.7454795450131939,0.999628450266347
436,29.0,1.0,0.9795098836391323,44.0,1135.0,56610.0,29.437267931698738,0.7287722824340059,0.9997244511524103
437,29.0,2.0,0.9930435088593497,41.0,1157.0,60381.0,30.798334520302877,0.7285185421767884,0.998017807911661
438,29.0,3.0,1.0192850628992576,65.0,1119.0,64707.0,17.13253421506954,0.7467934140596357,0.9997320548724701
439,29.0,4.0,0.9713718552683139,40.0,1065.0,54399.0,25.0752935276961,0.7149706397692954,0.9996595758969097
440,29.0,5.0,0.9803037684339537,51.0,1049.0,58548.0,20.28609746233356,0.7175677791371375,0.9996271906256095
441,29.0,6.0,1.0160085127761003,40.0,1026.0,50097.0,27.311694651742243,0.7355171214306433,0.9996171007898761
442,29.0,7.0,1.0196207171101188,43.0,1098.0,57349.0,29.27908985218168,0.7249899516444314,0.9995949771134228
443,29.0,8.0,0.9923533725362095,39.0,1087.0,53553.0,20.920814724786876,0.7045477395829479,0.999623247408822
444,29.0,9.0,0.9650482945183575,52.0,1169.0,62088.0,21.990369857475788,0.7126266195132505,0.999698588361237
445,29.0,10.0,0.9823185316024701,47.0,1158.0,61642.0,25.61918572937971,0.7122042466082064,0.9997009542190913
446,29.0,11.0,1.016386190078961,44.0,1106.0,54300.0,38.25705193945854,0.7176842823251119,0.9995803709193366
447,29.0,12.0,1.0255601462259385,65.0,1144.0,66066.0,19.95031100162113,0.7374025136250899,0.999623312340054
448,29.0,13.0,1.1581480811253015,62.0,1065.0,57559.0,20.624876927383383,0.7507862372212447,0.9996552458119911
449,29.0,14.0,1.011134827345702,58.0,1117.0,65367.0,21.22220643660148,0.7346417598514277,0.9995688932855633
450,30.0,0.0,1.055974909068343,67.0,1035.0,63503.0,12.968938049379023,0.7345301668569786,0.9996729801974255
451,30.0,1.0,0.9493559217608528,45.0,1126.0,63481.0,18.43989919230774,0.7093941065023276,0.9995842924855437
452,30.0,2.0,1.0183038594669727,66.0,1147.0,63502.0,14.533537556687588,0.7146284833786363,0.9996736345026528
453,30.0,3.0,1.0115256063977083,64.0,1152.0,63500.0,18.25118575991331,0.7304471532729264,0.9996322225979334
454,30.0,4.0,1.0613078892250787,54.0,1069.0,63490.0,26.118226943664894,0.7307541673484979,0.9996851206658003
455,30.0,5.0,1.0062861344781429,52.0,1174.0,63488.0,22.18564564194567,0.7281252897426427,0.9996650855069799
456,30.0,6.0,0.964110411183664,49.0,1162.0,63485.0,22.88331770140107,0.717822628698306,0.9996374903203188
457,30.0,7.0,1.1049734787199206,64.0,1131.0,63500.0,15.890740854170419,0.7335986217070836,0.9993641043453497
458,30.0,8.0,0.9440077943394565,58.0,1110.0,63494.0,18.575459389551778,0.7090333435980916,0.9996818678673295
459,30.0,9.0,1.0146156490320681,71.0,1143.0,63507.0,16.984392528019196,0.7278116424887482,0.9996230106329813
460,30.0,10.0,0.9042581724835084,47.0,1224.0,63483.0,23.755785114886518,0.6960907450688855,0.9996601433461374
461,30.0,11.0,1.0184936450895876,56.0,1070.0,63492.0,19.745724051904222,0.7293358536681225,0.9996284812966321
462,30.0,12.0,0.9539359632108295,46.0,1115.0,63482.0,23.021330191650986,0.7108991549123118,0.9996228943530522
463,30.0,13.0,0.9955619949011381,56.0,1110.0,63492.0,20.18436777137913,0.7191752820619575,0.9996140162926175
464,30.0,14.0,1.2469002000857645,56.0,1043.0,63237.0,17.93223754024457,0.736973033150326,0.9997390525769068
465,31.0,0.0,1.1309055849357654,57.0,1068.0,74005.0,18.99937007812736,0.7109418981426451,0.9998181197232153
466,31.0,1.0,1.2704451925031683,59.0,1034.0,74007.0,16.59775060731408,0.739557126742795,0.9997405744169877
467,31.0,2.0,1.219127601297159,53.0,1043.0,74001.0,49.42347510610553,0.70205297569815,0.9997468514504905
468,31.0,3.0,0.944003302888496,38.0,1122.0,73986.0,28.746184372017883,0.7105795591232114,0.9996765121461487
469,31.0,4.0,0.9579094772399752,53.0,1130.0,74001.0,16.171020014500698,0.7229448681341274,0.9995927756854474
470,31.0,5.0,1.0085628579114734,54.0,1143.0,74002.0,24.340719582266818,0.7329517675455044,0.9996550459003538
471,31.0,6.0,0.9660915260883172,69.0,1114.0,74017.0,12.734209119119434,0.7145411406036384,0.9996555898090503
472,31.0,7.0,1.0246923422982133,48.0,1121.0,73996.0,19.529610894609874,0.7228310129384321,0.9996253304171593
473,31.0,8.0,0.9991611108805027,50.0,1107.0,73998.0,20.96431783986237,0.7184970437981226,0.9996557308784219
474,31.0,9.0,0.9474390055379027,62.0,1117.0,74010.0,17.06845893693325,0.7246955524672445,0.999574038157336
475,31.0,10.0,0.9945231224231665,35.0,1070.0,73983.0,30.25435568851495,0.7157202218680998,0.9997133021407395
476,31.0,11.0,0.9859384178634162,53.0,1106.0,74001.0,20.295834399187072,0.7118750986884097,0.9996604582095647
477,31.0,12.0,1.0273967789162322,58.0,1095.0,74006.0,24.583309495859776,0.7152073409949815,0.9995631877532115
478,31.0,13.0,0.9993416989814958,48.0,1142.0,73996.0,24.75070122515567,0.7251187395247373,0.9996227181997953
479,31.0,14.0,1.2397569308439935,61.0,1122.0,73693.0,23.499370985790243,0.6921821354924726,0.999706935661437
480,32.0,0.0,1.2435763803524829,48.0,1016.0,56194.0,25.464665098105662,0.7222496758167926,0.9997363098909142
481,32.0,1.0,1.4892837213665766,65.0,992.0,56211.0,17.107666403485013,0.6952372312402795,0.9998611412871138
482,32.0,2.0,1.2479855735741314,58.0,1035.0,56204.0,18.882100716382645,0.7199538155721406,0.999645308755042
483,32.0,3.0,0.9830967820516574,62.0,1119.0,56208.0,18.51096064740729,0.7172917716606215,0.9997023066782168
484,32.0,4.0,0.9624895417998436,77.0,1124.0,56223.0,14.757510086213301,0.7260598536823145,0.9996593866692294
485,32.0,5.0,0.9750598482265773,50.0,1121.0,56196.0,23.142838180291147,0.7196153285136687,0.9995404731739791
486,32.0,6.0,0.995089626501962,68.0,1131.0,56214.0,18.285666915626162,0.7224471618152177,0.9996127720004057
487,32.0,7.0,0.9993979541605791,42.0,1137.0,56188.0,27.027996398896956,0.7252824968219784,0.9996102366003411
488,32.0,8.0,1.0239997852890617,39.0,1127.0,56185.0,32.26276488546717,0.7313246450158173,0.9996002740049718
489,32.0,9.0,1.0324582405261464,62.0,1101.0,56208.0,19.33861176063321,0.7224836710366425,0.9996788230512325
490,32.0,10.0,1.0536052719242077,52.0,1129.0,56198.0,27.80873136277079,0.7457325179742786,0.9995899925110271
491,32.0,11.0,1.0216676434434935,43.0,1084.0,56189.0,28.938195961854827,0.7417291344218342,0.9996280630169332
492,32.0,12.0,1.0432355872122834,53.0,1066.0,56199.0,30.971694272173064,0.741734061976887,0.99962320605036
493,32.0,13.0,1.354556754016552,71.0,987.0,56217.0,16.109195076384744,0.7158703536941096,0.9995500969811691
494,32.0,14.0,1.0428684970273747,48.0,1034.0,55926.0,24.81545322316798,0.7344790615826914,0.9996796263985156
495,33.0,0.0,0.9760404948872001,66.0,1121.0,69767.0,16.88943962150102,0.721686219288722,0.999677507310025
496,33.0,1.0,1.3013800596463656,63.0,1047.0,69764.0,17.399352229673593,0.7103804986852165,0.9997488009671658
497,33.0,2.0,1.0032043328444193,54.0,1098.0,69755.0,19.799007771989704,0.7372252052911338,0.9995945056860274
498,33.0,3.0,0.9558391783368293,59.0,1082.0,69760.0,21.247292250726584,0.7219843097218508,0.9996631412644066
499,33.0,4.0,0.8994663414452291,41.0,1156.0,69742.0,28.254849109060586,0.7158361953282664,0.9996377098964194
500,33.0,5.0,1.2233241244585744,48.0,982.0,69749.0,25.790733841620085,0.674970954178194,0.999819477029389
501,33.0,6.0,0.9956637943974779,56.0,1103.0,69757.0,19.87500437881611,0.7340688010220837,0.9996578916080073
502,33.0,7.0,0.9808553872845021,49.0,1106.0,69750.0,21.69770102918748,0.7217078999014648,0.9996462547963634
503,33.0,8.0,0.9793262427551005,51.0,1137.0,69752.0,21.977762654143053,0.7017879278541186,0.9996213488156962
504,33.0,9.0,0.9938473342447018,56.0,1133.0,69757.0,19.281799344295376,0.7470394658502162,0.9996325040587383
505,33.0,10.0,0.9822708599949017,55.0,1130.0,69756.0,20.144431635621707,0.7218829953879329,0.9996260695184174
506,33.0,11.0,0.9441647472973573,61.0,1116.0,69762.0,17.999990480273116,0.7187490842901856,0.9996225876735323
507,33.0,12.0,0.9951178059257909,48.0,1138.0,69749.0,23.77177737812102,0.7318269920275998,0.9995926578525965
508,33.0,13.0,0.9730654560657424,46.0,1063.0,69747.0,22.368238268039438,0.7120543970396249,0.9996136066021909
509,33.0,14.0,1.0013303755083898,65.0,1152.0,69521.0,17.421262571658488,0.7353677214305973,0.9996004737570944
510,34.0,0.0,1.002539373220354,77.0,1093.0,62058.0,13.904379892212065,0.7259771783738826,0.9996512454745095
511,34.0,1.0,1.0525663912006815,61.0,1065.0,62042.0,23.815994964874147,0.7312700794713665,0.9996241882845136
512,34.0,2.0,1.0531762464678904,47.0,1188.0,62028.0,27.920204212407228,0.7445014610364422,0.9995970856849778
513,34.0,3.0,1.0053574350614356,51.0,1107.0,62032.0,22.737356172773314,0.7264290755636753,0.9995774916298146
514,34.0,4.0,1.0338466225415388,48.0,1072.0,62029.0,25.56148430924205,0.7406677972024739,0.9996352075870557
515,34.0,5.0,1.1186562068367618,69.0,1121.0,62050.0,17.996009103438027,0.7185624315887027,0.999619143327556
516,34.0,6.0,1.5811380017035241,85.0,989.0,62066.0,14.395581262118553,0.6508647450248592,0.9998344105572583
517,34.0,7.0,0.9637451056362574,59.0,1126.0,62040.0,17.9459058756755,0.7095546647403839,0.999694212825492
518,34.0,8.0,0.9939852061971683,46.0,1112.0,62027.0,24.41023686786777,0.7380907223845202,0.9995885238089615
519,34.0,9.0,1.0007250220476296,46.0,1093.0,62027.0,23.89812925114877,0.7290962673081578,0.9996375525922302
520,34.0,10.0,1.0065744942139063,54.0,1104.0,62035.0,20.079657822357927,0.7231193971094976,0.9995855373120485
521,34.0,11.0,1.0017770021105712,53.0,1059.0,62034.0,22.550671491239672,0.7421034559216257,0.9996627498741325
522,34.0,12.0,1.0018314218727276,65.0,1143.0,62046.0,17.89743800566054,0.7381619649752165,0.9995955925672032
523,34.0,13.0,0.9775873963758132,54.0,1126.0,62035.0,21.180657055322403,0.7178348742342969,0.9996284695900609
524,34.0,14.0,1.0575946912116834,37.0,1152.0,61769.0,43.215170349399436,0.7294878329468835,0.9996267992261193
525,35.0,0.0,0.9901740589653746,54.0,1119.0,58584.0,23.796821255872995,0.7226635350393372,0.999602300021404
526,35.0,1.0,1.0283993331625512,63.0,1034.0,58593.0,16.223984786022598,0.7319382698687246,0.9996227829532323
527,35.0,2.0,0.9696609500932851,45.0,1092.0,58575.0,25.61377875213235,0.7256853723528062,0.9996134749930495
528,35.0,3.0,0.9704477654621209,54.0,1135.0,58584.0,21.09344980170157,0.7194013935980594,0.9996063853907836
529,35.0,4.0,0.9741269470604402,58.0,1103.0,58588.0,18.506603071572034,0.7086286458479518,0.9996122859435599
530,35.0,5.0,1.0390429198453452,41.0,1107.0,58571.0,27.93734931221609,0.7475037998887676,0.9996511893499953
531,35.0,6.0,0.9885784969999938,61.0,1189.0,58591.0,22.558387993181356,0.7096751133898962,0.9996784969248192
532,35.0,7.0,0.9487245173044816,49.0,1144.0,58579.0,25.332189418982214,0.7087845923130252,0.9995988741727827
533,35.0,8.0,0.9751673743208878,50.0,1108.0,58580.0,21.157130440143522,0.7127234945381942,0.9996565308296091
534,35.0,9.0,1.0163887675655285,60.0,1171.0,58590.0,26.89244136801452,0.7362056749596884,0.9996341058721411
535,35.0,10.0,0.9368718766524317,59.0,1192.0,58589.0,20.25621993683494,0.7096851865156253,0.999558507176718
536,35.0,11.0,0.9557470553405335,40.0,1128.0,58570.0,35.20418395245397,0.7089526257722492,0.9996472923543325
537,35.0,12.0,0.9588390110870126,63.0,1086.0,58593.0,16.37651851984768,0.7071346381498015,0.999618138537324
538,35.0,13.0,1.040148709365376,45.0,1162.0,58575.0,62.91093222465279,0.7105096081199612,0.9996172463394859
539,35.0,14.0,0.9718632448821465,59.0,1091.0,58342.0,16.3458230451457,0.7324506259865384,0.9996741558464599
540,36.0,0.0,1.03058417309102,56.0,1043.0,61967.0,19.84026409795611,0.7408441979222382,0.9995969785531493
541,36.0,1.0,1.022873924742047,54.0,1141.0,61965.0,23.103881402345163,0.732457541199145,0.9996277350144989
542,36.0,2.0,0.9410266103097038,59.0,1101.0,61970.0,19.476299151990855,0.7158111776424703,0.999686055443733
543,36.0,3.0,0.9783903787801609,68.0,1077.0,61979.0,15.48015082509697,0.7153173877282887,0.9996444823480248
544,36.0,4.0,1.0049434488766182,48.0,1125.0,61959.0,23.85183352177668,0.7368254041680727,0.9996619528831131
545,36.0,5.0,0.9664605100956705,53.0,1072.0,61964.0,20.161890842188104,0.710861145729613,0.9996175161822949
546,36.0,6.0,1.0480504699926996,55.0,1119.0,61966.0,26.53350808183272,0.7407569868675867,0.9996575149366537
547,36.0,7.0,1.0046782375687706,36.0,1166.0,61947.0,27.75104309149587,0.7394013407537545,0.9992662127061746
548,36.0,8.0,1.0023479944304314,66.0,1136.0,61977.0,17.223159827509864,0.7326797727738668,0.9996910780504144
549,36.0,9.0,1.0757745792269384,66.0,1038.0,61977.0,18.046848491424964,0.7462200309871156,0.9995915148240196
550,36.0,10.0,0.959772489293705,58.0,1091.0,61969.0,18.261606737461836,0.7156794368933215,0.9996787488245203
551,36.0,11.0,1.0417888356030671,46.0,1080.0,61957.0,28.983219775554357,0.7305861885413502,0.9995952646113416
552,36.0,12.0,1.0999515065343446,64.0,850.0,61975.0,21.108681874013087,0.48677515989460496,0.9998113565736303
553,36.0,13.0,0.9350217092940418,56.0,1128.0,61967.0,18.65859760664149,0.7246181668208068,0.9996426130455619
554,36.0,14.0,1.0086915713352242,56.0,1093.0,61720.0,20.522207731075266,0.7320333537958095,0.999581683492961
555,37.0,0.0,0.9598392561279634,39.0,1081.0,58763.0,33.591769911591996,0.7072878404255925,0.9996342051829966
556,37.0,1.0,0.952630514979183,62.0,1126.0,58786.0,13.482135418797249,0.7142190439723484,0.9996558503937516
557,37.0,2.0,0.9064700374933851,49.0,1082.0,58773.0,22.03462666710499,0.7025094049210032,0.9996086830261518
558,37.0,3.0,0.968629404319093,52.0,1126.0,58776.0,20.820517183483645,0.7180637460457941,0.9996638171061719
559,37.0,4.0,0.9517325210055848,48.0,1086.0,58772.0,21.563752001785172,0.7105908620777102,0.999702846288578
560,37.0,5.0,0.9874093568629939,35.0,1058.0,58759.0,31.523773469434985,0.7301996673690643,0.9996642341736808
561,37.0,6.0,1.0260982449109655,53.0,1049.0,58777.0,23.785690865249546,0.7264450844171844,0.9996272913976343
562,37.0,7.0,0.9488320395017682,52.0,1187.0,58776.0,27.509632697128747,0.7174736645026166,0.9996700497480439
563,37.0,8.0,0.9517155934831466,45.0,1143.0,58769.0,23.624470730249584,0.7185724862934295,0.9996761774161476
564,37.0,9.0,1.0399051070990641,64.0,1053.0,58788.0,17.73132827094623,0.7360389756892747,0.9996330111309769
565,37.0,10.0,0.9909973364741951,93.0,1207.0,58817.0,9.529466873834895,0.709326654326983,0.9997254679204666
566,37.0,11.0,1.030672781134571,57.0,1142.0,58781.0,20.039040095898454,0.7386558732398139,0.9997075658493341
567,37.0,12.0,1.002597207471063,58.0,1086.0,58782.0,18.94443268847895,0.7348517194467363,0.9996722003252989
568,37.0,13.0,1.0043769600782722,57.0,1067.0,58781.0,16.216654518604557,0.7291855324942217,0.9996094869240539
569,37.0,14.0,0.9939228732493042,51.0,1106.0,58556.0,20.93742276034028,0.7262925269672903,0.9996877748451315
570,38.0,0.0,0.9702049202574434,71.0,1158.0,59595.0,18.1853482988054,0.7109316750804927,0.9995832155788734
571,38.0,1.0,0.9610497115753491,62.0,1139.0,59586.0,18.00504065908621,0.7195745986960951,0.9996470083634371
572,38.0,2.0,1.0421759942552202,50.0,1141.0,59574.0,37.92926706726595,0.7336942634992712,0.999674375499671
573,38.0,3.0,0.9202362205724515,56.0,1139.0,59580.0,19.3834384598926,0.7089068437535698,0.9995723181932651
574,38.0,4.0,1.0198077791226434,50.0,1096.0,59574.0,22.0893616219423,0.7408697574360781,0.9996354351772462
575,38.0,5.0,1.0137165942139976,50.0,1079.0,59574.0,24.63807144597281,0.740216250053195,0.9996440942659157
576,38.0,6.0,0.9866648628583929,50.0,1035.0,59574.0,21.762636285635026,0.7186923761286488,0.9996608300784524
577,38.0,7.0,1.288921805488346,64.0,1070.0,59588.0,16.38267826448446,0.6823631613623038,0.9996378283405822
578,38.0,8.0,1.0081424808911705,53.0,1057.0,59577.0,20.43028864468543,0.7317725162791786,0.9996327915303652
579,38.0,9.0,1.0297282612869552,42.0,1008.0,59566.0,30.653803357159507,0.7227630033152399,0.9996282220242603
580,38.0,10.0,0.9853228395071106,38.0,1087.0,59562.0,29.065122864938658,0.7173997034335624,0.9996412075192428
581,38.0,11.0,1.0473846731247807,46.0,1167.0,59570.0,28.89679840548294,0.7355788250682544,0.9995603860554485
582,38.0,12.0,0.9911105064026753,74.0,1119.0,59598.0,11.349369934080613,0.7222148928446167,0.9995822961014614
583,38.0,13.0,1.239548287952219,78.0,952.0,59602.0,10.781087812181605,0.6903475292068166,0.9996539510462894
584,38.0,14.0,1.0268544679266782,50.0,1087.0,59311.0,25.458309671610493,0.7324784651647183,0.9996755447010478
585,39.0,0.0,0.9956916047259252,54.0,1108.0,60718.0,19.770711259412007,0.7305855776710337,0.9996219097031007
586,39.0,1.0,1.0375939702638122,50.0,1100.0,60252.0,22.615368615755685,0.7293003133238523,0.9996031102288802
587,39.0,2.0,1.0615112485817098,86.0,1039.0,60082.0,10.57685204239866,0.7530677454945801,0.9997171270465822
588,39.0,3.0,0.9760928973985483,54.0,1147.0,67119.0,21.296920228016376,0.7240953958190731,0.9996216143125105
589,39.0,4.0,0.9523797674957699,41.0,1066.0,57610.0,25.375619672284174,0.7287689285345189,0.9996106007130573
590,39.0,5.0,0.9907706434422691,57.0,1097.0,61153.0,18.74528802930509,0.7363286722553501,0.9995729335888243
591,39.0,6.0,0.9757269565713129,48.0,1070.0,57164.0,21.006702507343377,0.7139027020137825,0.999736423791352
592,39.0,7.0,1.0334208305458974,63.0,1139.0,70189.0,21.253189215657173,0.7299080892289214,0.9995932717906734
593,39.0,8.0,0.938854321851354,49.0,1080.0,60789.0,20.963176811319567,0.7137364279711688,0.9996427070533775
594,39.0,9.0,1.2191842418804901,104.0,1024.0,61953.0,8.987710522977288,0.7853857723054053,0.9996532489201034
595,39.0,10.0,0.9519715700724428,45.0,1148.0,62228.0,25.06062946740916,0.7031757414113666,0.9995978345906859
596,39.0,11.0,0.9825399384006722,43.0,1154.0,61289.0,34.66476717055739,0.7093951582058897,0.9996120337570581
597,39.0,12.0,1.0054654102990073,49.0,1092.0,61378.0,22.821587708988172,0.731605812588609,0.9996264159922
598,39.0,13.0,0.9538000131387574,42.0,1081.0,58883.0,24.93701806874027,0.7106483567387667,0.9997199799707496
599,39.0,14.0,1.180277534148642,76.0,1037.0,73556.0,16.509864688383615,0.6817001840370067,0.9996936263106295
600,40.0,0.0,0.9913700106578907,60.0,1087.0,62332.0,14.07322155095369,0.714800320233091,0.9996354136325829
601,40.0,1.0,1.007406890862212,53.0,1143.0,62325.0,21.46102480119957,0.7308598420930621,0.9996291830199944
602,40.0,2.0,0.9859589654282732,53.0,1089.0,62325.0,10.979694586048751,0.7215740706630456,0.9996119742119846
603,40.0,3.0,0.9994038240565346,59.0,1124.0,62331.0,16.750978993737167,0.737702691958319,0.9996464242618635
604,40.0,4.0,1.4726034348690527,67.0,955.0,62339.0,16.707191376563276,0.6748280683901584,0.9997281216136567
605,40.0,5.0,1.0261363507342136,46.0,1118.0,62318.0,21.15970113846455,0.7181503901862871,0.9996264828284623
606,40.0,6.0,1.2027837386313591,68.0,1082.0,62340.0,13.260844561249373,0.7485780993553389,0.9997399865988269
607,40.0,7.0,1.0128378120207393,55.0,1112.0,62327.0,20.770693085755557,0.7344889629760736,0.9995934689266024
608,40.0,8.0,1.0297252241393862,53.0,1125.0,62325.0,30.219005357898727,0.7500103939189959,0.9996495733235576
609,40.0,9.0,1.0360073778059513,46.0,1146.0,62318.0,30.595369123794402,0.7351255061137298,0.9996421894863918
610,40.0,10.0,0.982309466206979,45.0,1114.0,62317.0,23.569747302808086,0.7174259692550775,0.9996349867156753
611,40.0,11.0,1.3303672657874799,69.0,789.0,62341.0,12.786895634233272,0.6704132684859271,0.9997522408537945
612,40.0,12.0,0.9934505504989863,58.0,1102.0,62330.0,19.70200666707558,0.7319770813098307,0.9996378770675469
613,40.0,13.0,0.9579450127881775,53.0,1195.0,62325.0,22.8610943243095,0.7140980407518674,0.9996016791920527
614,40.0,14.0,0.9824752377194839,56.0,1107.0,62083.0,19.780743910099538,0.7259506162375271,0.9996438819988912
615,41.0,0.0,1.050365971348004,58.0,1135.0,63095.0,21.678583471799538,0.747976832706436,0.9996194806065063
616,41.0,1.0,1.529901663280862,91.0,1105.0,63128.0,16.072695268686633,0.5747946704019198,0.9998626654616947
617,41.0,2.0,1.0069790084603634,50.0,1110.0,63087.0,21.653319013136002,0.7192664127963071,0.9996339024213781
618,41.0,3.0,1.2803067813979112,64.0,993.0,63101.0,18.163309878411866,0.6543690584546189,0.9996723165297037
619,41.0,4.0,1.1055459584003644,62.0,1101.0,63099.0,16.33732878700993,0.7448019773368866,0.9998570831338275
620,41.0,5.0,1.0282645650510605,43.0,1066.0,63080.0,25.074544812951743,0.7075933399506285,0.999690700926576
621,41.0,6.0,1.0078618109839343,49.0,1124.0,63086.0,28.270338265149643,0.7212150903177571,0.9996100093617872
622,41.0,7.0,0.9802195163292664,47.0,1212.0,63084.0,24.448119174301905,0.7306522803083196,0.9995623646445608
623,41.0,8.0,0.9698651397554786,57.0,1171.0,63094.0,19.90430947045789,0.7091334495726067,0.9996493156195873
624,41.0,9.0,1.1285710530968895,53.0,1075.0,63090.0,18.317220159929118,0.7385964647190908,0.9996438822715238
625,41.0,10.0,0.9258410867892826,53.0,1147.0,63090.0,19.97248847263928,0.7138320182662222,0.9996152251070347
626,41.0,11.0,0.9565371648553421,57.0,1173.0,63094.0,19.6917342871223,0.7084118906005974,0.9995987166036571
627,41.0,12.0,0.9762356961936787,68.0,1144.0,63105.0,16.29571719045485,0.7285015260444955,0.9996282781223199
628,41.0,13.0,0.9850374522405969,48.0,1113.0,63085.0,25.736238699764375,0.7125908128904743,0.9996033857939493
629,41.0,14.0,0.9717249244737141,68.0,1105.0,62832.0,15.511897294309206,0.7112184475893165,0.9996374044329941
630,42.0,0.0,0.9792816612255335,53.0,1138.0,65779.0,20.318699748385328,0.7187427466827242,0.9996563145844073
631,42.0,1.0,0.9674826907286005,61.0,1128.0,65787.0,19.88818001195864,0.7096789427283106,0.9996362399714442
632,42.0,2.0,0.9592091835894669,45.0,1109.0,65771.0,24.813114072109688,0.708638925728977,0.999692817070594
633,42.0,3.0,1.1639981033670932,64.0,1003.0,65790.0,14.622637144411211,0.7399579039103747,0.9997089582462074
634,42.0,4.0,0.9991130395001431,54.0,1185.0,65780.0,20.115221766345293,0.7034311521340397,0.999687034074962
635,42.0,5.0,0.9791914917843642,47.0,1163.0,65773.0,23.594429358343472,0.7280439513904149,0.9996212742615093
636,42.0,6.0,1.078188227083977,55.0,1007.0,65781.0,18.03122999916689,0.7415773362336451,0.9997614520904915
637,42.0,7.0,1.2165721934551255,77.0,942.0,65803.0,12.33569474790038,0.7392112141399845,0.9997434499939665
638,42.0,8.0,1.0807746776395897,67.0,993.0,65793.0,13.4201281840101,0.723484353552455,0.9997094409037145
639,42.0,9.0,1.0423394484522313,68.0,1182.0,65794.0,25.869588083141668,0.7381979697363275,0.999609025336993
640,42.0,10.0,1.0849904733870412,80.0,831.0,65806.0,12.107893917200363,0.4941824889124169,0.9998346384766663
641,42.0,11.0,1.3388284885781132,86.0,1057.0,65812.0,20.04720034015782,0.712759172586954,0.9996246152577096
642,42.0,12.0,0.9686211297660656,47.0,1112.0,65773.0,23.139435428450966,0.7111881169515184,0.9996842471000994
643,42.0,13.0,1.003806924748103,50.0,1118.0,65776.0,24.84918303309638,0.7208131114512863,0.9995821066437229
644,42.0,14.0,0.9931991910924978,53.0,1126.0,65524.0,20.736687072095187,0.7183713632211339,0.9996490937720421
645,43.0,0.0,1.126767976222204,51.0,1049.0,65396.0,19.903309274268707,0.7324987063826367,0.9997073463622373
646,43.0,1.0,1.2205047716123434,61.0,1090.0,65406.0,15.325617070692237,0.7272274729120217,0.9997671682696244
647,43.0,2.0,0.9468641035720617,47.0,1116.0,65392.0,28.773680219549902,0.7139004303303205,0.999571117923553
648,43.0,3.0,1.047253167769166,51.0,1120.0,65396.0,19.15577055966141,0.7272690545882146,0.9996982434377074
649,43.0,4.0,1.0983891697072712,56.0,1074.0,65401.0,17.951362605224524,0.7361837483620417,0.999694281632242
650,43.0,5.0,1.107868708159378,47.0,970.0,65392.0,18.593097480401585,0.7367387387897713,0.9998101835481039
651,43.0,6.0,1.3434165449382287,69.0,999.0,65414.0,10.917379539811208,0.6940233585410598,0.9997532466280251
652,43.0,7.0,0.9980294745090885,42.0,1085.0,65387.0,17.427237785169687,0.7184195903048871,0.9997660924588129
653,43.0,8.0,1.148371341171787,64.0,1004.0,65409.0,11.40394280449305,0.7276566436544293,0.9996688624384801
654,43.0,9.0,1.0118665265926647,56.0,1148.0,65401.0,21.23403277561497,0.7318741849613419,0.9996392324154268
655,43.0,10.0,0.9777055427941441,49.0,1119.0,65394.0,22.736043211530234,0.7096834759659676,0.9993867159623823
656,43.0,11.0,0.9665373827881241,52.0,1115.0,65397.0,20.59173861734704,0.7091939445177649,0.9993959185478928
657,43.0,12.0,1.0295938236725264,50.0,1119.0,65395.0,24.644296235731186,0.739440877959447,0.9996172116876233
658,43.0,13.0,0.9418249199954875,46.0,1121.0,65391.0,23.060157107602322,0.701481874259992,0.999684685976958
659,43.0,14.0,0.9881921602908837,56.0,1156.0,65163.0,21.189232635021792,0.7256305594452465,0.999584573277797
660,44.0,0.0,0.9605818671850455,65.0,1123.0,68644.0,17.903789577557163,0.7237756353040838,0.9996637369650342
661,44.0,1.0,0.9809245864762061,51.0,1124.0,68630.0,19.250815743039713,0.7276306664593538,0.9996486770261321
662,44.0,2.0,1.0041846520930018,45.0,1077.0,68624.0,25.38196536854647,0.732595445113797,0.999697739686625
663,44.0,3.0,1.0632368976140358,57.0,1069.0,68636.0,17.115065611867404,0.7423461374941023,0.9996434769108941
664,44.0,4.0,0.9888263519396134,35.0,1110.0,68614.0,30.835199066724954,0.7383113491012083,0.999617106066843
665,44.0,5.0,1.051433583543225,56.0,1104.0,68635.0,16.854701372300802,0.728078406889064,0.9996993007600287
666,44.0,6.0,1.1749690632460998,49.0,1079.0,68628.0,35.05618038179864,0.7191725973172667,0.9996443398373239
667,44.0,7.0,0.9634479959555652,54.0,1154.0,68633.0,21.22603914913746,0.7131041944356941,0.9996237767775472
668,44.0,8.0,1.0253690975111174,51.0,1088.0,68630.0,19.538166482559273,0.7216261188219035,0.9996662335055382
669,44.0,9.0,1.0229042223515716,51.0,1088.0,68630.0,21.23778749663547,0.7214200788881608,0.9996634394850006
670,44.0,10.0,1.1297060908924692,79.0,1060.0,68658.0,14.440027757148588,0.7485611049675085,0.9997225948288002
671,44.0,11.0,1.126874948218025,35.0,1092.0,68614.0,38.35008639665337,0.7390787038269454,0.9996796622894261
672,44.0,12.0,1.005017431898248,52.0,1167.0,68631.0,22.365535982551865,0.7092597174118269,0.9996236511300125
673,44.0,13.0,0.981126118068891,68.0,1189.0,68647.0,16.707236091445754,0.715273769584557,0.9996968903964838
674,44.0,14.0,0.9369517920419378,62.0,1215.0,68364.0,19.897766737192168,0.6964804320207783,0.9996557026413705
675,45.0,0.0,0.9411624279926878,58.0,1154.0,64283.0,18.41368075229089,0.7094996886196026,0.9996341781527386
676,45.0,1.0,1.0496212823061573,60.0,1106.0,64285.0,14.86234176763131,0.7348102633111095,0.9998207832633499
677,45.0,2.0,0.9363878893337092,41.0,1215.0,64266.0,28.577756760664368,0.6999462072892424,0.9996220508412414
678,45.0,3.0,1.0074874363930695,53.0,1100.0,64278.0,21.393925508274492,0.737581723782187,0.9997313654735314
679,45.0,4.0,1.0036162713500407,51.0,1114.0,64276.0,20.89522600333296,0.7335467868645101,0.9996543176879059
680,45.0,5.0,0.9460172746342328,42.0,1127.0,64267.0,24.939907911426157,0.7121138817342327,0.9996497453445181
681,45.0,6.0,1.0562086794911547,55.0,1045.0,64280.0,13.733321875688414,0.7397080371164253,0.9997118338173543
682,45.0,7.0,1.069372316197814,65.0,833.0,64290.0,20.847942180171493,0.4844780595036642,0.999781214702595
683,45.0,8.0,1.1296306190912557,57.0,1039.0,64282.0,22.288608217009955,0.7343724395511078,0.9997820879929992
684,45.0,9.0,1.010039768537711,70.0,1103.0,64295.0,18.507032282109567,0.7353164994424137,0.9995764741674985
685,45.0,10.0,1.0228332240332054,58.0,1117.0,64283.0,20.303738168632325,0.7278357815176244,0.9996485679761636
686,45.0,11.0,0.9885092569783247,46.0,1111.0,64271.0,23.79392127219182,0.722116633401646,0.9996254272302436
687,45.0,12.0,0.987356535090631,65.0,1090.0,64290.0,16.629677729290474,0.7375104301653681,0.9996713265429523
688,45.0,13.0,0.989400518194006,57.0,1090.0,64282.0,19.02734077142914,0.7251687880253774,0.9996164034455859
689,45.0,14.0,0.9946364105334622,44.0,1135.0,64033.0,26.05836710032398,0.7286388976218108,0.9996045333242584
690,46.0,0.0,1.2968989055096087,51.0,1098.0,63524.0,26.92496252888331,0.7133413460051541,0.9997835479773762
691,46.0,1.0,1.0328042552024304,46.0,1096.0,63519.0,31.69440475410796,0.726370323784115,0.9996113243131032
692,46.0,2.0,1.016328120235375,47.0,1040.0,63520.0,24.09565745815586,0.7198261550652424,0.9995769945056683
693,46.0,3.0,0.9873420085311828,57.0,1133.0,63530.0,20.435201093927162,0.7153695378592266,0.9996290281425029
694,46.0,4.0,1.0088417457058583,43.0,1054.0,63516.0,26.097197021358635,0.7291182114599328,0.9995766176214226
695,46.0,5.0,0.9780219058994227,43.0,1147.0,63516.0,25.498699297795923,0.7111522156575298,0.9996458713024651
696,46.0,6.0,1.0225862300362276,58.0,1128.0,63531.0,16.555544467909467,0.7268427014435898,0.9996277299135156
697,46.0,7.0,1.043512095352808,51.0,1123.0,63524.0,31.564775043782248,0.7371231220830201,0.9995633328880799
698,46.0,8.0,0.9834213573836696,47.0,1094.0,63520.0,22.427113484315782,0.7096345321072779,0.9996132840038056
699,46.0,9.0,1.0243831015447067,50.0,1103.0,63523.0,22.497653151225915,0.7310171748785395,0.9995831137471062
700,46.0,10.0,1.059175910664577,77.0,1023.0,63550.0,11.661007061414077,0.7581764502914881,0.9996456407324962
701,46.0,11.0,1.0553135701278857,40.0,1122.0,63513.0,43.485423446164624,0.7297234349120681,0.9996759167616819
702,46.0,12.0,1.0038236060683698,57.0,1146.0,63530.0,21.23126847061572,0.7281466326419024,0.9995637637605289
703,46.0,13.0,0.9933781960451022,53.0,1165.0,63526.0,26.052057492259166,0.7245546474836106,0.9995704005653203
704,46.0,14.0,0.9388725601721881,57.0,1104.0,63260.0,19.74146621253843,0.7055541054738814,0.9995901608580126
705,47.0,0.0,0.9538285281316867,38.0,1118.0,57008.0,25.308491042906535,0.7091344422032975,0.9997060135882235
706,47.0,1.0,0.9840651412379737,54.0,1023.0,57024.0,19.388155221830925,0.7368140279198967,0.9996519764989515
707,47.0,2.0,1.0134454524608616,39.0,1063.0,57009.0,28.32801515792109,0.7356060884246212,0.9996021108364761
708,47.0,3.0,1.0076362269872894,58.0,1145.0,57028.0,21.486538969594047,0.7329699956364648,0.9997465145904993
709,47.0,4.0,0.9894746997626236,44.0,1121.0,57014.0,27.14904246109785,0.7109588159936253,0.9997013200425152
710,47.0,5.0,0.963221692860023,67.0,1177.0,57037.0,16.981841330913486,0.7110029248004002,0.999625323529266
711,47.0,6.0,1.2854011749972574,59.0,1127.0,57029.0,24.04626784614178,0.7015613394705709,0.9996472077818354
712,47.0,7.0,1.040219736263142,43.0,1108.0,57013.0,40.594369494921295,0.7105000972744145,0.9996307250599963
713,47.0,8.0,1.0040694981516598,57.0,1221.0,57027.0,20.474254035517934,0.7203378521435349,0.9996137053658084
714,47.0,9.0,0.9511855452376694,50.0,1115.0,57020.0,22.535711040515668,0.71195963554017,0.9997156212415332
715,47.0,10.0,0.9211009509391954,63.0,1177.0,57033.0,19.539672308206704,0.7038122561931524,0.9996364864198851
716,47.0,11.0,1.1391397431781858,72.0,1058.0,57042.0,15.034039040272646,0.737421900757283,0.9996848210159066
717,47.0,12.0,1.0496747091757617,47.0,1048.0,57017.0,33.96453200907646,0.7403212660844167,0.999607331142302
718,47.0,13.0,1.1050769304296033,71.0,1102.0,57041.0,14.339979749162854,0.7258125985516483,0.9997021154706589
719,47.0,14.0,1.020055622215692,39.0,1063.0,56763.0,32.8827390300659,0.7312812195817198,0.9996214465447724
720,48.0,0.0,0.9395338650759648,50.0,1155.0,69505.0,23.516810753330603,0.7105165435624997,0.9996217988858187
721,48.0,1.0,0.9843177281486595,63.0,1155.0,69518.0,18.54058837477307,0.7241918223302497,0.999601856486538
722,48.0,2.0,0.9780393894391253,67.0,1140.0,69522.0,16.072704996237444,0.7291264652731104,0.9996803472222996
723,48.0,3.0,0.9836305991274326,51.0,1082.0,69506.0,15.525437300300462,0.7241924085863954,0.9996792748137405
724,48.0,4.0,1.0367200334327953,59.0,1093.0,69514.0,12.55257948030049,0.7351101051817053,0.9996329634802156
725,48.0,5.0,1.0403651597319363,53.0,1052.0,69508.0,16.634749931515426,0.7465377311737443,0.9996510869187347
726,48.0,6.0,1.0571055683809327,56.0,1012.0,69511.0,22.418499243022513,0.7562801705006454,0.9996400688578049
727,48.0,7.0,1.0151062537265854,43.0,1116.0,69498.0,25.96361580497651,0.7456042847378079,0.9996187619422076
728,48.0,8.0,0.9667987610863249,37.0,1029.0,69492.0,26.644757675175327,0.7177681851433534,0.9996258597940201
729,48.0,9.0,0.9544264920414727,44.0,1104.0,69499.0,24.208754661478476,0.7203539698656928,0.9996427843306106
730,48.0,10.0,1.016553394438278,44.0,1137.0,69499.0,27.180531440997054,0.7135898814189989,0.9996383467712313
731,48.0,11.0,1.0260171367180644,44.0,1012.0,69499.0,28.081666793725223,0.7320099637080012,0.9996208155106959
732,48.0,12.0,0.9800489127196967,57.0,1178.0,69512.0,20.380579155135937,0.7198205800711552,0.9996887913016221
733,48.0,13.0,1.004973243251875,55.0,1181.0,69510.0,17.857543598827206,0.7304890172954883,0.9995782618525891
734,48.0,14.0,1.337450069130575,100.0,1057.0,69235.0,10.693028465367036,0.6823103602065897,0.9996446623918611
735,49.0,0.0,1.057024527736091,55.0,1102.0,63197.0,23.658625979365922,0.7415153743389183,0.9995967633818137
736,49.0,1.0,0.9823386081795447,51.0,1137.0,61673.0,22.50739198607403,0.7215476401118095,0.9995842950312395
737,49.0,2.0,1.0527830287219786,39.0,1089.0,55431.0,31.516270978004595,0.74744722052829,0.9996256656246604
738,49.0,3.0,1.0720248042516607,72.0,1157.0,69386.0,13.559879512269882,0.7265380389729608,0.999708300707014
739,49.0,4.0,1.0404050433505452,56.0,1060.0,61363.0,25.50847237947874,0.735141501618582,0.9997233812410505
740,49.0,5.0,0.9597124988697137,37.0,1144.0,60231.0,29.07979377676918,0.7044466855217159,0.999810163003922
741,49.0,6.0,0.9966283944991765,46.0,1025.0,57161.0,26.395803537369215,0.719492869826595,0.9996545094487308
742,49.0,7.0,1.297508599499272,64.0,1030.0,66295.0,20.151258256694703,0.6929358464907711,0.9997718837371365
743,49.0,8.0,1.0067341236237926,45.0,1111.0,62578.0,23.61266996198347,0.7312029142124473,0.9995986990583607
744,49.0,9.0,0.9758057219882807,58.0,1177.0,68994.0,20.229698408223985,0.7138585552360595,0.9996556267915183
745,49.0,10.0,1.045585177171202,51.0,1134.0,65436.0,24.002280404012435,0.7426926408367415,0.999614085417302
746,49.0,11.0,1.138323410603784,69.0,1047.0,76587.0,16.13451362766562,0.6499337887160919,0.9997233195539869
747,49.0,12.0,1.0340438048095306,36.0,1075.0,56394.0,29.69070358810419,0.7401034032102192,0.9996165357749901
748,49.0,13.0,1.0152764492831998,50.0,1078.0,58375.0,27.898797734893986,0.73088463492745,0.9996492704684201
749,49.0,14.0,0.9965371225727317,40.0,1123.0,54804.0,26.946868791244416,0.7376758985893712,0.9996161371529767
