,round,tube,sp_div_H,tot_pop_0,tot_final_pop,tot_auc,mean_fc,deg_score,nut_score
0,0.0,0.0,0.48741276638179176,40.0,506.0,58678.0,12.64998735001265,0.2616926842375291,0.999760621515607
1,0.0,1.0,0.42235250719915873,40.0,477.0,33712.0,11.924988075011926,0.3646221485258273,0.4048804455403464
2,0.0,2.0,0.718917788714913,40.0,1153.0,65916.0,28.824971175028825,0.3924432467248067,0.8507300004965519
3,0.0,3.0,0.4960081744755952,40.0,474.0,57583.0,11.84998815001185,0.20243913574831507,0.6264698985730774
4,0.0,4.0,0.9475041444519451,40.0,321.0,14028.0,8.024991975008025,0.5031820065143431,0.4915442120101171
5,0.0,5.0,1.0086442382350844,40.0,501.0,39165.0,12.524987475012525,0.39026681877187763,0.5799719457968926
6,0.0,6.0,0.7507074327724657,40.0,506.0,35533.0,12.64998735001265,0.33535323315805243,0.4973804841520927
7,0.0,7.0,0.5847410677530243,40.0,477.0,32135.0,11.924988075011925,0.31955934674691067,0.4338251862203627
8,0.0,8.0,1.072368195674518,40.0,441.0,33806.0,11.024988975011025,0.36938957121744653,0.566267017283731
9,0.0,9.0,0.8533772015953529,40.0,154.0,11143.0,3.8499961500038498,0.3929188342894768,0.33257477570524707
10,0.0,10.0,0.6179585235845813,40.0,509.0,18200.0,12.724987275012724,0.47918326193737815,0.6770363682398699
11,0.0,11.0,1.3666722990052642,40.0,608.0,55334.0,15.199984800015201,0.4019589748021941,0.9996480049162523
12,0.0,12.0,1.0857128403930216,40.0,723.0,77992.0,18.074981925018076,0.3243090787178107,0.9997044175911138
13,0.0,13.0,0.39845304487987393,40.0,471.0,14237.0,11.774988225011775,0.40398758387560485,0.559368903896575
14,0.0,14.0,0.5533240141870526,40.0,530.0,76650.0,13.24998675001325,0.17033243661636788,0.9997437379946733
15,0.0,15.0,0.9717553045534006,40.0,594.0,76134.0,14.849985150014852,0.24969685419471677,0.999746650699044
16,0.0,16.0,1.136573348931179,40.0,161.0,12388.0,4.024995975004025,0.30442060508666513,0.34857743186577994
17,0.0,17.0,0.5783927610451676,40.0,545.0,58375.0,13.624986375013627,0.22429214647031348,0.8374482786864687
18,0.0,18.0,0.8339448142585918,40.0,1084.0,41485.0,27.0999729000271,0.4148699893778486,0.7474774765515959
19,0.0,19.0,0.5078281216554915,40.0,1240.0,49965.0,30.999969000031,0.40704844652066297,0.6912148263959585
20,0.0,20.0,1.0591792029081255,40.0,718.0,63211.0,17.94998205001795,0.31427149309253766,0.9961158344913011
21,0.0,21.0,1.0484888794553833,40.0,295.0,16997.0,7.374992625007375,0.4469726583825602,0.499002948010843
22,0.0,22.0,0.553881464213146,40.0,422.0,57544.0,10.549989450010552,0.1796616264123594,0.4999999829753108
23,0.0,23.0,0.8449754247392577,40.0,606.0,40597.0,15.14998485001515,0.5003929177910333,0.9994101317390178
24,0.0,24.0,0.2575930171713911,40.0,593.0,62077.0,14.824985175014826,0.21664297071977834,0.9296815514231548
25,0.0,25.0,0.8148179153348049,40.0,631.0,80387.0,15.774984225015777,0.25089550918298875,0.9997395002326855
26,0.0,26.0,0.9395590510420047,40.0,1252.0,49175.0,31.299968700031304,0.4718281252774905,0.8010791338247077
27,0.0,27.0,0.5867854078648622,40.0,885.0,35858.0,22.124977875022125,0.4604618540413452,0.8009822949034398
28,0.0,28.0,0.9995869303790794,40.0,947.0,59797.0,23.67497632502367,0.45797324037193043,0.9997024291037802
29,0.0,29.0,1.0524873895872653,40.0,500.0,19620.0,12.4999875000125,0.49999135164799724,0.8926939911760312
30,0.0,30.0,0.4390650863298252,40.0,408.0,54023.0,10.199989800010199,0.1800336336617192,0.4999999764249453
31,0.0,31.0,0.7620519135517576,40.0,149.0,7749.0,3.724996275003725,0.44181568145907,0.3160504931536655
32,0.0,32.0,1.0999804706577763,40.0,767.0,76591.0,19.174980825019176,0.26262940085288233,0.9997452292046125
33,1.0,0.0,0.43078421466115524,26.0,627.0,50814.0,25.54759817036858,0.27656320877216334,0.44478673118152445
34,1.0,1.0,0.5982695885852573,24.0,35.0,2248.0,1.8749978515650634,0.21891978170341198,0.20402234647193462
35,1.0,2.0,0.695409834432986,51.0,414.0,67204.0,9.396223232295446,0.2106386785641715,0.636993859079329
36,1.0,3.0,0.9025461195195662,60.0,1127.0,70064.0,15.548000997473638,0.428233645280492,0.9540027034883745
37,1.0,4.0,0.6951420844532743,40.0,535.0,40369.0,13.239729808439224,0.4316815653310687,0.7180394260169167
38,1.0,5.0,0.7802680015317138,36.0,594.0,40628.0,15.66248332189295,0.46769939209411293,0.913833836285374
39,1.0,6.0,0.2392704526444898,26.0,694.0,30238.0,23.55606050785231,0.3231532376325146,0.4875525564896248
40,1.0,7.0,1.3643360159362823,38.0,615.0,51553.0,16.573935343816963,0.40358909471078586,0.9996860642221174
41,1.0,8.0,1.1174280177645672,41.0,185.0,12597.0,4.671149036937969,0.3176347358385997,0.3481640481218927
42,1.0,9.0,0.5433660920233759,41.0,828.0,32649.0,19.450496233321267,0.44723738117432643,0.7344010713598403
43,1.0,10.0,0.23295982374254715,15.0,611.0,32736.0,49.86102918223401,0.31801670952122363,0.4074357244200255
44,1.0,11.0,0.5767185608644448,35.0,374.0,51798.0,10.288877510506493,0.18898167479118333,0.49999999655022875
45,1.0,12.0,0.8436549503005936,48.0,1199.0,45899.0,31.255253625526557,0.43142344307241276,0.7951481976444553
46,1.0,13.0,1.5802121959516264,51.0,733.0,60847.0,13.809507680637934,0.4707010660067841,0.9997846326438167
47,1.0,14.0,0.38669551177214134,31.0,411.0,55219.0,11.589570206554315,0.17086678640643826,0.49999998772850274
48,1.0,15.0,0.7330382390736057,37.0,589.0,40451.0,15.997998178008702,0.473407381203782,0.9201453143806452
49,1.0,16.0,1.428363458144384,51.0,685.0,59044.0,17.591033638064776,0.4026083815073572,0.9998224726747194
50,1.0,17.0,0.8616508731367725,41.0,591.0,74986.0,15.40520214808668,0.2324660257541662,0.9997441919056589
51,1.0,18.0,0.3898165140818145,33.0,505.0,13657.0,17.240776782451512,0.399774732703312,0.5527844077082746
52,1.0,19.0,0.7048675392023198,50.0,445.0,62060.0,10.532041237747972,0.19970143696938725,0.6459300188104431
53,1.0,20.0,1.1197389188534537,36.0,149.0,11519.0,3.983130437595841,0.27781766703759103,0.3122728852869687
54,1.0,21.0,0.7206864438204916,41.0,559.0,37933.0,15.848593078299908,0.43314516291503247,0.7221214688996079
55,1.0,22.0,0.7113062057826661,42.0,409.0,47089.0,10.718738610503337,0.25654627146727027,0.4999999602441435
56,1.0,23.0,1.1241180415369763,56.0,775.0,57265.0,13.6417749184293,0.47606845175616186,0.9995837767666701
57,1.0,24.0,0.9823393268409265,27.0,87.0,5210.0,3.4857099632708235,0.24050687268691773,0.24297728231124005
58,1.0,25.0,1.1975783129284245,61.0,962.0,69711.0,14.098142897400905,0.44885565688587303,0.999766942188845
59,1.0,26.0,-0.0,4.0,96.0,2910.0,23.99994000015,0.19780781174097817,0.22961078619986242
60,1.0,27.0,0.8309655610528315,38.0,161.0,6550.0,5.8458243590420444,0.37733847607078674,0.39765914253448964
61,1.0,28.0,0.15263427918983072,18.0,877.0,31336.0,49.499914537189774,0.2793988043772241,0.4638318620265851
62,1.0,29.0,0.9793155857098139,45.0,601.0,74326.0,13.5546414017879,0.2799696069547978,0.9997998146732762
63,1.0,30.0,1.529846250133806,71.0,897.0,44613.0,14.071984005784438,0.6339686099548323,0.999652693049097
64,1.0,31.0,0.5889712643321876,40.0,958.0,37562.0,24.139493238139814,0.42930658915461606,0.8478885659400971
65,1.0,32.0,0.4507200179595452,45.0,685.0,23073.0,16.52972003854585,0.4429030000563975,0.6156969826152592
66,2.0,0.0,0.5985893354225676,43.0,409.0,68772.0,6.812495417671384,0.15813312097257326,0.6594061861550082
67,2.0,1.0,1.4525133811928312,54.0,721.0,37208.0,14.761975672150285,0.586140503546994,0.91352396306374
68,2.0,2.0,0.8371098421853188,44.0,155.0,20190.0,3.1641921772985975,0.3035616983564615,0.36725099708771924
69,2.0,3.0,0.95334707734944,75.0,519.0,71590.0,5.742839422221101,0.2591669086940943,0.8435645542881407
70,2.0,4.0,1.119616738495589,49.0,748.0,53926.0,16.65127885034413,0.5093500431359488,0.999605825888517
71,2.0,5.0,0.72973062651857,55.0,1284.0,71556.0,21.336409649546383,0.34612584049635464,0.9183308323605502
72,2.0,6.0,0.599397009601155,37.0,511.0,79489.0,13.2219945511529,0.16731998566649642,0.9997380084896464
73,2.0,7.0,1.1047632483024064,39.0,738.0,56067.0,16.91267792761287,0.46888508618785196,0.9996250137322851
74,2.0,8.0,0.3718678005742656,27.0,423.0,28844.0,15.577760548784505,0.34627546579047974,0.38825794650366563
75,2.0,9.0,0.6122498429112044,50.0,525.0,74817.0,12.455116264870192,0.19384018265553138,0.9997679861958068
76,2.0,10.0,0.45056120886630463,20.0,666.0,49261.0,31.393909608231706,0.31580142187508053,0.49995716812529967
77,2.0,11.0,1.4985559086106501,70.0,674.0,42128.0,11.244632788510097,0.6270555451804146,0.9997950810566999
78,2.0,12.0,1.2501234447569818,71.0,789.0,49415.0,15.0211341071471,0.5366214721356073,0.9923027184960543
79,2.0,13.0,1.3481470971457432,47.0,783.0,35139.0,18.04432188770597,0.49705011947671884,0.8747355812867366
80,2.0,14.0,0.6490244017801485,30.0,160.0,6562.0,5.040172213815428,0.3486232313503237,0.3666016931342999
81,2.0,15.0,-0.0,8.0,588.0,51630.0,73.49990812511484,0.1601769420758522,0.29289315929520066
82,2.0,16.0,1.5355417511172675,71.0,788.0,39210.0,12.330188661304437,0.6519226029272016,0.99234061262222
83,2.0,17.0,-0.0,7.0,600.0,45730.0,85.71416326548105,0.1597083057877018,0.2928931742189298
84,2.0,18.0,0.8854201803062917,59.0,812.0,34956.0,17.496716146270323,0.4846638529915558,0.8631942853883798
85,2.0,19.0,1.5512673136305843,40.0,612.0,51769.0,15.233313529656588,0.4450571422471742,0.9997538266515149
86,2.0,20.0,0.4612958077551886,36.0,656.0,19885.0,16.899982475018305,0.4339579521306264,0.5937798366416803
87,2.0,21.0,0.6766081366506754,50.0,942.0,36182.0,22.155752510787703,0.45115354318795653,0.8595781300707019
88,2.0,22.0,0.32933234543282197,40.0,250.0,46116.0,4.28526465347053,0.12217788279662545,0.3996863375889599
89,2.0,23.0,0.5455199975066201,36.0,50.0,3654.0,1.3205117662730388,0.2932307003380348,0.24369078017233037
90,2.0,24.0,0.3113585327003421,17.0,618.0,48758.0,30.287847591861826,0.22237830921849133,0.4093365758379083
91,2.0,25.0,1.514178354211402,59.0,758.0,64034.0,13.004548747819758,0.4624869664107517,0.9997386163952188
92,2.0,26.0,0.9310047261993978,32.0,1020.0,64581.0,38.68798353776828,0.37085382320898286,0.8181003105009517
93,2.0,27.0,0.7778307750431899,48.0,389.0,44114.0,13.565470128896537,0.25746111063319643,0.49999997318416123
94,2.0,28.0,0.49686873192081954,34.0,614.0,64496.0,15.936883881334362,0.2732497718354252,0.9997218718668396
95,2.0,29.0,0.9482664658467247,59.0,1048.0,42625.0,20.607101831323504,0.4357317778166391,0.8018933616860383
96,2.0,30.0,0.34730361703366175,40.0,894.0,37860.0,13.893638999507775,0.3789258185916232,0.6020706350299685
97,2.0,31.0,1.4345652691971864,52.0,941.0,72858.0,18.356726347331765,0.47058040572180293,0.9997090344876478
98,2.0,32.0,0.3110018542897628,31.0,373.0,32132.0,10.380943701821332,0.2213478272174687,0.4436661155227404
99,3.0,0.0,0.42589293442754983,26.0,802.0,59768.0,49.25445078090212,0.2866199414706023,0.499880494697552
100,3.0,1.0,1.3363879019086857,52.0,753.0,40285.0,16.361479788673808,0.6093372215223501,0.9996868249236635
101,3.0,2.0,-0.0,15.0,457.0,18839.0,30.466646355569097,0.2892835452344634,0.3401142169307514
102,3.0,3.0,1.0096397322073847,93.0,680.0,79763.0,8.257965983013376,0.33437476162511537,0.9998456533159262
103,3.0,4.0,1.4788295531089923,35.0,874.0,65809.0,26.977729389876185,0.466647233691287,0.9997739039133572
104,3.0,5.0,1.174458513024501,44.0,792.0,60541.0,18.28369512725993,0.40153826782343693,0.9199935069127461
105,3.0,6.0,0.9598972401500907,61.0,1030.0,52167.0,15.339932119991586,0.45577794291503204,0.7275256500337197
106,3.0,7.0,1.1635112876162643,88.0,613.0,73744.0,7.296646778852457,0.30555759412311867,0.9997324010512392
107,3.0,8.0,1.03719006783575,67.0,904.0,62764.0,13.103422571403614,0.4891948248351564,0.9848182912287584
108,3.0,9.0,1.08824165288618,76.0,898.0,59285.0,12.623364144411584,0.5064222798544253,0.9997022818029059
109,3.0,10.0,1.4293847183781523,45.0,587.0,52787.0,14.658147373820142,0.3612692754256185,0.9997931951823192
110,3.0,11.0,1.0830993076445785,59.0,824.0,46710.0,20.168814791874635,0.4523205238747082,0.9013332034114389
111,3.0,12.0,1.407871427767717,57.0,892.0,42317.0,19.602968661053097,0.5817922593588034,0.9172940724930574
112,3.0,13.0,0.900847596626094,55.0,639.0,67232.0,16.03251030735266,0.2775953559984319,0.9997441913841106
113,3.0,14.0,1.6016857380732352,65.0,704.0,37788.0,12.752579571011566,0.6341237461143914,0.9996976596191389
114,3.0,15.0,1.1072161817429667,49.0,700.0,57211.0,16.490116561583612,0.4632514120133693,0.9943650848588712
115,3.0,16.0,0.9026728364876229,27.0,1066.0,67191.0,35.1716757362126,0.3607357595982492,0.872749396662007
116,3.0,17.0,0.8602182062053778,39.0,488.0,62015.0,11.896622514420505,0.2686411201157404,0.6957433628895313
117,3.0,18.0,1.1262487064478204,72.0,933.0,46640.0,15.223794448186839,0.483398241469029,0.859113004284781
118,3.0,19.0,1.4076501414219054,75.0,849.0,45747.0,12.04415148771602,0.6167843776212139,0.9713458211986544
119,3.0,20.0,1.2064582948545597,62.0,808.0,41429.0,13.3308366830011,0.4909310897469955,0.7516807407398027
120,3.0,21.0,0.26483840295771943,46.0,581.0,23306.0,9.380612512509046,0.3947108235297163,0.5339006769783885
121,3.0,22.0,0.9333418964093928,50.0,992.0,62306.0,23.101354943223186,0.44706189789358153,0.9996992112350106
122,3.0,23.0,0.6813725916065325,60.0,545.0,76012.0,7.1843726916965265,0.21733063290148824,0.9997282636995721
123,3.0,24.0,1.3015915922139376,47.0,485.0,28735.0,14.473582123966509,0.47598727583217726,0.5687958127363856
124,3.0,25.0,-0.0,12.0,559.0,48639.0,46.58329451392124,0.1600594861804221,0.2928931673777905
125,3.0,26.0,1.5166495067645271,45.0,775.0,59252.0,16.977441486153722,0.45001787501918233,0.9998055548705577
126,3.0,27.0,0.473027068942785,46.0,638.0,21699.0,12.164413719307936,0.4398233336488204,0.5829709504828917
127,3.0,28.0,0.3346724161677427,49.0,559.0,17793.0,12.604723462427796,0.4741554053243411,0.6134617176781754
128,3.0,29.0,0.31705553520058427,39.0,525.0,17205.0,12.09645346876865,0.3978567508440559,0.5523522113662831
129,3.0,30.0,1.2938964566459865,72.0,905.0,48243.0,11.791789697100283,0.5850247437915155,0.9603111292498882
130,3.0,31.0,0.9379646078166664,64.0,686.0,51471.0,10.418309651398195,0.4705596950519886,0.6918146713999465
131,3.0,32.0,0.4259182009657224,22.0,619.0,53298.0,36.16959944361166,0.2855380364510177,0.4621758215740065
132,4.0,0.0,1.1788126873841598,63.0,497.0,32896.0,8.837340124341232,0.4522953370105497,0.5456178582150049
133,4.0,1.0,1.4777787135690508,110.0,627.0,72321.0,6.677362510613177,0.37782697786238073,0.9998193231078557
134,4.0,2.0,1.3757823162926064,63.0,774.0,37522.0,14.406354559215629,0.6071672187737946,0.9448880053799504
135,4.0,3.0,-0.0,8.0,410.0,13723.0,51.249935937580084,0.28595503733052696,0.33634574482744406
136,4.0,4.0,1.197541831917111,74.0,849.0,53901.0,15.608430461668172,0.5462811530063174,0.9996083908309289
137,4.0,5.0,1.3929589628198051,81.0,789.0,54128.0,12.556591860705224,0.5711269265167105,0.9997180516875459
138,4.0,6.0,-0.0,13.0,427.0,14898.0,32.84612857990109,0.2869291332744116,0.3373354864775223
139,4.0,7.0,0.9440141004015543,62.0,1362.0,64154.0,19.565230148111866,0.4743591910861634,0.8953728674308709
140,4.0,8.0,0.7578404651259836,63.0,576.0,73239.0,8.728345655660135,0.2525991669704334,0.9997399118705885
141,4.0,9.0,1.3377514639680952,82.0,693.0,75844.0,8.385423036301969,0.40091819219326197,0.9997342150976771
142,4.0,10.0,1.3004157497474467,43.0,669.0,53695.0,18.35551090986904,0.4037995650915528,0.7590431564780808
143,4.0,11.0,1.1893105402157995,51.0,785.0,60966.0,14.195843314736512,0.4041878999961045,0.9606158332872463
144,4.0,12.0,0.6532769006598677,46.0,730.0,40842.0,63.00333032306347,0.42531921682757823,0.5769679438613293
145,4.0,13.0,1.057706374251182,56.0,970.0,43746.0,15.49442800619233,0.4620272690338808,0.8216024891551025
146,4.0,14.0,-0.0,9.0,436.0,15931.0,48.444390617343764,0.286953066916805,0.33739565125518034
147,4.0,15.0,1.243315529357323,69.0,1073.0,64126.0,14.830542417551678,0.5077643497978563,0.9972526793641195
148,4.0,16.0,-0.0,13.0,440.0,15841.0,33.846127810670914,0.2850690783465455,0.33745258326473115
149,4.0,17.0,0.8380662723435205,39.0,1062.0,61017.0,31.543116772090052,0.3569342196877582,0.944401998117943
150,4.0,18.0,0.43140292303281014,16.0,503.0,59895.0,27.74996791670597,0.21377891206359179,0.9997381379105187
151,4.0,19.0,0.994501696301073,32.0,971.0,60392.0,29.27496270421694,0.40179829647800724,0.9975006921498393
152,4.0,20.0,1.0379849237271686,52.0,1016.0,50296.0,16.256465261796894,0.4703515350074293,0.8603778672919618
153,4.0,21.0,1.6458408558351443,65.0,743.0,39957.0,15.242840789431218,0.6415781206303113,0.9997011489994602
154,4.0,22.0,1.193132333711979,96.0,800.0,74216.0,12.308372130014954,0.4341051535636835,0.9997880640592189
155,4.0,23.0,1.587375084049705,61.0,783.0,65851.0,14.04725087266151,0.48836157159066407,0.9998289297427196
156,4.0,24.0,-0.0,9.0,425.0,15449.0,47.22216975314472,0.28726525765276956,0.3373429236492146
157,4.0,25.0,-0.0,6.0,389.0,10115.0,64.83322527795788,0.27527314855560003,0.3302528315037567
158,4.0,26.0,0.9284097781590132,36.0,141.0,10525.0,3.9529173183015196,0.3158280852026546,0.3404738002279225
159,4.0,27.0,1.5417869788929925,38.0,797.0,62957.0,21.370207870709145,0.4715353044564349,0.9997988797699925
160,4.0,28.0,0.8425985160343322,67.0,744.0,43111.0,8.915381950087037,0.5373317435515546,0.8278315912625759
161,4.0,29.0,1.3485330733656373,46.0,705.0,32648.0,22.06741728457123,0.4972332968593687,0.8145912595558399
162,4.0,30.0,1.462192541808034,51.0,758.0,61640.0,16.94664658415197,0.4697028800181293,0.99971549965771
163,4.0,31.0,1.0375289362306077,85.0,661.0,74639.0,9.631380384442048,0.3508603782083841,0.9998642803535425
164,4.0,32.0,1.0453818657887743,33.0,1083.0,73070.0,33.04162502320264,0.41380740589429266,0.9792745178803803
165,5.0,0.0,0.36209668723703986,27.0,1590.0,16168.0,84.42578863191305,0.34079290103244886,0.9052338229737024
166,5.0,1.0,1.5251726161828687,44.0,744.0,16185.0,18.632355569138085,0.4549744767383559,0.9997973616525633
167,5.0,2.0,0.887283074901206,70.0,1055.0,16211.0,12.94443378936252,0.43796658394022436,0.8341320184387542
168,5.0,3.0,1.5657335061520734,61.0,812.0,16202.0,13.983888040479926,0.49420686834784056,0.999699293785519
169,5.0,4.0,0.9910601689238026,66.0,1220.0,16207.0,20.370856337970203,0.45872831372951917,0.815415724416853
170,5.0,5.0,1.633167219689925,75.0,667.0,16216.0,10.602472900555515,0.36420156920041336,0.9997382876929499
171,5.0,6.0,0.7365257872326528,56.0,442.0,16197.0,7.726856491521083,0.24771183454973178,0.5411118341026389
172,5.0,7.0,1.1474615543093787,59.0,885.0,16200.0,22.609486370081857,0.48783878209644593,0.7766185100064719
173,5.0,8.0,1.367611700715397,72.0,973.0,16213.0,14.263871540579343,0.6054724928812982,0.9943249196345161
174,5.0,9.0,1.530044667882442,59.0,660.0,16200.0,11.09291729794064,0.4683135654396149,0.9997278072897984
175,5.0,10.0,1.165480829669522,62.0,752.0,16203.0,18.1405566631917,0.4715788164511998,0.9107974156745016
176,5.0,11.0,1.4730351064697689,59.0,673.0,16200.0,11.293005910635651,0.4188962794257226,0.9998683240273173
177,5.0,12.0,1.0673841211040977,62.0,978.0,16203.0,25.922575991818576,0.4595904206959519,0.8079239097096349
178,5.0,13.0,1.563490619117176,47.0,806.0,16188.0,21.869055862101256,0.46065209250297523,0.9998296841975844
179,5.0,14.0,0.6837428241580581,28.0,241.0,16169.0,8.566660545303542,0.25312707010190816,0.3380960055145382
180,5.0,15.0,1.5790264817786608,66.0,730.0,16207.0,14.169335910182726,0.6326749313551776,0.9997622923624505
181,5.0,16.0,0.9642249396185145,52.0,937.0,16193.0,15.638448072031085,0.39750805490773333,0.9568602143871976
182,5.0,17.0,1.0499150890568205,72.0,827.0,16213.0,12.18188961436846,0.4806008065697054,0.8911408516990371
183,5.0,18.0,1.5862633153226104,56.0,651.0,16197.0,12.497910850266846,0.4857261842321251,0.9997020205807927
184,5.0,19.0,1.3873778973954927,58.0,759.0,16199.0,13.324603300966553,0.4148514438858616,0.9997879051315461
185,5.0,20.0,0.8232354739454345,42.0,563.0,16183.0,12.797128260526915,0.4357858792318834,0.4999807191466359
186,5.0,21.0,0.7348699091362789,61.0,663.0,16202.0,8.609354146690498,0.4237863322268818,0.6753896695964612
187,5.0,22.0,1.4828437637355467,50.0,701.0,16191.0,14.4608233593198,0.42823979159300607,0.9998051733801905
188,5.0,23.0,-0.0,8.0,393.0,16149.0,49.12493859382676,0.28038718814247676,0.3319021267996437
189,5.0,24.0,1.2387095658726675,32.0,828.0,16173.0,30.150928895654587,0.4552203486305475,0.9996856246942593
190,5.0,25.0,-0.0,14.0,403.0,16155.0,28.785693724504483,0.28782631089308874,0.3371637155356073
191,5.0,26.0,1.19692946551863,60.0,799.0,16201.0,13.822207805879302,0.47478066392903173,0.777215545068382
192,5.0,27.0,1.0567855985693875,40.0,1053.0,16181.0,25.06514508848987,0.40376290287792027,0.9788790601153063
193,5.0,28.0,-0.0,8.0,437.0,16149.0,54.624931718835356,0.2860256860919347,0.3362810720578575
194,5.0,29.0,1.449135863496586,50.0,739.0,16191.0,13.91186944837401,0.42268616325742714,0.9997859273430939
195,5.0,30.0,1.0610259666091273,56.0,436.0,16197.0,7.160082694475057,0.30599420342377437,0.5473583183314665
196,5.0,31.0,0.8346462166846851,20.0,1195.0,16161.0,58.2665715335022,0.3658433201421065,0.99978790249078
197,5.0,32.0,0.5965247253339918,13.0,377.0,15941.0,33.68743764074345,0.3946621402804742,0.4988880265559825
198,6.0,0.0,1.4736929586166823,63.0,793.0,68542.0,12.755287715584405,0.4663209848130556,0.9996923528132248
199,6.0,1.0,0.5879149820049665,18.0,691.0,68497.0,67.98867260441119,0.3785213397706716,0.6653951396643909
200,6.0,2.0,1.1945798392103326,62.0,934.0,68541.0,13.294809265904314,0.40433483680108906,0.9997263108469018
201,6.0,3.0,1.5248340100077096,51.0,672.0,68530.0,14.165857099256769,0.4117155206979136,0.9998210008784241
202,6.0,4.0,1.4721492738252524,46.0,873.0,68525.0,17.349648162589066,0.4650711117007683,0.9997420683464739
203,6.0,5.0,1.1470312405498355,61.0,1030.0,68540.0,16.99998251018984,0.4871890590109368,0.7953747731515428
204,6.0,6.0,1.0449250034858126,39.0,217.0,68518.0,5.286358476038104,0.4006870757226424,0.4815555423291815
205,6.0,7.0,1.1055562938737795,44.0,603.0,68523.0,12.942049513226953,0.343730068880686,0.9997601039218513
206,6.0,8.0,1.2401093286529734,52.0,689.0,68531.0,20.196251107688553,0.4860055730907631,0.8066208850794966
207,6.0,9.0,1.26271753112283,54.0,507.0,68533.0,9.349081716593851,0.30502356197189395,0.560713342797411
208,6.0,10.0,1.4264167698617847,98.0,676.0,68577.0,6.812793880308681,0.345746244737559,0.9998158400436332
209,6.0,11.0,-0.0,10.0,423.0,68489.0,42.2999577000423,0.28507600587197923,0.3367570942775401
210,6.0,12.0,1.543661092922863,58.0,761.0,68537.0,12.323460736279339,0.471940481640135,0.9997953995739751
211,6.0,13.0,1.0514890935376484,55.0,952.0,68534.0,20.58069073460863,0.4619400165308699,0.7494367068904135
212,6.0,14.0,0.8934442792013798,38.0,887.0,68517.0,25.321670316507664,0.3651494535851928,0.9055696175576953
213,6.0,15.0,1.4918524196658116,64.0,736.0,68543.0,13.456207349902465,0.45757393918527134,0.9998439332884096
214,6.0,16.0,1.0108605084804148,46.0,1043.0,68525.0,35.0216038149789,0.4220382029434142,0.9997865915407811
215,6.0,17.0,-0.0,6.0,363.0,68485.0,60.49989916683472,0.28273774628340187,0.3336703271375747
216,6.0,18.0,1.440162727133024,63.0,875.0,68542.0,22.88038527511783,0.43866643017164686,0.9998351043415419
217,6.0,19.0,-0.0,8.0,374.0,68487.0,46.74994156257305,0.28702658113538404,0.3363093965713382
218,6.0,20.0,1.0258722263583424,39.0,952.0,68518.0,25.674213979098518,0.4335877473261843,0.7350042134320389
219,6.0,21.0,1.5688071599521094,64.0,750.0,68543.0,11.240424408639276,0.4802485169329539,0.9997429855344332
220,6.0,22.0,1.4955615285408623,54.0,664.0,68533.0,11.838083528357792,0.4549133514128888,0.9997088471830771
221,6.0,23.0,0.9012059882380042,52.0,1142.0,68531.0,23.07075508035532,0.4186139872438792,0.9997361487309518
222,6.0,24.0,1.129258165193402,62.0,605.0,68541.0,10.76433959956063,0.38706256792022853,0.9997340090782011
223,6.0,25.0,-0.0,12.0,394.0,68491.0,32.83330597224502,0.2866909836853355,0.33562435879078767
224,6.0,26.0,0.09187703676356046,21.0,434.0,68500.0,21.663614733079456,0.3891352938282756,0.41617107909603
225,6.0,27.0,0.8682541785712038,34.0,1053.0,68513.0,30.734821522636185,0.3679702428680731,0.9520791390719066
226,6.0,28.0,1.5724989087063599,53.0,812.0,68532.0,18.100534120935208,0.49115148176518064,0.9997907427379287
227,6.0,29.0,0.9238479468358874,60.0,945.0,68539.0,16.13196827822871,0.4045385118665792,0.9997200209423982
228,6.0,30.0,1.0984243321546128,44.0,687.0,68523.0,15.244427343229352,0.44249441082549335,0.8154009043317224
229,6.0,31.0,0.8824799429723966,29.0,1125.0,68508.0,42.47217096368955,0.3712843736372232,0.9878011478805364
230,6.0,32.0,1.0224208947599596,48.0,977.0,67637.0,21.841288232704375,0.4001108059128824,0.9997848518018897
231,7.0,0.0,0.9821729152447125,38.0,843.0,16978.0,23.154014916108096,0.43270120136026435,0.6396884046352581
232,7.0,1.0,1.4957799168988941,63.0,664.0,17003.0,11.701042992139875,0.4724966099695874,0.9998020969788312
233,7.0,2.0,0.20495811477448594,27.0,896.0,16967.0,33.37218490636892,0.343599147811502,0.49999993456246383
234,7.0,3.0,-0.0,12.0,463.0,16952.0,38.58330118058235,0.2874474851813852,0.34074059435050474
235,7.0,4.0,0.7008823625800178,34.0,976.0,16974.0,28.54182076702847,0.3767969188928115,0.9695531939175307
236,7.0,5.0,1.0971998831183243,67.0,697.0,17007.0,10.452660016663952,0.47138240913369234,0.6927694511584648
237,7.0,6.0,1.3609284094358505,60.0,617.0,17000.0,11.229988863761827,0.4587773667828977,0.6996244161117864
238,7.0,7.0,1.2532874295527832,53.0,663.0,16993.0,12.373523597888651,0.4398596862582127,0.7782206308036365
239,7.0,8.0,1.1555829146469945,47.0,841.0,16987.0,17.54872216396976,0.4184950200666312,0.9402675159896683
240,7.0,9.0,0.4209726686822796,35.0,587.0,16975.0,13.91268735769637,0.28819417834363814,0.4540640276548873
241,7.0,10.0,0.920702084794017,39.0,951.0,16979.0,32.09086240353816,0.44930563086287234,0.7040191406583804
242,7.0,11.0,-0.0,7.0,455.0,16947.0,64.9999071429898,0.28683263376138923,0.33715660474492426
243,7.0,12.0,-0.0,4.0,341.0,16944.0,85.24978687553282,0.26023555841092394,0.3204641995783576
244,7.0,13.0,-0.0,5.0,429.0,16945.0,85.7998284003432,0.28193865108220895,0.3331406315600499
245,7.0,14.0,0.8939617882990728,47.0,1175.0,16987.0,28.58980522888147,0.42063689800939374,0.9997603220112186
246,7.0,15.0,0.9518981558702537,47.0,1120.0,16987.0,22.026745639759493,0.41953328530170075,0.9997029963301899
247,7.0,16.0,1.296185461328517,50.0,641.0,16990.0,15.33688131484809,0.480155513458955,0.8768438985667026
248,7.0,17.0,0.6869837334550133,17.0,1118.0,16957.0,66.54991823581778,0.3099360401940089,0.9123316872428027
249,7.0,18.0,0.8572332550215196,53.0,1396.0,16993.0,27.944016322813393,0.4578254218931769,0.891715018066112
250,7.0,19.0,1.2525000056464712,48.0,870.0,16988.0,17.472853724771202,0.4750693460586578,0.9997507121525636
251,7.0,20.0,0.5852273954078947,25.0,543.0,16965.0,24.745997629173093,0.2652939696269476,0.9997590722044042
252,7.0,21.0,1.3758224588061887,67.0,615.0,17007.0,7.813668779265512,0.4003611821915507,0.9998656064141693
253,7.0,22.0,1.0871657830675878,62.0,925.0,17002.0,17.473961468497194,0.47890180146951566,0.8009603373031343
254,7.0,23.0,-0.0,12.0,453.0,16952.0,37.74996854169288,0.28531475931637074,0.3374261813232431
255,7.0,24.0,1.3183135088183866,79.0,933.0,17019.0,10.605263244583867,0.4711423344218314,0.9926605581881732
256,7.0,25.0,1.5842255631894588,101.0,653.0,17041.0,6.615818838809973,0.3896390065098192,0.9998979233947668
257,7.0,26.0,-0.0,9.0,365.0,16949.0,40.55551049387723,0.26526832812521084,0.3237629481888359
258,7.0,27.0,1.578376238494081,90.0,682.0,17030.0,6.727319969099504,0.36989270328175705,0.9999191998698976
259,7.0,28.0,1.5551735579762676,84.0,520.0,17024.0,7.344761543916629,0.460143089467582,0.6841323071668288
260,7.0,29.0,1.3615678446017647,66.0,726.0,17006.0,10.622428046394822,0.468409990111994,0.6821481179642473
261,7.0,30.0,1.2425247740376109,61.0,896.0,17001.0,31.72059576160032,0.4709821099959629,0.9997410196040947
262,7.0,31.0,1.209890582905529,73.0,894.0,17013.0,12.377564451756546,0.489661528993779,0.8756450799916142
263,7.0,32.0,-0.0,11.0,477.0,16774.0,43.3635969421846,0.28739657146111297,0.3373629553182721
264,8.0,0.0,1.2666398879066931,73.0,903.0,63748.0,14.533217128931556,0.4635187822908883,0.9500282560154754
265,8.0,1.0,0.6846367633910644,21.0,1113.0,63696.0,54.442251270401826,0.3106551767036104,0.9122493636589857
266,8.0,2.0,0.9643246732311911,49.0,385.0,63724.0,9.695866211243004,0.4164759412873861,0.5855664366257136
267,8.0,3.0,1.2710984983374174,60.0,957.0,63735.0,14.552793569597524,0.4630436763818925,0.9716387297034355
268,8.0,4.0,1.1028769106822351,65.0,882.0,63740.0,17.749143797813737,0.47423488867752084,0.728772326404159
269,8.0,5.0,1.0212511242853552,43.0,1139.0,63718.0,33.3960605594458,0.4065228457193055,0.9998544733348088
270,8.0,6.0,1.3906407352607437,68.0,711.0,63743.0,14.543738287821046,0.5000285343753968,0.7936113359462514
271,8.0,7.0,-0.0,11.0,401.0,63686.0,36.454512314079714,0.28600372856477696,0.33597042130776344
272,8.0,8.0,-0.0,10.0,444.0,63685.0,44.3999556000444,0.2866468889176982,0.33717093335363946
273,8.0,9.0,1.12083620534435,84.0,993.0,63759.0,9.643227584530067,0.4801804640075311,0.7904645153148876
274,8.0,10.0,0.6866723268318953,25.0,1214.0,63700.0,48.597363121132204,0.3115250723090609,0.9049405196777924
275,8.0,11.0,1.6046656539621598,81.0,626.0,63756.0,7.708372597122129,0.33871495976303356,0.999790486540204
276,8.0,12.0,0.7960784434642592,63.0,513.0,63738.0,6.623353061777099,0.4776343231127267,0.49999998627933684
277,8.0,13.0,0.9561675909652114,56.0,1248.0,63731.0,19.646492898972017,0.4601235230876045,0.8121904687022978
278,8.0,14.0,0.828892188167054,37.0,1213.0,63712.0,30.527739263166033,0.4216814351529412,0.7732203821148278
279,8.0,15.0,-0.0,7.0,643.0,63682.0,91.85701163284052,0.15713371054026892,0.29289316762738793
280,8.0,16.0,0.39326967047271244,25.0,419.0,63700.0,16.294859110792263,0.18882999383063825,0.9818840132198894
281,8.0,17.0,1.1181053451105352,62.0,920.0,63737.0,14.170224546470719,0.41635472455130784,0.9997058755136877
282,8.0,18.0,0.6724479503459222,23.0,1159.0,63698.0,50.93177333853818,0.3104996916340069,0.912304449783572
283,8.0,19.0,0.7979455964172932,56.0,481.0,63731.0,8.744234474130277,0.26001822659431884,0.4999999333711941
284,8.0,20.0,1.1398410442393683,41.0,972.0,63716.0,45.502964145604125,0.4184801046391361,0.9997805724776139
285,8.0,21.0,0.18676424989941776,24.0,899.0,63699.0,49.86102807884205,0.3252698452274062,0.49004729673460845
286,8.0,22.0,1.2071256757025401,73.0,364.0,63748.0,6.037857066254596,0.36196758747450786,0.5131902620919009
287,8.0,23.0,1.0357801391565555,55.0,1099.0,63730.0,17.03816821711863,0.3891028519907448,0.9997474025068702
288,8.0,24.0,1.098049492917906,61.0,983.0,63736.0,17.19045748213239,0.47912952838128253,0.804111832540823
289,8.0,25.0,1.283898278779442,86.0,838.0,63761.0,11.247802567141719,0.4959308774238441,0.8277844479480132
290,8.0,26.0,1.1760257187257934,82.0,960.0,63757.0,13.151418738506697,0.5029561675827746,0.9996745673353746
291,8.0,27.0,1.3420197461460641,73.0,763.0,63748.0,9.656726335190218,0.31054139592740526,0.999767849555566
292,8.0,28.0,0.8156314436916788,51.0,1084.0,63726.0,21.369221143273258,0.330254910840992,0.999734625995715
293,8.0,29.0,0.08407110273999678,23.0,1025.0,63698.0,48.79887209802516,0.2956773738903191,0.4999999682980718
294,8.0,30.0,0.5376836918956951,37.0,1199.0,63712.0,26.785612077331127,0.36546199633464627,0.9785659056339825
295,8.0,31.0,1.399937516640378,82.0,998.0,63757.0,13.260098902984975,0.49863482791044633,0.9997770509301145
296,8.0,32.0,0.11092411498491354,25.0,973.0,62977.0,53.54789102239653,0.28794321503874887,0.49999992301940643
297,9.0,0.0,0.211703849654303,36.0,765.0,50387.0,31.076350548369366,0.3529204172076642,0.4734476953385718
298,9.0,1.0,1.381675362835442,86.0,610.0,38152.0,9.238989771009805,0.49499387461158306,0.7927566187867601
299,9.0,2.0,1.1337093978612103,62.0,482.0,30010.0,9.205524160167888,0.510886936226806,0.4999999874416483
300,9.0,3.0,0.9967007442966224,49.0,1153.0,76298.0,30.457750769179576,0.42134721549218146,0.9996963328848341
301,9.0,4.0,0.9390251974625488,53.0,1141.0,84120.0,23.995331462419674,0.4322363588243323,0.9997347053512436
302,9.0,5.0,0.985476092236556,53.0,1045.0,84484.0,20.361798309275624,0.4206758728718234,0.9996850725014114
303,9.0,6.0,0.9876985603083324,39.0,1155.0,82091.0,36.762478809012464,0.41931065709767046,0.9997559561321187
304,9.0,7.0,1.5300384187248606,94.0,747.0,56869.0,9.274933350801236,0.49342079104580916,0.9997638356251968
305,9.0,8.0,1.2880602492251942,69.0,417.0,28070.0,9.499468304722287,0.5418066447482508,0.499999963599983
306,9.0,9.0,1.146611343295883,84.0,876.0,39510.0,12.445538138848356,0.4961654066813618,0.7820912623091864
307,9.0,10.0,0.6140279179624775,38.0,589.0,37526.0,13.741193714821042,0.4400333217030612,0.49999933851171274
308,9.0,11.0,1.341320973041115,74.0,986.0,77014.0,13.114916474832008,0.4864575045760914,0.9997354497420156
309,9.0,12.0,1.1201205152089855,62.0,401.0,29276.0,7.522883688571643,0.4926230084981654,0.49999996042862793
310,9.0,13.0,1.3405999063959895,62.0,651.0,54113.0,9.94443476296418,0.41466012248815065,0.6402990565484161
311,9.0,14.0,1.401924878166047,100.0,715.0,65293.0,9.024483275753619,0.4391878155593272,0.9997778775892062
312,9.0,15.0,0.14945436765198777,28.0,928.0,57511.0,43.85575781004285,0.31762927235443206,0.49982719121106123
313,9.0,16.0,0.8483272132407548,41.0,1321.0,45361.0,49.44586975556605,0.43401857751098605,0.8038013501644065
314,9.0,17.0,1.2353225444943639,60.0,781.0,76669.0,11.388006384826927,0.35223061570419223,0.9997254888799137
315,9.0,18.0,-0.0,12.0,89.0,2661.0,8.8999822000356,0.1720285937702727,0.14776441747080993
316,9.0,19.0,1.1363772391259215,61.0,595.0,29073.0,8.448825632196396,0.5072059040831437,0.8840451483463915
317,9.0,20.0,0.9995099339192206,50.0,1047.0,77545.0,21.253008384052617,0.4046083371960263,0.9997341037794552
318,9.0,21.0,1.1327658543070456,65.0,460.0,32154.0,7.724297501520064,0.4442347610132139,0.49999995595026914
319,9.0,22.0,-0.0,7.0,572.0,46794.0,81.71416897975861,0.158856796769267,0.29289316995917103
320,9.0,23.0,0.9556845436920531,53.0,500.0,33111.0,6.750516962698025,0.5094117632164912,0.4999999177261988
321,9.0,24.0,1.1681047344735174,57.0,1019.0,63398.0,23.192239890403624,0.45290398691168376,0.9996908509644236
322,9.0,25.0,0.10656595882801999,21.0,90.0,3360.0,7.399987733353734,0.22256445416471082,0.18741557925695373
323,9.0,26.0,1.7160718318179207,87.0,661.0,37311.0,8.773161539615037,0.6588830649086235,0.9997334575440517
324,9.0,27.0,0.9371253114552183,36.0,1086.0,72203.0,31.663056988879973,0.41203767980729145,0.9997606247269798
325,9.0,28.0,1.087130702423882,57.0,555.0,34696.0,8.734270292370999,0.5090836187158192,0.4999999460004225
326,9.0,29.0,-0.0,3.0,653.0,46259.0,217.6659411135296,0.15132822124868595,0.29289316147297684
327,9.0,30.0,0.8276654834417062,33.0,1270.0,40578.0,62.506511599275065,0.4340394315568217,0.7723809225389329
328,9.0,31.0,1.2214449145561683,67.0,659.0,39421.0,12.415459203694331,0.4760284429431417,0.7219184630942528
329,9.0,32.0,1.1741679270179437,70.0,752.0,41266.0,12.643119354467464,0.5026411404542255,0.7670853060379025
330,10.0,0.0,1.303417252496381,101.0,620.0,61180.0,7.125627968129518,0.4009897549294873,0.9997370773809963
331,10.0,1.0,0.6330430077053472,47.0,600.0,61126.0,12.226654163160992,0.4494214498899396,0.4999999668044217
332,10.0,2.0,1.4040116718420481,74.0,827.0,61153.0,12.883327577671647,0.4166650902507736,0.9997240545085992
333,10.0,3.0,0.5351101909440411,19.0,459.0,61098.0,23.527753608049576,0.32367036574647,0.497805112622388
334,10.0,4.0,0.8978342283269051,37.0,1162.0,61116.0,29.486079957595898,0.3991787602460287,0.9997285835829762
335,10.0,5.0,0.9073576043845315,34.0,1119.0,61113.0,37.6310367050958,0.4258750230096654,0.9997016130966851
336,10.0,6.0,0.9789253340587762,63.0,1035.0,61142.0,16.985219967749664,0.4221035629015054,0.9996563769020621
337,10.0,7.0,1.0096700047733338,74.0,485.0,61153.0,6.004829437466449,0.5132316024720409,0.49999993218812
338,10.0,8.0,0.94926141506118,53.0,1083.0,61132.0,21.528213426301612,0.41905016719972,0.9998179105812097
339,10.0,9.0,1.236637632958056,82.0,790.0,61161.0,9.917581959736648,0.38433864091179515,0.9997184772585952
340,10.0,10.0,0.17716637622534342,20.0,849.0,61099.0,55.58137145659739,0.32810921536111115,0.47584976809831103
341,10.0,11.0,0.740111650065112,39.0,1254.0,61118.0,30.24580336600324,0.3308750619655607,0.9997535146928396
342,10.0,12.0,1.186188810102014,60.0,554.0,61139.0,8.861986346051918,0.4911116110993471,0.8184428506201391
343,10.0,13.0,0.5192322847634789,49.0,698.0,61128.0,27.0190736545134,0.34215476957286073,0.4989744940287577
344,10.0,14.0,-0.0,12.0,82.0,61091.0,6.833327638893635,0.18553111356162022,0.13397456919210537
345,10.0,15.0,-0.0,12.0,931.0,61091.0,77.58326868060944,0.18910445420871413,0.49236746900923856
346,10.0,16.0,1.2669073960951656,70.0,556.0,61149.0,9.744733090810191,0.5158924560126188,0.7967148163609457
347,10.0,17.0,0.9723603726737831,46.0,1048.0,61125.0,21.39088619556368,0.4086092841961386,0.9997586901835925
348,10.0,18.0,0.6824690135797928,21.0,946.0,61100.0,45.46359256946377,0.21069263989054998,0.6611533124936232
349,10.0,19.0,1.22191017336044,71.0,726.0,61150.0,8.559906025837083,0.36623712627565697,0.9997759620322818
350,10.0,20.0,0.9792878497207989,41.0,315.0,61120.0,10.650274392771664,0.5753924113060449,0.5567144911252032
351,10.0,21.0,0.15963990327807512,28.0,882.0,61107.0,57.599885891136324,0.32901934127242705,0.48397151511619607
352,10.0,22.0,0.3617970542057965,43.0,1072.0,61122.0,15.378559877903687,0.41536649844717044,0.9058411146920821
353,10.0,23.0,0.9980163526348976,52.0,1016.0,61131.0,23.952371979684358,0.38903146558719237,0.999894958750958
354,10.0,24.0,1.3538593718189018,64.0,391.0,61143.0,7.557842986941517,0.5061610157924212,0.767196464907408
355,10.0,25.0,0.056001534354847345,18.0,100.0,61097.0,5.5555493827229085,0.23118563371633427,0.18334812275653523
356,10.0,26.0,1.5876037756183643,49.0,869.0,61128.0,16.67019965093963,0.48260050018547074,0.99977098468177
357,10.0,27.0,1.227379709303825,65.0,747.0,61144.0,10.993988102964854,0.384606517883854,0.9997254964949566
358,10.0,28.0,0.31476513585094434,50.0,777.0,61129.0,19.32886471719087,0.3470791582519548,0.499999988268946
359,10.0,29.0,0.4669043824977288,66.0,642.0,61145.0,8.173883616860827,0.39807583769641064,0.4991184741083614
360,10.0,30.0,0.09518457305707487,35.0,909.0,61114.0,23.716861406145878,0.29729649372985256,0.4999999187142464
361,10.0,31.0,1.3690876936866596,72.0,753.0,61151.0,11.305506616700015,0.397601094449025,0.9997431183342875
362,10.0,32.0,0.1157254567738973,26.0,932.0,60417.0,38.64161855630994,0.2908495325504815,0.49602439392803843
363,11.0,0.0,0.11045304667259806,24.0,86.0,23426.0,3.8951013648621187,0.239683059739484,0.19227852960698355
364,11.0,1.0,0.9613239747952192,43.0,1075.0,23445.0,25.473858521132083,0.3755590558313575,0.9997208461769578
365,11.0,2.0,1.085035061669103,24.0,819.0,23426.0,34.12495734380332,0.2699155727310809,0.9983205009364337
366,11.0,3.0,0.3138782694631622,51.0,1127.0,23453.0,22.507704790384032,0.4378501316691171,0.9684245300333783
367,11.0,4.0,-0.0,8.0,1015.0,23410.0,126.87484140644825,0.18878586465393,0.49236766740661364
368,11.0,5.0,1.1269592356035554,55.0,1073.0,23457.0,21.93232030407605,0.45667810348262994,0.9997914373539492
369,11.0,6.0,1.0293293985715586,68.0,786.0,23470.0,11.172764676712156,0.5033386878039297,0.8357227525160797
370,11.0,7.0,1.2128901200057771,47.0,321.0,23449.0,6.897307738365268,0.454326819681358,0.4999681619414237
371,11.0,8.0,-0.0,17.0,74.0,23419.0,3.363633305787904,0.19643703975988192,0.14338313916385126
372,11.0,9.0,0.659172969196713,27.0,1363.0,23429.0,60.49005792493074,0.2614117409630021,0.9510469703310053
373,11.0,10.0,0.14999492361041503,24.0,87.0,23426.0,4.7666614148206214,0.24153386961070078,0.19053738668752707
374,11.0,11.0,0.15089494158832173,26.0,930.0,23428.0,38.74161824797718,0.3174008848745373,0.4941350431113416
375,11.0,12.0,1.742940941253054,68.0,453.0,23470.0,7.4113800110734,0.6387055500056265,0.8874538698904553
376,11.0,13.0,0.8574572549522937,35.0,1032.0,23437.0,22.09521722966062,0.3594639108307589,0.89954156837172
377,11.0,14.0,0.9064176640101301,36.0,1137.0,23438.0,40.215218354643355,0.4001440097736523,0.9997494161132832
378,11.0,15.0,-0.0,23.0,84.0,23425.0,5.249993437508204,0.2211570968131712,0.16980755812750403
379,11.0,16.0,0.8204547714180648,55.0,475.0,23457.0,10.068445261246547,0.27299237096595486,0.499999990091498
380,11.0,17.0,-0.0,5.0,1034.0,23407.0,206.79958640082722,0.18801745407466763,0.49236743843512276
381,11.0,18.0,1.29642337353335,57.0,516.0,23459.0,9.017783213374708,0.4845248137370626,0.8024708833875631
382,11.0,19.0,0.8797716301999354,57.0,1173.0,23459.0,16.671281151815,0.40776675196821044,0.9997275537547351
383,11.0,20.0,0.9578414897040276,30.0,275.0,23432.0,10.694427469163152,0.3919197428279424,0.549229485530605
384,11.0,21.0,1.0402435102633383,51.0,1036.0,23453.0,24.579492786220094,0.3905863198037458,0.9997657616739377
385,11.0,22.0,0.9168747287625162,48.0,1153.0,23450.0,29.852786356169872,0.4155732524477924,0.9948524343641831
386,11.0,23.0,0.628208363672045,16.0,1299.0,23418.0,162.90975460058905,0.21222007516460684,0.9660113329024733
387,11.0,24.0,1.3174003665917875,50.0,414.0,23452.0,8.215687701800162,0.49392277082518643,0.8540692615076612
388,11.0,25.0,-0.0,9.0,1080.0,23411.0,119.99986666681482,0.18719617029754465,0.49236752585372756
389,11.0,26.0,0.10478941391102087,26.0,967.0,23428.0,53.34502935063848,0.300349930855741,0.49795063794465366
390,11.0,27.0,-0.0,5.0,1034.0,23407.0,206.79958640082722,0.18988055596952524,0.4923773315354737
391,11.0,28.0,-0.0,8.0,998.0,23410.0,124.74984406269493,0.18901172705234137,0.4923746138189885
392,11.0,29.0,-0.0,13.0,949.0,23415.0,72.99994384619704,0.18680617666977073,0.4923776705490762
393,11.0,30.0,0.9407823827051334,46.0,760.0,23448.0,15.432737937361857,0.357371982732985,0.7718107849334334
394,11.0,31.0,1.1912971462643585,59.0,856.0,23461.0,26.099600654824197,0.5067865561380781,0.9713017072569992
395,11.0,32.0,1.384508095355049,68.0,403.0,23086.0,6.408344696558108,0.5069824310235005,0.8796826792145671
396,12.0,0.0,0.6454010856275622,25.0,1424.0,61854.0,58.28005150693456,0.27341434705450585,0.978553982238094
397,12.0,1.0,-0.0,17.0,959.0,61846.0,56.41173152251087,0.18842232267116144,0.4923696059213145
398,12.0,2.0,0.03380383449336753,25.0,1197.0,61854.0,49.87030803762935,0.22797903769107686,0.49994673457079364
399,12.0,3.0,0.08774257688113755,29.0,1123.0,61858.0,41.4848024885726,0.2419028973579792,0.4999999747395567
400,12.0,4.0,0.8032571480723877,38.0,896.0,61867.0,23.60184101984674,0.3166932320441119,0.7340467842201456
401,12.0,5.0,-0.0,6.0,1038.0,61835.0,172.99971166714724,0.1881129471268559,0.49236837649510334
402,12.0,6.0,0.9148963095726803,36.0,51.0,61865.0,1.5579350627186646,0.23694481762224695,0.20559772392827058
403,12.0,7.0,0.20100301090279254,28.0,295.0,61857.0,8.917106835343287,0.18780764804107675,0.29289320918023776
404,12.0,8.0,0.8405342123959236,44.0,1122.0,61873.0,24.616644333985473,0.3740717759609463,0.9997519460237387
405,12.0,9.0,-0.0,12.0,2.0,61841.0,0.16666652777789354,0.04813103758692716,0.04169921765943152
406,12.0,10.0,1.019226248091009,41.0,1114.0,61870.0,35.68803709924529,0.4066490123248947,0.9997512442113373
407,12.0,11.0,-0.0,12.0,1025.0,61841.0,85.41659548617044,0.18801836676329653,0.49236783750326807
408,12.0,12.0,-0.0,12.0,932.0,61841.0,77.66660194449838,0.1887328540948484,0.49237029483893924
409,12.0,13.0,0.10583927077985938,31.0,909.0,61860.0,25.359238016272954,0.283628416586688,0.4999999463077397
410,12.0,14.0,-0.0,8.0,1020.0,61837.0,127.49984062519923,0.1876910288657745,0.4923735143318959
411,12.0,15.0,0.04882538485793298,17.0,945.0,61846.0,59.00687074758434,0.20628242933824337,0.4923780357648879
412,12.0,16.0,-0.0,8.0,1034.0,61837.0,129.24983843770195,0.18881938718760272,0.49237333480202317
413,12.0,17.0,0.4775677275497848,47.0,1075.0,61876.0,21.95346951530804,0.5173685922804631,0.991907321570267
414,12.0,18.0,0.09430911064540556,31.0,945.0,61860.0,22.61686685572094,0.2717375341586008,0.49865392229950256
415,12.0,19.0,0.9706406090043541,41.0,1035.0,61870.0,38.60041838086737,0.43359188223781375,0.9622335206244375
416,12.0,20.0,-0.0,13.0,951.0,61842.0,73.15378988170009,0.18869258057067306,0.4923705046289967
417,12.0,21.0,0.9311420835754023,41.0,1116.0,61870.0,29.445802147949806,0.4096037844206045,0.9997635871468583
418,12.0,22.0,1.2186386750418061,43.0,788.0,61872.0,21.775466410638728,0.3151308986003498,0.999736978287244
419,12.0,23.0,-0.0,10.0,81.0,61839.0,8.099983800032401,0.1576380442562052,0.13299727592404775
420,12.0,24.0,1.3075397116065168,41.0,851.0,61870.0,23.141380904264555,0.41813806664483044,0.9997475730121768
421,12.0,25.0,0.8428149135752137,32.0,1211.0,61861.0,49.92768972485435,0.38641301568606423,0.9998299890821464
422,12.0,26.0,0.9361064313232028,47.0,1117.0,61876.0,23.79187809565543,0.4138782280169787,0.9996429694864014
423,12.0,27.0,0.4502307632775485,52.0,875.0,61881.0,19.23032068121818,0.487135422711899,0.9099643451245111
424,12.0,28.0,0.29484784747584886,24.0,1384.0,61853.0,57.66661861115116,0.2481572888573923,0.9123133671109143
425,12.0,29.0,-0.0,7.0,1029.0,61836.0,146.9997900003,0.18585106435883458,0.4923675492354531
426,12.0,30.0,0.0,11.0,0.0,61840.0,0.0,0.017038926121268227,0.014733209402294944
427,12.0,31.0,-0.0,6.0,987.0,61835.0,164.49972583379028,0.18783592230784807,0.49237553933456135
428,12.0,32.0,0.10601178914867761,35.0,879.0,61188.0,27.373576990821874,0.3072344826868014,0.4949172152673583
429,13.0,0.0,0.09650896073594732,15.0,51.0,39327.0,2.8611078858061303,0.1266483548883769,0.15603836555167216
430,13.0,1.0,0.8489031656630869,22.0,84.0,39334.0,4.976758651776628,0.2213913937973856,0.18279074530022899
431,13.0,2.0,0.04053140178940112,29.0,1035.0,39341.0,31.33097387340189,0.2324273196715413,0.4999943576385518
432,13.0,3.0,0.7212123292770101,34.0,274.0,39346.0,7.777768719146562,0.508639254379356,0.504077606988763
433,13.0,4.0,0.9590994067565781,44.0,1109.0,39356.0,26.609375417640248,0.4089974040017398,0.9996413925750334
434,13.0,5.0,0.7852239320755077,43.0,1192.0,39355.0,31.082498543076092,0.34428370250100226,0.9998285172789186
435,13.0,6.0,0.16144749511187528,30.0,903.0,39342.0,33.23498009832313,0.31639909485753026,0.4987282453413353
436,13.0,7.0,0.2657460118866769,35.0,665.0,39347.0,18.574057977381134,0.3412970703090641,0.45625216418780357
437,13.0,8.0,-0.0,8.0,1.0,39320.0,0.12499984375019532,0.025358361265629403,0.022246643903742314
438,13.0,9.0,-0.0,6.0,1056.0,39318.0,175.99970666715558,0.18625018669548699,0.4923691561547777
439,13.0,10.0,-0.0,10.0,1.0,39322.0,0.0999999000001,0.03550062069237592,0.030584279497070876
440,13.0,11.0,0.8469375582903997,41.0,1098.0,39353.0,33.03098396541042,0.37423160563074076,0.9996203120735954
441,13.0,12.0,-0.0,10.0,971.0,39322.0,97.0999029000971,0.1895942017074871,0.49999994109467916
442,13.0,13.0,0.028572617366814577,25.0,990.0,39337.0,27.63053227941803,0.21533124762390055,0.49999993290062306
443,13.0,14.0,0.8982352105873399,55.0,1094.0,39367.0,19.355434306984364,0.3850227862294199,0.9997473271601579
444,13.0,15.0,1.0586069112856284,50.0,784.0,39362.0,13.063318791101304,0.28435919342127847,0.9998462328353663
445,13.0,16.0,0.1735999673801699,33.0,871.0,39345.0,26.31916805395492,0.3153661034685712,0.49710454800087
446,13.0,17.0,1.1754016734338,52.0,803.0,39364.0,16.926416122928664,0.3460895508210188,0.9997907280372715
447,13.0,18.0,0.7920933706199927,52.0,1315.0,39364.0,25.335128461881496,0.49608773346306423,0.9997262555757668
448,13.0,19.0,0.1817333814059341,38.0,862.0,39350.0,31.37318486449742,0.3477573773020559,0.49236663014817605
449,13.0,20.0,0.8754419450040037,77.0,1121.0,39389.0,12.042192851342564,0.5061835944308424,0.9997117537536171
450,13.0,21.0,1.1043380280706663,52.0,706.0,39364.0,11.565832892578047,0.28221912977628716,0.9998244381687975
451,13.0,22.0,0.8282784220213297,34.0,79.0,39346.0,2.7407378658466555,0.2407775676339392,0.20229378830112654
452,13.0,23.0,0.17164249644610663,34.0,860.0,39346.0,19.890809356787507,0.3341615053035216,0.4994666080434388
453,13.0,24.0,0.974357169570194,51.0,1132.0,39363.0,23.390451279131803,0.40920132538925114,0.9998367919425389
454,13.0,25.0,0.10219494316327393,21.0,331.0,39333.0,18.32219172968045,0.17464226199366883,0.34769552306443907
455,13.0,26.0,0.710621029954739,34.0,1237.0,39346.0,46.38385503870727,0.32223149940463536,0.9997009027655295
456,13.0,27.0,0.16856324494204228,48.0,817.0,39360.0,17.049373876548742,0.31381201211226584,0.49410320720268175
457,13.0,28.0,0.9261759499198616,53.0,1094.0,39365.0,20.111248924921867,0.4058655436417572,0.9997250004870772
458,13.0,29.0,0.2866627159052286,21.0,1601.0,39333.0,76.2379863266862,0.26957816728020256,0.9996779771546621
459,13.0,30.0,0.7971996069668794,24.0,1291.0,39336.0,57.16725122444972,0.3500651285608132,0.9262251906145151
460,13.0,31.0,0.08801122652160173,40.0,916.0,39352.0,30.484818044107538,0.3038937408399861,0.4994487075157992
461,13.0,32.0,0.336533663603516,37.0,637.0,38924.0,18.066447498980992,0.3767536716512683,0.47921523493528495
462,14.0,0.0,0.14267931823822907,38.0,882.0,8325.0,43.49801963680569,0.31458479219324653,0.49999995884222637
463,14.0,1.0,0.8588272602339286,41.0,1183.0,8328.0,28.440433390539184,0.36081907449741757,0.9997581322156798
464,14.0,2.0,0.8722283555177819,37.0,48.0,8324.0,1.2944433564824296,0.21077020190464102,0.1831282664678492
465,14.0,3.0,1.1525287448802202,52.0,703.0,8339.0,12.324988733718111,0.29584460613669283,0.9998184347303434
466,14.0,4.0,0.09014092527339929,21.0,889.0,8308.0,33.22218481485721,0.2814014422878678,0.4992433214300346
467,14.0,5.0,0.7708749939556571,25.0,1215.0,8312.0,44.28883987166008,0.3408175738284017,0.9952975358178888
468,14.0,6.0,0.3540870670565297,32.0,544.0,8319.0,17.969679148778017,0.26589324750639765,0.3788365776553343
469,14.0,7.0,0.4536884655858025,46.0,719.0,8333.0,21.610363286113152,0.4696011369975447,0.49999992438296037
470,14.0,8.0,0.6907671705264811,30.0,58.0,8317.0,1.676188983674831,0.1922247585166731,0.15471784418880918
471,14.0,9.0,0.833430013279854,33.0,49.0,8320.0,1.4848471349874532,0.20935085934655828,0.17529237098550254
472,14.0,10.0,1.2067160061566782,48.0,888.0,8335.0,24.764899785562598,0.3625269545850951,0.9998022355504361
473,14.0,11.0,1.1203561209027981,75.0,618.0,8362.0,7.560406741333586,0.48174722826762006,0.9998847860075356
474,14.0,12.0,0.7839777336919342,46.0,691.0,8333.0,13.34392893421115,0.2556346997073021,0.9997811228512947
475,14.0,13.0,-0.0,10.0,1102.0,8297.0,110.1998898001102,0.18717527024965197,0.49236772172686105
476,14.0,14.0,-0.0,8.0,86.0,8295.0,10.749986562516797,0.18444644212921935,0.1339566484699184
477,14.0,15.0,1.1102214080165596,69.0,1066.0,8356.0,13.77564406606671,0.5238941803061566,0.9997124880136603
478,14.0,16.0,1.1304564753878785,78.0,1064.0,8365.0,14.058183398912067,0.4940401330521529,0.9997342777223492
479,14.0,17.0,0.6709757813126643,25.0,55.0,8312.0,1.9999978024715734,0.17621775241073379,0.1598037707007508
480,14.0,18.0,0.1133649868760616,21.0,624.0,8308.0,38.63937505507091,0.2772797597171126,0.4195912045649606
481,14.0,19.0,1.2419236519601327,56.0,848.0,8343.0,17.65338789912829,0.34277252925904655,0.9996687776352168
482,14.0,20.0,0.13223568041320158,35.0,851.0,8322.0,23.691899400460372,0.31479512405116106,0.4976196868129025
483,14.0,21.0,0.8225079088131384,43.0,1043.0,8330.0,28.08032517063736,0.33707772754541987,0.9997223730951547
484,14.0,22.0,0.6671801472630072,37.0,426.0,8324.0,11.258520282709162,0.4699141485627565,0.6051700551841543
485,14.0,23.0,1.1874114820755657,61.0,971.0,8348.0,17.414723774602233,0.4949659516959227,0.9997195916474287
486,14.0,24.0,1.0107089131864924,58.0,1039.0,8345.0,16.50764905985862,0.44631004674956176,0.9997793069903689
487,14.0,25.0,0.8044129350203947,23.0,1273.0,8310.0,62.90731139161094,0.3561638303128697,0.9181785530963553
488,14.0,26.0,0.09041316558506027,37.0,945.0,8324.0,17.05207093027535,0.25929641144853355,0.4999999505738477
489,14.0,27.0,0.9346776428825663,54.0,1204.0,8341.0,18.743816277593726,0.3876226043760589,0.9998852343533929
490,14.0,28.0,0.8145292341688888,34.0,61.0,8321.0,1.670861084334545,0.24896322123449433,0.1990500119376204
491,14.0,29.0,1.6127141310696596,95.0,846.0,8382.0,9.183807941254397,0.5617502011543327,0.9997790576284037
492,14.0,30.0,1.036122375111822,56.0,975.0,8343.0,16.524436145529442,0.4292728316479303,0.9997709790375999
493,14.0,31.0,1.1111394343457544,59.0,922.0,8346.0,17.26436785370278,0.3619901192354057,0.9998427450717791
494,14.0,32.0,0.7461213571514835,33.0,59.0,8020.0,1.9380970076876303,0.23183065386997237,0.18570403394284185
495,15.0,0.0,0.9419937507340532,50.0,1087.0,80412.0,25.380847333714126,0.37680556432495127,0.9997274630273717
496,15.0,1.0,0.9096785161809855,41.0,1291.0,80403.0,32.8616230937177,0.37721613010208555,0.9997180367170638
497,15.0,2.0,-0.0,9.0,959.0,80371.0,106.55543716062539,0.1864984659526685,0.49237424497225524
498,15.0,3.0,0.7480927006690921,68.0,1059.0,80430.0,26.658436877467654,0.3613396338079732,0.9997544676950254
499,15.0,4.0,0.9870067162074183,47.0,379.0,80409.0,8.523798835757384,0.48539024969278466,0.6093412886907064
500,15.0,5.0,0.3201511480402344,38.0,809.0,80400.0,22.815358541757227,0.3972040585948148,0.496767568892868
501,15.0,6.0,-0.0,12.0,995.0,80374.0,82.91659756950203,0.18619120853165938,0.49236819664283915
502,15.0,7.0,0.7978486452366177,28.0,1180.0,80390.0,39.26185149364893,0.3312693559083434,0.9997315414206823
503,15.0,8.0,0.8341126348981373,31.0,1166.0,80393.0,49.06847477819996,0.3624812964693255,0.9997507878676161
504,15.0,9.0,0.7721990350213972,28.0,1244.0,80390.0,49.502044965832994,0.3478217888849261,0.9810843934760318
505,15.0,10.0,1.634922128233752,105.0,841.0,80467.0,9.76089396843588,0.5743991096149956,0.9999115678989466
506,15.0,11.0,0.6941468929490999,33.0,1192.0,80395.0,41.25921582309152,0.33660171377243975,0.9888911852983753
507,15.0,12.0,1.286626170823847,80.0,1021.0,80442.0,12.928368165761265,0.5213411483819824,0.9997564506004354
508,15.0,13.0,0.4967325675086318,19.0,684.0,80381.0,37.24995936115552,0.3275013897377187,0.4999999557362851
509,15.0,14.0,1.1181502216498724,41.0,943.0,80403.0,21.67997228142791,0.30767213857274534,0.9999455397631923
510,15.0,15.0,1.3568516136886275,87.0,730.0,80449.0,7.399616206614809,0.358740080404495,0.999729842163038
511,15.0,16.0,0.9763357047113813,58.0,1099.0,80420.0,19.29602032173947,0.3799569062351853,0.9997547334511947
512,15.0,17.0,0.013309994792750137,13.0,549.0,80375.0,39.22613441901436,0.20035715531283116,0.3286962819311001
513,15.0,18.0,-0.0,7.0,1130.0,80369.0,161.42834081665598,0.1861484806879844,0.49236992952046577
514,15.0,19.0,1.1833233909286276,57.0,916.0,80419.0,17.295434639572132,0.4336642585471867,0.999774480388957
515,15.0,20.0,1.269309210248366,76.0,1011.0,80438.0,13.35866073612163,0.5015356667295963,0.9998394460288639
516,15.0,21.0,0.9153363113166442,50.0,1058.0,80412.0,21.124740747972872,0.3716760727358499,0.9997889633076876
517,15.0,22.0,0.9702469186539163,60.0,1121.0,80422.0,20.93184779546351,0.40185770337892746,0.9997346053798095
518,15.0,23.0,0.7664557105512045,34.0,1160.0,80396.0,32.4777412413994,0.3178106916965122,0.9997346251212542
519,15.0,24.0,0.6499600817470774,28.0,358.0,80390.0,19.142813345129905,0.4255418054383068,0.5509337463308767
520,15.0,25.0,0.882263526659113,48.0,1094.0,80410.0,25.786086197401175,0.39358656137570835,0.9997312292461299
521,15.0,26.0,1.709919119233232,100.0,777.0,80462.0,7.915864710850163,0.5280094350219762,0.9997570235950966
522,15.0,27.0,0.8217307489347933,46.0,1148.0,80408.0,23.728199550357605,0.3476659690561744,0.9997107829736185
523,15.0,28.0,0.7511476451978263,60.0,1287.0,80422.0,17.062845715466935,0.3287145381989467,0.9997888287572684
524,15.0,29.0,0.11082562545970247,26.0,886.0,80388.0,41.853115094094605,0.31611227659028895,0.49310472090612667
525,15.0,30.0,0.7853748259960804,29.0,1308.0,80391.0,47.9797450913756,0.3441075549898934,0.9603181367795199
526,15.0,31.0,0.8246716594450043,62.0,834.0,80424.0,19.886578926367452,0.4312387358546589,0.6789035525618288
527,15.0,32.0,1.1692926882234786,81.0,1060.0,79594.0,12.409543308913968,0.47840072996133876,0.9997219759573072
528,16.0,0.0,1.5656301735764337,70.0,780.0,75406.0,11.298976503140576,0.5238898317088169,0.9999034504578883
529,16.0,1.0,1.6114013316125628,92.0,864.0,75428.0,8.518128564098742,0.522032167500758,0.9998163938034414
530,16.0,2.0,0.6645515532670989,23.0,1000.0,75359.0,44.011324828718855,0.20967672618703836,0.6611634517307542
531,16.0,3.0,0.20810189770224494,17.0,1351.0,75353.0,130.8997417005137,0.3356050197228817,0.9041832651393881
532,16.0,4.0,0.11497971931094278,20.0,286.0,75356.0,15.818164306722798,0.16710415774905518,0.2928932064555053
533,16.0,5.0,1.0067712980715466,72.0,1075.0,75408.0,15.154356778334524,0.40355773302967235,0.9997709447181857
534,16.0,6.0,0.8448186270222878,46.0,974.0,75382.0,17.29086039467924,0.35147773579312,0.8662572206673894
535,16.0,7.0,-0.0,13.0,1032.0,75349.0,79.3845543195736,0.18586271776309893,0.49236791127751023
536,16.0,8.0,1.0834657088243287,52.0,986.0,75388.0,15.930539532975317,0.4106535509220328,0.9997252486367035
537,16.0,9.0,0.9516275804428307,36.0,1039.0,75372.0,44.163225985571415,0.37581487843877937,0.9997233414337657
538,16.0,10.0,-0.0,11.0,1013.0,75347.0,92.09082537197693,0.18768373574488995,0.49236780456441886
539,16.0,11.0,1.2609754887829858,74.0,1018.0,75410.0,13.883732730338954,0.5073589764023514,0.9998394430213766
540,16.0,12.0,1.2564607334988276,81.0,1013.0,75417.0,12.983868525920876,0.4803137041264569,0.9997793482352781
541,16.0,13.0,0.6910198609727299,38.0,443.0,75374.0,16.723905402763272,0.46046627387119465,0.6048923873051987
542,16.0,14.0,0.8246367471295406,34.0,1183.0,75370.0,38.842408609297436,0.3538827220893419,0.9998516919767578
543,16.0,15.0,1.1298083193526594,56.0,955.0,75392.0,18.02173840991394,0.44182369237931474,0.9997080148626918
544,16.0,16.0,0.720365249259572,55.0,1269.0,75391.0,23.643226638868782,0.452488337028802,0.9997902588512284
545,16.0,17.0,1.112752968904424,53.0,1105.0,75389.0,26.522273983230743,0.42706069490851895,0.9998060597330711
546,16.0,18.0,0.951604739307905,44.0,1173.0,75380.0,30.159555371724736,0.37471644756415945,0.99977100497681
547,16.0,19.0,1.2922871509414773,45.0,567.0,75381.0,15.835076195777102,0.36945808585855766,0.7372685177649667
548,16.0,20.0,1.3999025334034125,77.0,717.0,75413.0,9.10900631327929,0.3383303680665911,0.9999590140117316
549,16.0,21.0,1.4282500462134422,73.0,665.0,75409.0,8.214575006779492,0.35776580194202023,0.9997851548421103
550,16.0,22.0,1.3445231795545602,94.0,926.0,75430.0,9.789172564572857,0.4931301390797195,0.999800657349021
551,16.0,23.0,0.9550078289514986,43.0,1097.0,75379.0,53.058733480803554,0.37573963646952013,0.9158717884687759
552,16.0,24.0,0.9582340012325489,78.0,1086.0,75414.0,17.76750858692166,0.4294968102973199,0.9997470118796181
553,16.0,25.0,0.9224355366359935,42.0,1062.0,75378.0,30.701373730859046,0.4148562954664512,0.9996462808701329
554,16.0,26.0,1.58890740213086,97.0,811.0,75433.0,8.67427282301147,0.5236450921428542,0.99974710342954
555,16.0,27.0,0.3311339879978495,24.0,577.0,75360.0,17.611093796315128,0.18983176040644967,0.3938568426336686
556,16.0,28.0,0.7844933958689775,36.0,1174.0,75372.0,37.8320925118036,0.3177793299876046,0.9997132730501929
557,16.0,29.0,1.1483877964070794,58.0,1057.0,75394.0,18.767479288663942,0.42356495307691466,0.9997222424475555
558,16.0,30.0,-0.0,8.0,1016.0,75344.0,126.99984125019844,0.18620516628141826,0.49236775796038124
559,16.0,31.0,1.5239187497754898,97.0,775.0,75433.0,9.482672397430564,0.4336321964439397,0.9997923296073856
560,16.0,32.0,0.8384298303758331,38.0,981.0,74401.0,32.7084246070328,0.3163465668068729,0.8338396827938248
561,17.0,0.0,-0.0,5.0,1071.0,78920.0,214.1995716008568,0.18692651932471172,0.492372141342604
562,17.0,1.0,1.546054528679376,86.0,777.0,79001.0,10.657074741688938,0.5654081349611153,0.9998550281718763
563,17.0,2.0,1.5586529324785023,87.0,703.0,79002.0,9.09862611746504,0.37972126821728025,0.9998004374623789
564,17.0,3.0,1.501165999053209,98.0,734.0,79013.0,7.2266501247838795,0.36792390603303016,0.9997825519097218
565,17.0,4.0,0.8778062151683471,49.0,1131.0,78964.0,23.520985442631904,0.35635453159154606,0.9998165244120948
566,17.0,5.0,0.8958174543030979,51.0,1167.0,78966.0,29.718270755095094,0.41318483092245306,0.9997015112349584
567,17.0,6.0,0.9239683002536612,55.0,997.0,78970.0,19.260822767589964,0.3669297385463395,0.9997049932715807
568,17.0,7.0,1.2539267516993455,75.0,976.0,78990.0,10.099990646306338,0.4648892002742514,0.9998244534466637
569,17.0,8.0,1.4629379971642353,119.0,953.0,79034.0,7.62861701633191,0.5040283372894813,0.9998281970339685
570,17.0,9.0,1.605379568467644,95.0,504.0,79010.0,6.1184760021622715,0.516586508366983,0.9998389226593102
571,17.0,10.0,0.09393222167469628,22.0,897.0,78937.0,34.79057120573381,0.2443493350034257,0.49925519809354346
572,17.0,11.0,0.5858178279020901,30.0,1159.0,78945.0,40.139148679839394,0.3716703727213798,0.9103802317194437
573,17.0,12.0,1.7064214519821415,113.0,837.0,79028.0,8.674206873872798,0.5798725063181851,0.9998140820440231
574,17.0,13.0,-0.0,6.0,989.0,78921.0,164.833058611569,0.18803647099890886,0.49237749363691796
575,17.0,14.0,0.7318457556670183,49.0,1221.0,78964.0,26.970809313216012,0.3776219487823391,0.9996896995026626
576,17.0,15.0,1.4481410214368937,85.0,813.0,79000.0,10.247910767753655,0.47840464497819324,0.9997608632499191
577,17.0,16.0,1.216871945744235,68.0,1079.0,78983.0,16.35077621077706,0.4426803429806775,0.9988306675894283
578,17.0,17.0,1.5632482284551283,81.0,778.0,78996.0,11.278512879285492,0.4118786380024505,0.9997929312192996
579,17.0,18.0,-0.0,7.0,998.0,78922.0,142.57122489825016,0.18804365756662078,0.4923746255356821
580,17.0,19.0,1.5263996805018665,103.0,768.0,79018.0,7.211372499755465,0.4035217230390902,0.9997895324406182
581,17.0,20.0,0.8851595695609146,43.0,993.0,78958.0,19.546499895663814,0.32853200229752355,0.8710879083128825
582,17.0,21.0,0.7198781284309854,26.0,1206.0,78941.0,48.65271873656875,0.34096228328195866,0.9947010114779031
583,17.0,22.0,1.426011285723193,106.0,993.0,79021.0,7.498817708052009,0.5114697349625044,0.9997852129695423
584,17.0,23.0,0.9093127104591121,76.0,1196.0,78991.0,10.780040374146285,0.39543545799951096,0.9998893009408091
585,17.0,24.0,0.41313061714490584,27.0,711.0,78942.0,44.91062681841234,0.2730671186860092,0.49934443077768886
586,17.0,25.0,1.63526491227536,96.0,728.0,79011.0,12.024186794191996,0.5251160390225862,0.9997852342746621
587,17.0,26.0,1.4836029824373942,85.0,781.0,79000.0,9.739743371141847,0.39351929040203526,0.9998455695102769
588,17.0,27.0,0.6794607016548178,13.0,939.0,78928.0,90.15258264320114,0.19695984142332423,0.6611539673571801
589,17.0,28.0,1.4788315895823572,103.0,906.0,79018.0,8.426542819675449,0.5288532428659576,0.9997451764511608
590,17.0,29.0,0.9789401182170011,58.0,1018.0,78973.0,15.251158361618772,0.3842339018971692,0.9744391954504478
591,17.0,30.0,-0.0,8.0,981.0,78923.0,122.62484671894161,0.18800203434007345,0.49236794425747676
592,17.0,31.0,0.9075897386933544,46.0,1138.0,78961.0,28.996694603060785,0.39904605319832753,0.9997639422839463
593,17.0,32.0,1.3484375963857325,103.0,1056.0,78293.0,9.836479376307546,0.5090334711394836,0.9998966252476511
594,18.0,0.0,0.7290710650522798,30.0,1109.0,76987.0,36.17722371163875,0.33992266637872726,0.9997221561034451
595,18.0,1.0,1.5438060191977212,113.0,915.0,77070.0,9.2098472917725,0.5388636958473982,0.9997214038943669
596,18.0,2.0,1.261708356059959,92.0,1016.0,77049.0,10.061020268028523,0.4867677956810703,0.9997411005670708
597,18.0,3.0,1.5509975907275526,86.0,708.0,77043.0,7.5685091602862045,0.3806049567601716,0.9998185051939205
598,18.0,4.0,2.0265470195359927,131.0,741.0,77088.0,5.244247866733135,0.5293261726924195,0.9998672012591633
599,18.0,5.0,0.09420765481205472,37.0,861.0,76994.0,20.594429608674783,0.23180911395853465,0.4999999194672895
600,18.0,6.0,1.4803686691325244,80.0,522.0,77037.0,6.7174529370000435,0.5195897099530354,0.9997299620008048
601,18.0,7.0,0.828270788482653,26.0,1243.0,76983.0,52.275366198072874,0.36210841777431413,0.8862556184113898
602,18.0,8.0,1.5449765901375898,96.0,951.0,77053.0,11.351764499950459,0.5569569285240034,0.9998620276287816
603,18.0,9.0,0.06806224792969214,20.0,945.0,76977.0,34.32140310376128,0.2206206436716993,0.4999454807075481
604,18.0,10.0,1.6361985056805188,114.0,802.0,77071.0,7.3529566350492575,0.503388837232821,0.999839751698069
605,18.0,11.0,0.6878796700179883,40.0,1243.0,76997.0,26.73246555270873,0.3330237019107073,0.9995617619617528
606,18.0,12.0,1.205466369661055,89.0,1036.0,77046.0,9.806049285480286,0.42808416618741607,0.999767594653822
607,18.0,13.0,-0.0,19.0,941.0,76976.0,49.52628972300541,0.18622555604150615,0.49236751661314304
608,18.0,14.0,1.4744688648431235,80.0,930.0,77037.0,15.603369074353644,0.5331753981129872,0.9997319316156863
609,18.0,15.0,-0.0,8.0,1033.0,76965.0,129.12483859395175,0.19074156502599116,0.4999999307304911
610,18.0,16.0,-0.0,10.0,1033.0,76967.0,103.2998967001033,0.18717766180221174,0.4923683616021933
611,18.0,17.0,-0.0,9.0,1051.0,76966.0,116.77764802483553,0.18759820094343704,0.4923700258551198
612,18.0,18.0,1.6470904548100558,129.0,761.0,77086.0,5.702781523966574,0.4320569831318207,0.9998708714080901
613,18.0,19.0,1.4718426498100476,67.0,706.0,77024.0,11.700872226928128,0.3489149150404508,0.9999079170656346
614,18.0,20.0,1.9990207445615245,123.0,644.0,77080.0,5.448944294158517,0.5103835755544515,0.9998335071225642
615,18.0,21.0,1.1346813497285366,72.0,1193.0,77029.0,15.691203346899059,0.5556843796087734,0.9997434107438705
616,18.0,22.0,1.4529440884541245,86.0,675.0,77043.0,7.432764500410698,0.33935011711113205,0.9999223448383637
617,18.0,23.0,1.6354342204341852,85.0,756.0,77042.0,9.563279183114927,0.40296507402824844,0.9998604703574778
618,18.0,24.0,1.5483346550652275,127.0,831.0,77084.0,6.4111231038743535,0.5480068783525195,0.9998448605940506
619,18.0,25.0,1.4670729831719422,100.0,936.0,77057.0,9.375679145313672,0.5272666548301339,0.999846407949935
620,18.0,26.0,-0.0,7.0,973.0,76964.0,138.9998014288551,0.18789420499928022,0.4923718969903027
621,18.0,27.0,1.6413077097919082,123.0,803.0,77080.0,7.1113886603319765,0.5611260252828633,0.9998713229354362
622,18.0,28.0,0.7651325433069578,39.0,1136.0,76996.0,29.37876477471343,0.34183386809098193,0.9763407455218543
623,18.0,29.0,-0.0,13.0,1018.0,76970.0,78.30763207105225,0.18678472902677412,0.49236802323021023
624,18.0,30.0,1.6615408816239896,122.0,886.0,77079.0,7.0855735218082305,0.5399159750445677,0.9997700981327028
625,18.0,31.0,1.5649078886991725,96.0,936.0,77053.0,9.410962385977761,0.5493762309587407,0.9997827924636017
626,18.0,32.0,1.9326082054072882,124.0,781.0,76039.0,7.2808701029403,0.48845418508491256,0.9997590928608753
627,19.0,0.0,1.3868045124674786,81.0,969.0,73653.0,13.40755136799739,0.4943688604038008,0.9999037646392247
628,19.0,1.0,-0.0,10.0,1009.0,68545.0,100.89989910010091,0.18578457661302616,0.4923691247563281
629,19.0,2.0,-0.0,8.0,1052.0,63941.0,131.49983562520546,0.18748692429129343,0.4923675975850488
630,19.0,3.0,-0.0,7.0,1011.0,66633.0,144.4283651023356,0.18660609278579288,0.4923678992653766
631,19.0,4.0,1.2543177292295078,88.0,1039.0,68256.0,10.499477749819254,0.5745607054987145,0.9997389768739211
632,19.0,5.0,1.6241102636027624,103.0,872.0,69434.0,8.234688954349213,0.5238119480188475,0.9997755511650598
633,19.0,6.0,2.036798694907738,138.0,780.0,74242.0,7.112137625890504,0.5216846637001668,0.9999255033549358
634,19.0,7.0,0.8139496307475487,32.0,1164.0,85327.0,34.572191173176265,0.3466752210277452,0.950795582856494
635,19.0,8.0,-0.0,12.0,1024.0,69414.0,85.33326222228149,0.18746393584655463,0.4923680878951101
636,19.0,9.0,1.6107430580016442,88.0,706.0,52458.0,9.180714662675951,0.5194973677737103,0.9998303623774345
637,19.0,10.0,1.9800292608221712,132.0,837.0,67315.0,6.429566987202676,0.6003862795318675,0.9999384705831212
638,19.0,11.0,0.4392040240912189,30.0,1160.0,72210.0,33.81478486628207,0.34057084502945745,0.9326539029431208
639,19.0,12.0,2.0455990066407956,153.0,765.0,76188.0,5.3052410018377065,0.47447335619929276,0.9997550509203846
640,19.0,13.0,-0.0,8.0,1012.0,63167.0,126.49984187519766,0.18683814992447312,0.4923771166815383
641,19.0,14.0,1.9808639539585695,148.0,772.0,76737.0,6.444176190669808,0.5060693904263872,0.9999730304988492
642,19.0,15.0,1.9107129493052768,124.0,766.0,69552.0,5.602251761166154,0.5150873270488503,0.9998474086947242
643,19.0,16.0,2.013129710553799,151.0,700.0,72209.0,5.804731882511656,0.48088386311384645,0.9997753209416052
644,19.0,17.0,1.5890836686339895,120.0,923.0,69804.0,6.935009035886025,0.5455862245470524,0.9997351878252294
645,19.0,18.0,1.9267374045214494,120.0,673.0,59225.0,5.222510077485883,0.5232599765498289,0.9997744198548156
646,19.0,19.0,1.3565993998641996,90.0,938.0,69414.0,10.425366088034378,0.5222330360334559,0.9997381914574393
647,19.0,20.0,0.7811263547686911,35.0,1166.0,90463.0,29.912675110877576,0.33872504042292295,0.9900337041796248
648,19.0,21.0,0.7570383365417758,40.0,1124.0,93884.0,23.06771610031864,0.3346798462137951,0.9997226480500793
649,19.0,22.0,1.585342504267988,88.0,830.0,70258.0,10.107941347568751,0.5018081118180383,0.9998416726421113
650,19.0,23.0,1.5120348271239754,105.0,907.0,67322.0,9.477430253363526,0.525816048288335,0.9998677898491177
651,19.0,24.0,1.6372527194349227,101.0,855.0,71431.0,8.358416568605765,0.49502264256168227,0.999825949623787
652,19.0,25.0,1.7391777965051065,118.0,799.0,63182.0,8.644902461642763,0.5643390310442601,0.999757663984402
653,19.0,26.0,1.921536009652485,125.0,709.0,64877.0,5.6978208910213075,0.4997662721440196,0.9997702243251746
654,19.0,27.0,2.0225841142326355,153.0,751.0,65611.0,4.911983411184037,0.5523611066646095,0.9998134269601328
655,19.0,28.0,1.5124384698288051,78.0,738.0,53857.0,14.32473141003744,0.4606480725851476,0.999844879347401
656,19.0,29.0,0.2725145763652099,27.0,569.0,45548.0,23.310577283954373,0.2692382673863707,0.43689580807960027
657,19.0,30.0,1.3517049822385863,109.0,1087.0,78225.0,11.031461127430148,0.5253635076125216,0.9997690109953493
658,19.0,31.0,1.7891072768343863,144.0,710.0,75232.0,4.790007059384455,0.43408810829804834,0.9998205269498577
659,19.0,32.0,1.525597103568097,113.0,907.0,73646.0,7.068585352710263,0.4934548391257749,0.9998001630972541
660,20.0,0.0,2.0250635460315842,144.0,698.0,81842.0,6.412915277711403,0.49777450441955173,0.9997935271554009
661,20.0,1.0,1.4828437155062821,125.0,895.0,81823.0,7.350777221821391,0.49321405741192903,0.9998617792914273
662,20.0,2.0,1.2433543832834522,80.0,1032.0,81778.0,15.875517008610663,0.536718413801261,0.9998075136153085
663,20.0,3.0,2.051242808620405,139.0,762.0,81837.0,6.882020818736808,0.5201633772605498,0.9998552180153493
664,20.0,4.0,1.1050651836146292,79.0,991.0,81777.0,11.163497242846281,0.4351599535126658,0.9997480941246906
665,20.0,5.0,1.6520053385314464,108.0,932.0,81806.0,10.407089055892818,0.583726112147553,0.9998202906110666
666,20.0,6.0,1.3926585665463664,94.0,1018.0,81792.0,12.938555421913541,0.5668879373554824,0.9998155603079364
667,20.0,7.0,2.0616327777942685,140.0,759.0,81838.0,5.470782170939646,0.5422738975149124,0.9998968913577013
668,20.0,8.0,1.3043548284095219,85.0,998.0,81783.0,16.53836587292028,0.5986292214125986,0.9998636299602294
669,20.0,9.0,1.9485040491502343,129.0,795.0,81827.0,7.189926085242779,0.48487984859473143,0.9998377865129678
670,20.0,10.0,2.0192101124610686,129.0,752.0,81827.0,5.6694046782295615,0.4829845105854169,0.9997966989852884
671,20.0,11.0,1.9253923642187831,132.0,831.0,81830.0,6.60186094243589,0.5605108198585413,0.9998939310067858
672,20.0,12.0,1.516898620420305,129.0,861.0,81827.0,8.631020674563397,0.5166050216463614,0.9997767531001465
673,20.0,13.0,1.6041216556762024,91.0,869.0,81789.0,11.88418584116812,0.5752682538323488,0.9998682349164812
674,20.0,14.0,1.9737777657325517,150.0,822.0,81848.0,7.146385168567577,0.5387292969150621,0.9999006460365848
675,20.0,15.0,1.9344950207318818,104.0,805.0,81802.0,8.559753217738075,0.5251639844317557,0.999757407299309
676,20.0,16.0,1.5006538277540138,117.0,768.0,81815.0,6.593415688233241,0.4139289908718633,0.999892207017084
677,20.0,17.0,1.0726413456676382,87.0,1071.0,81785.0,11.9577234782355,0.4989050269462255,0.9997497770651453
678,20.0,18.0,1.8614095572713163,141.0,837.0,81839.0,6.362640535356003,0.5148624897690695,0.9999034518860951
679,20.0,19.0,1.8848933745495964,141.0,788.0,81839.0,5.716086576779044,0.4897800333463881,0.9998890136634616
680,20.0,20.0,1.9340950566264472,125.0,760.0,81823.0,5.945308994724513,0.5065188105574584,0.9998087608364963
681,20.0,21.0,1.8988524593352103,133.0,770.0,81831.0,4.977589799109614,0.44903098952385,0.9998630873771491
682,20.0,22.0,1.6570370096651488,111.0,928.0,81809.0,10.460780569447364,0.5797488400568143,0.9998480696157154
683,20.0,23.0,0.30891432168699223,16.0,1412.0,81714.0,80.52371708249547,0.25316129582277147,0.9123017680565857
684,20.0,24.0,1.988172638379414,173.0,713.0,81871.0,4.291998727164325,0.48426757511843255,0.999849158416267
685,20.0,25.0,1.9940583564632932,131.0,639.0,81829.0,5.253412507320628,0.5227749375961235,0.9998741907979061
686,20.0,26.0,1.954836492878378,124.0,734.0,81822.0,5.970513901822535,0.4932119526167842,0.9998846698173082
687,20.0,27.0,1.2032664727662794,87.0,1020.0,81785.0,10.054549838247226,0.4565446459088571,0.9998270619776509
688,20.0,28.0,1.8762232205182752,144.0,719.0,81842.0,5.582015083554274,0.45630744617995633,0.9998164268850741
689,20.0,29.0,1.5509971545386663,113.0,920.0,81811.0,7.55234153809192,0.5555842835007985,0.9998603280431417
690,20.0,30.0,1.9801812215387005,152.0,726.0,81850.0,5.295788880950415,0.49111581804734417,0.9999163477105566
691,20.0,31.0,1.9665061203441556,134.0,784.0,81832.0,6.618673148877053,0.5010037265523364,0.9999015416535469
692,20.0,32.0,1.019670489554426,76.0,1170.0,81055.0,13.41040512661617,0.4946666218464498,0.9997903555187653
693,21.0,0.0,1.3902429077577863,101.0,993.0,84326.0,11.076221916970123,0.5546422940908802,0.9997546036119968
694,21.0,1.0,1.6122867800893386,128.0,912.0,84353.0,8.424788753002613,0.5392712279475512,0.9998393568042443
695,21.0,2.0,1.6552577343040122,111.0,881.0,84336.0,9.449247514074479,0.6023991089475811,0.9998078458238263
696,21.0,3.0,1.7402311440082943,128.0,687.0,84353.0,4.609593201507561,0.41598682352013494,0.9997241794475717
697,21.0,4.0,2.0242426667552147,140.0,808.0,84365.0,6.073284742314667,0.5732036586333275,0.9997711207288923
698,21.0,5.0,2.0041648500150435,127.0,670.0,84352.0,5.569757739837916,0.45498219242156324,0.9998996529291865
699,21.0,6.0,1.9508636804080202,140.0,654.0,84365.0,5.870858705463859,0.5166982912338933,0.9998861753141518
700,21.0,7.0,1.9179965285361724,164.0,755.0,84389.0,4.127861090594385,0.4560258060521569,0.9998109790748326
701,21.0,8.0,1.7980754993170918,109.0,829.0,84334.0,7.804813892664385,0.47398496148884195,0.9997854966170946
702,21.0,9.0,1.953532997742408,153.0,741.0,84378.0,4.311819260407705,0.46465728614484425,0.9997510513849198
703,21.0,10.0,1.665124163912662,107.0,684.0,84332.0,5.748986801592909,0.40479459572018217,0.9998688376618546
704,21.0,11.0,1.7651395919237673,123.0,848.0,84348.0,6.758049434153135,0.5317027534878105,0.999824231690435
705,21.0,12.0,2.1571699995035294,161.0,754.0,84386.0,5.339090575543252,0.521569464289599,0.9998383825843299
706,21.0,13.0,1.8185402283170407,132.0,704.0,84357.0,5.201333113219407,0.4304935604660429,0.999932761579824
707,21.0,14.0,1.495853337480438,114.0,787.0,84339.0,7.3114499308997924,0.5223451678285518,0.9997681975051117
708,21.0,15.0,1.9454846730628206,154.0,756.0,84379.0,4.832973566544952,0.4679427424863658,0.9997684836412543
709,21.0,16.0,1.8381570085581853,149.0,672.0,84374.0,4.255610597262822,0.44136992836118516,0.9997452483145968
710,21.0,17.0,1.9572797567063493,141.0,732.0,84366.0,5.142509123252348,0.5137691084219131,0.9998766933696643
711,21.0,18.0,1.3711977285464056,95.0,920.0,84320.0,9.291147545214391,0.4945828101695465,0.9998219030628355
712,21.0,19.0,1.730878336188563,126.0,837.0,84351.0,6.0812656446576145,0.531352380447993,0.9997707947770917
713,21.0,20.0,1.8105467283981012,137.0,713.0,84362.0,4.271277610817872,0.46763074391202,0.9997929056185608
714,21.0,21.0,1.3433490842687748,93.0,951.0,84318.0,11.129942837281984,0.5390720874273764,0.9997552965960338
715,21.0,22.0,1.863438331286225,153.0,815.0,84378.0,5.526245090684588,0.47672350864015567,0.9998034903434161
716,21.0,23.0,1.9188480808635806,139.0,670.0,84364.0,4.923363084935672,0.4325226211762899,0.9997662831269833
717,21.0,24.0,1.3844304992936751,112.0,944.0,84337.0,7.208924419219858,0.4645074024188175,0.9997987712151458
718,21.0,25.0,1.468425425282856,84.0,863.0,84309.0,9.773715261937868,0.4718063978238266,0.9997758435246088
719,21.0,26.0,1.0707746172261654,81.0,1186.0,84306.0,12.509480334663557,0.4973993106963852,0.9997245468304747
720,21.0,27.0,1.8567479092480146,135.0,725.0,84360.0,5.034327736587406,0.40065987108110035,0.9998538125454405
721,21.0,28.0,1.424712405686761,93.0,896.0,84318.0,13.287944326865553,0.5589001355085776,0.9997785409674362
722,21.0,29.0,1.8901682106872308,138.0,787.0,84363.0,6.377944270080657,0.4784938450022347,0.999772383492096
723,21.0,30.0,1.9205603565656184,136.0,841.0,84361.0,6.211320458585751,0.546471433095018,0.9998050010213936
724,21.0,31.0,1.9706754494460366,143.0,748.0,84368.0,5.133111522797152,0.45282269101496286,0.9998983605312363
725,21.0,32.0,1.926814247481175,151.0,846.0,83289.0,5.684730140549257,0.48669026610941757,0.9998656716259627
726,22.0,0.0,1.9156468847854946,168.0,766.0,65890.0,4.484353241712073,0.4727073465430537,0.999768456742941
727,22.0,1.0,1.867330252106646,145.0,747.0,65867.0,4.853773257804128,0.5273544492784987,0.9997776303793983
728,22.0,2.0,1.940362050902155,192.0,777.0,65914.0,3.4788365939831962,0.46339236739013034,0.9999130529132361
729,22.0,3.0,0.9158423511845784,90.0,1066.0,65812.0,10.747705034511378,0.4611420543131831,0.9997989378123431
730,22.0,4.0,1.8352066664987676,123.0,671.0,65845.0,5.103930204073553,0.40706079971334996,0.9997620864346282
731,22.0,5.0,1.971409797864167,126.0,802.0,65848.0,7.14194111816755,0.5142581212598047,0.9997454981991972
732,22.0,6.0,1.938281839262364,128.0,820.0,65850.0,6.738940007963364,0.4790605027366345,0.999852339877494
733,22.0,7.0,2.123196119976251,160.0,890.0,65882.0,5.444603009402513,0.6094436252511158,0.9999318864697291
734,22.0,8.0,1.9997007969492813,133.0,739.0,65855.0,6.302571555701951,0.48956697369465674,0.999748295627813
735,22.0,9.0,1.2540864489711918,97.0,1093.0,65819.0,9.90011198802744,0.5524112470239972,0.9999120640874093
736,22.0,10.0,1.8811297744368958,146.0,743.0,65868.0,4.89484797022919,0.4522007448650025,0.9998574769147142
737,22.0,11.0,1.9355776467634151,160.0,711.0,65882.0,4.360347494815034,0.44253178495324363,0.9998534952630098
738,22.0,12.0,1.6985876375745756,105.0,522.0,65827.0,4.680866740435889,0.5733732632782735,0.9997369475158372
739,22.0,13.0,2.072838472119217,171.0,779.0,65893.0,5.220585078534214,0.5748207458376822,0.9998554645467779
740,22.0,14.0,1.9403547894879674,168.0,679.0,65890.0,3.7263540673523297,0.4681726991914693,0.9999054125849828
741,22.0,15.0,1.7306057589921031,102.0,708.0,65824.0,9.191960684574374,0.5608427120118907,0.9997446345451706
742,22.0,16.0,1.757673937124662,144.0,855.0,65866.0,5.899987112489697,0.5694705506875541,0.999766864633381
743,22.0,17.0,1.889215982486729,127.0,644.0,65849.0,4.7395244726514765,0.42483511260912854,0.9999023317455031
744,22.0,18.0,1.9400510607218668,142.0,786.0,65864.0,5.941744946073593,0.5230711624533672,0.9997520285626246
745,22.0,19.0,1.9335577391865302,124.0,748.0,65846.0,6.509262677765305,0.4991992372459526,0.9998290990930068
746,22.0,20.0,1.742225605925669,116.0,834.0,65838.0,7.440157099495039,0.4497620290857417,0.9998371149753134
747,22.0,21.0,1.391824857434252,118.0,931.0,65840.0,5.938264610491408,0.47120563707805785,0.9998119732532061
748,22.0,22.0,1.1917440555495473,100.0,1087.0,65822.0,9.757951003540784,0.5688208745120866,0.9998512318663908
749,22.0,23.0,1.9592722691667488,139.0,737.0,65861.0,5.211990822775985,0.47546110137981046,0.9999352363071683
750,22.0,24.0,1.9434823912049681,137.0,780.0,65859.0,6.0629355656029675,0.48117097799948294,0.9998950385261534
751,22.0,25.0,1.865151228470176,135.0,851.0,65857.0,7.4343961287163784,0.5532047952248822,0.9998009727959056
752,22.0,26.0,1.9913603160246127,159.0,751.0,65881.0,4.440825966655273,0.4902707213331299,0.9999115969441444
753,22.0,27.0,1.851042280735868,150.0,688.0,65872.0,4.08667436946657,0.4194920317080917,0.9997647583883246
754,22.0,28.0,1.6043594584996013,112.0,860.0,65834.0,8.628994541811041,0.5597366499755579,0.9998840053249274
755,22.0,29.0,1.9183643786609512,161.0,727.0,65883.0,4.0372846076427376,0.4548733469766435,0.9998722889426278
756,22.0,30.0,1.9799519224446183,159.0,728.0,65881.0,5.269670581982365,0.4769223788242345,0.999796861528413
757,22.0,31.0,1.9852308120080826,133.0,793.0,65855.0,5.56180386421652,0.5429246047128418,0.9997895498422251
758,22.0,32.0,2.0169143834656995,136.0,755.0,65161.0,5.458788863709488,0.5457054338918581,0.9997480286345714
759,23.0,0.0,1.9572684465198613,142.0,702.0,64472.0,4.445769630817074,0.5225773911898399,0.9997471643491538
760,23.0,1.0,1.859565328771529,157.0,747.0,64487.0,4.376512443391564,0.46860347933195745,0.9998465676613018
761,23.0,2.0,2.0497417136873755,152.0,747.0,64482.0,5.134062603550758,0.5030815234450069,0.9998315091414275
762,23.0,3.0,2.0248178413719486,126.0,715.0,64456.0,5.441928405379478,0.5131867334337418,0.9999389312893008
763,23.0,4.0,2.0683108255651326,155.0,856.0,64485.0,6.582293380091375,0.5667521775490274,0.999768805568409
764,23.0,5.0,2.093879115042688,143.0,666.0,64473.0,4.242778197938682,0.4745258355455829,0.9997790776413907
765,23.0,6.0,2.103752314799469,131.0,678.0,64461.0,5.58138105923426,0.5526370359840996,0.9998730872427942
766,23.0,7.0,2.1941936578009487,158.0,822.0,64488.0,5.83288540115727,0.5381758842183311,0.9997301307873157
767,23.0,8.0,1.5994208547643773,143.0,972.0,64473.0,6.499160146481555,0.5872595640889655,0.9997344211260882
768,23.0,9.0,1.9957791223900787,117.0,804.0,64447.0,8.052717085708426,0.5396077478146555,0.9998922409529305
769,23.0,10.0,1.9025475430507879,162.0,725.0,64492.0,4.191524239042865,0.4762406945939932,0.9999165075978186
770,23.0,11.0,2.0209074499916637,132.0,701.0,64462.0,5.029150491353262,0.45756080528205845,0.9998511035540056
771,23.0,12.0,1.8985873319408264,134.0,723.0,64464.0,6.530269608750695,0.48138260458665516,0.9998424878758764
772,23.0,13.0,1.900249912009621,137.0,729.0,64467.0,4.813918412638112,0.4430314614792382,0.9999146208740739
773,23.0,14.0,2.1070346078489637,165.0,767.0,64495.0,4.547319136849454,0.48794889953727605,0.9997962515524311
774,23.0,15.0,1.8049833322007147,149.0,738.0,64479.0,4.602643497700237,0.464346941263292,0.9999056951618237
775,23.0,16.0,1.8557558369686498,136.0,663.0,64466.0,4.955328033358097,0.44940488885965224,0.9998838238514277
776,23.0,17.0,1.8265856911395706,118.0,745.0,64448.0,5.862719618110363,0.5120374735436444,0.9997374526687931
777,23.0,18.0,1.9824003834398973,123.0,808.0,64453.0,6.575976524336648,0.49251080847328477,0.9997843432444379
778,23.0,19.0,1.9794083286154727,157.0,753.0,64487.0,4.612614857182994,0.48704950609504316,0.999818723488981
779,23.0,20.0,1.9166639718998437,141.0,741.0,64471.0,4.537367291694515,0.4442993107264428,0.9998358882539847
780,23.0,21.0,1.9852732007239449,150.0,724.0,64480.0,4.940736877601332,0.4530834407787676,0.9997655512233793
781,23.0,22.0,1.916148973108624,140.0,754.0,64470.0,5.5662129798964415,0.47588499592752265,0.9999144284306486
782,23.0,23.0,2.0078033162766027,135.0,943.0,64465.0,7.063432310499293,0.5959388824532235,0.9997590277533089
783,23.0,24.0,1.8647545635590355,174.0,791.0,64504.0,3.778508482184601,0.4551103561928218,0.9999298211869109
784,23.0,25.0,1.9909294911932045,132.0,684.0,64462.0,6.953487242512167,0.48671317447286866,0.999918065041384
785,23.0,26.0,2.0273811012598673,160.0,762.0,64490.0,5.256554730350093,0.4795976611024245,0.9998976552252219
786,23.0,27.0,1.7325424513774956,128.0,792.0,64458.0,4.893029103569396,0.46117242520679613,0.9997700937368212
787,23.0,28.0,1.9682572217024001,139.0,762.0,64469.0,6.617124613669747,0.4629101444772451,0.9998099244084689
788,23.0,29.0,2.0023097082262105,117.0,688.0,64447.0,6.693214715630091,0.4551058215670941,0.999790792279055
789,23.0,30.0,1.97806254624009,134.0,776.0,64464.0,6.322573930228775,0.5619960211939465,0.9997776909384672
790,23.0,31.0,1.9319758644181864,130.0,725.0,64460.0,5.538406660288924,0.44172264424901864,0.9998043634757011
791,23.0,32.0,2.0314856127203123,157.0,713.0,63737.0,4.54355939221193,0.5634028692187022,0.9999129332290001
792,24.0,0.0,1.9176170487530755,149.0,808.0,70377.0,5.686427051611484,0.48415767110841734,0.9999596978872175
793,24.0,1.0,2.0614415565092576,161.0,697.0,70389.0,4.602692955082504,0.4838154615615594,0.9997978499675342
794,24.0,2.0,1.8068640078577423,118.0,644.0,70346.0,5.37087688512775,0.40378709901329146,0.9998814154404583
795,24.0,3.0,1.9782281714473982,143.0,827.0,70371.0,5.405370569915286,0.5749206610105635,0.9998429800405327
796,24.0,4.0,1.9886359612936457,125.0,713.0,70353.0,6.302792061666462,0.4984006533448907,0.9999137790149752
797,24.0,5.0,2.0986669197521004,158.0,807.0,70386.0,5.451638742240578,0.5921094774711569,0.999950545062968
798,24.0,6.0,1.7282283489123649,109.0,860.0,70337.0,8.455504822589324,0.6046206762329238,0.99974601885679
799,24.0,7.0,2.018571405444699,127.0,779.0,70355.0,8.021676580862671,0.48298543262104143,0.9997521223850067
800,24.0,8.0,1.7616348170888743,106.0,965.0,70334.0,11.010236015701942,0.640714561596444,0.9998354788320171
801,24.0,9.0,1.9063568415051766,122.0,654.0,70350.0,5.669799476393029,0.40527807733365295,0.99982971857798
802,24.0,10.0,1.8921856169797853,174.0,740.0,70402.0,4.3668428935345895,0.48831404599684114,0.9998730220840281
803,24.0,11.0,1.957898615147452,137.0,813.0,70365.0,5.257595563666939,0.5106777417902758,0.9997518148401805
804,24.0,12.0,2.0800658194589334,150.0,730.0,70378.0,5.380658777735718,0.5064991504761756,0.9999259289201099
805,24.0,13.0,1.909923003954746,121.0,664.0,70349.0,6.364167486170312,0.5599261844112124,0.9998415679532254
806,24.0,14.0,1.9279871108973243,110.0,812.0,70338.0,7.071150812524238,0.512871539732547,0.9997893794472797
807,24.0,15.0,1.647918412758492,83.0,648.0,70311.0,7.8865898750512216,0.4717988655290496,0.9996845271562658
808,24.0,16.0,1.9100396348158708,144.0,770.0,70372.0,4.970333761752725,0.4467121645273022,0.9997912894043366
809,24.0,17.0,1.832695615220629,122.0,783.0,70350.0,6.834588613166615,0.43828349657861254,0.9997359637877448
810,24.0,18.0,1.921479431342528,132.0,639.0,70360.0,4.829538295882646,0.4242480963062374,0.999837921305993
811,24.0,19.0,1.8504168305242583,122.0,552.0,70350.0,4.978377551748161,0.40503092456620393,0.9999446881855522
812,24.0,20.0,2.023186741837107,149.0,726.0,70377.0,4.474906641768535,0.4469834410149591,0.9999139998246979
813,24.0,21.0,1.9470214008532751,135.0,893.0,70363.0,8.662014285569429,0.5520406845957717,0.9997907087584427
814,24.0,22.0,1.5880664047054125,116.0,856.0,70344.0,8.499570614723835,0.45621587846555756,0.9997707986609076
815,24.0,23.0,1.6623264260183164,129.0,742.0,70357.0,4.697560086664256,0.4141443992240651,0.9998681487147425
816,24.0,24.0,1.8527842026080994,165.0,699.0,70393.0,3.967042887825168,0.4553868648710905,0.9997660391735711
817,24.0,25.0,1.937603332175217,134.0,722.0,70362.0,6.499081329218794,0.4533093979960431,0.9997823989643948
818,24.0,26.0,1.6230081464665775,133.0,951.0,70361.0,7.0463204349287345,0.57222083643343,0.9998241927113412
819,24.0,27.0,1.6574301138058822,119.0,915.0,70347.0,9.383254242621668,0.6056133052401173,0.9997607346075205
820,24.0,28.0,2.0720961335919883,156.0,723.0,70384.0,4.748174401721971,0.5064609427803053,0.999906042720265
821,24.0,29.0,2.124260572503151,155.0,824.0,70383.0,6.256475157092285,0.4939058190682887,0.9998801023011566
822,24.0,30.0,2.0097882147748725,144.0,699.0,70372.0,4.413760947057539,0.5124871360709087,0.9998199812066417
823,24.0,31.0,1.9470061323124364,152.0,710.0,70380.0,4.7760627645622655,0.47838969657494956,0.999754918442628
824,24.0,32.0,1.717991521698708,135.0,841.0,69597.0,7.105241949343104,0.5304496012267792,0.9997607825721262
825,25.0,0.0,1.971066148297432,140.0,865.0,76069.0,6.066907562926524,0.6012165750144622,0.9997650697666121
826,25.0,1.0,1.7626903831001532,101.0,703.0,76030.0,6.475147214462138,0.4371310466365953,0.9998550085486689
827,25.0,2.0,2.034807348474372,140.0,784.0,76069.0,5.362496544317642,0.5928782075177155,0.9998800886889776
828,25.0,3.0,2.014623947499379,142.0,841.0,76071.0,6.433222529880583,0.5209780280648868,0.9997356131387688
829,25.0,4.0,1.7597049561729114,106.0,875.0,76035.0,8.984394480957773,0.4531841935026444,0.9999308235309909
830,25.0,5.0,2.020516884173813,156.0,796.0,76085.0,5.017358879091047,0.48417602467281684,0.9997574675403045
831,25.0,6.0,1.8665054975352033,134.0,904.0,76063.0,6.0911307453055645,0.512882707429052,0.9997688041168739
832,25.0,7.0,1.882335336786087,166.0,722.0,76095.0,3.635203579101368,0.45103516336359095,0.9998110133409126
833,25.0,8.0,1.8970128637096813,121.0,737.0,76050.0,6.309582743742638,0.5051887230132496,0.9998000009990313
834,25.0,9.0,1.5600844572379908,90.0,865.0,76019.0,8.767289233905844,0.4057591749714192,0.9998079274254129
835,25.0,10.0,1.888787472268559,129.0,640.0,76058.0,5.939890450259385,0.41447910281393996,0.9998268040893927
836,25.0,11.0,1.9585973985927703,138.0,732.0,76067.0,5.8183354792341,0.46598411907189485,0.9998047189833343
837,25.0,12.0,1.9506632948811569,119.0,743.0,76048.0,7.262512605865985,0.4720155808775064,0.9997795146188773
838,25.0,13.0,2.075584146682763,165.0,775.0,76094.0,4.735232682367412,0.48624889202475075,0.9997969926199942
839,25.0,14.0,1.840927729478239,130.0,829.0,76059.0,5.448080160062043,0.5134264184529584,0.999781707307933
840,25.0,15.0,1.7706652685624946,127.0,796.0,76056.0,6.253906251410277,0.48465059385537135,0.9997423652529774
841,25.0,16.0,2.0170712764883367,161.0,731.0,76090.0,5.075242180555087,0.47103607442042905,0.9998830801072842
842,25.0,17.0,2.1256562344567698,137.0,767.0,76066.0,5.475962776592499,0.5521223732844993,0.9998684420412656
843,25.0,18.0,1.9513586345227711,129.0,804.0,76058.0,6.402383629111031,0.5661482874989323,0.9998776609237663
844,25.0,19.0,2.025624307762013,129.0,815.0,76058.0,6.814052204779907,0.5920410052088154,0.9997496926543497
845,25.0,20.0,1.977763969856124,151.0,784.0,76080.0,4.438837670107007,0.5620896549244179,0.999783769122007
846,25.0,21.0,1.909323227436864,145.0,701.0,76074.0,4.645876336301511,0.4408545610142821,0.9997598342266857
847,25.0,22.0,2.057397732400651,160.0,728.0,76089.0,4.904344543623443,0.46805982345699615,0.9998444307922384
848,25.0,23.0,1.6470766393555125,96.0,777.0,76025.0,8.045110472022415,0.39900387463780485,0.9997858186123398
849,25.0,24.0,1.9221570900781082,121.0,895.0,76050.0,8.435062441368222,0.5548648299229453,0.9998477193210443
850,25.0,25.0,1.6113815665237285,104.0,767.0,76033.0,8.827087939998396,0.5342114270678764,0.9997448486744301
851,25.0,26.0,2.112021074574905,147.0,825.0,76076.0,5.388534820742183,0.499323504212828,0.9997700273802005
852,25.0,27.0,1.5518945572586553,89.0,711.0,76018.0,7.529680394828253,0.3704903706326639,0.9997708806394706
853,25.0,28.0,1.9870372195193646,164.0,871.0,76093.0,6.127389825143088,0.5486491288350532,0.9998199538164173
854,25.0,29.0,1.9948724644241844,111.0,709.0,76040.0,5.576013950123409,0.4868384079837955,0.99986429104792
855,25.0,30.0,1.7041245582456157,138.0,740.0,76067.0,4.719356965851263,0.4482390237972409,0.9998676477535425
856,25.0,31.0,1.8756594459806872,142.0,791.0,76071.0,5.974518341262377,0.4753562547469219,0.9998776026013211
857,25.0,32.0,1.7746860078540627,118.0,903.0,75265.0,6.840574072262475,0.5035488601293931,0.9998327138407183
858,26.0,0.0,2.0525825358402323,165.0,846.0,65527.0,4.999156754630152,0.5932609824154054,0.9997822766955409
859,26.0,1.0,1.8623691468536763,117.0,777.0,65479.0,6.326737542393544,0.4800394732032124,0.9998668830839036
860,26.0,2.0,1.9821850386805269,121.0,674.0,65483.0,4.8995747839576005,0.42264223092158903,0.999885996757206
861,26.0,3.0,2.0016058373743113,146.0,712.0,65508.0,6.439432030016534,0.46457237056191214,0.9998379843498152
862,26.0,4.0,1.8242254728793121,137.0,734.0,65499.0,5.238050801965126,0.42137364039077174,0.9997439528939528
863,26.0,5.0,1.6172272552019102,100.0,682.0,65462.0,7.617450140863809,0.391379283879435,0.9998234698670649
864,26.0,6.0,2.04844851311898,164.0,715.0,65526.0,5.1050735565915595,0.4765108271695394,0.9998200880744326
865,26.0,7.0,1.9273196966045147,139.0,704.0,65501.0,5.273342510885116,0.45140694933674497,0.9999039233870312
866,26.0,8.0,1.8815498596152695,110.0,662.0,65472.0,6.437193765457005,0.41904753983328424,0.9998973445151813
867,26.0,9.0,1.6812541552650067,101.0,836.0,65463.0,9.646589295802233,0.47079899603956166,0.9998798261497698
868,26.0,10.0,2.0664237610635037,160.0,831.0,65522.0,5.739830195895926,0.5049385901562888,0.9998206516380633
869,26.0,11.0,1.9626393757308906,133.0,753.0,65495.0,5.763538185797225,0.46172400581822093,0.9999171164680484
870,26.0,12.0,2.048802700749615,145.0,777.0,65507.0,5.694739738708223,0.4702096604822569,0.9998045260406424
871,26.0,13.0,1.150231731075786,94.0,1132.0,65456.0,10.819443493908105,0.4915918666102925,0.999830759930031
872,26.0,14.0,2.0018686072172827,137.0,886.0,65499.0,6.267605872523068,0.5765129813225476,0.9998445444308982
873,26.0,15.0,2.054762058998597,135.0,911.0,65497.0,10.076386195954287,0.6183668309637842,0.9998174595960422
874,26.0,16.0,1.8538450775327104,136.0,739.0,65498.0,5.956086199657305,0.4395048103472379,0.9998925815738816
875,26.0,17.0,1.8974018421509748,141.0,728.0,65503.0,5.619799303494053,0.46699575777469304,0.999931045059356
876,26.0,18.0,1.7796773435012296,129.0,756.0,65491.0,6.036271577420615,0.44417552461238763,0.9998118506180532
877,26.0,19.0,1.8717638941919803,167.0,690.0,65529.0,3.6279269155583367,0.45489351811131384,0.9997562220462175
878,26.0,20.0,1.8618098025308334,113.0,746.0,65475.0,6.225122093165861,0.43944132609527775,0.9997678944565919
879,26.0,21.0,1.9807918008279202,112.0,702.0,65474.0,6.489777289915728,0.5073478790542705,0.9997695003080376
880,26.0,22.0,1.6767191377756818,107.0,799.0,65469.0,8.07289246515427,0.44858186017417423,0.9997458580355427
881,26.0,23.0,2.025017833423097,151.0,743.0,65513.0,5.188944039651256,0.4984703375311008,0.999858604272491
882,26.0,24.0,2.0245085641226517,131.0,664.0,65493.0,4.975800663241152,0.5238759658353054,0.999897829915995
883,26.0,25.0,1.35440216904209,89.0,659.0,65451.0,7.499851519496693,0.37632106833132584,0.9998545431052851
884,26.0,26.0,1.9875562971033087,149.0,680.0,65511.0,4.363412953298532,0.45043044387361286,0.9998687132261078
885,26.0,27.0,1.870939926366629,131.0,853.0,65493.0,5.538673475845958,0.4378870116898098,0.999784982856044
886,26.0,28.0,1.8667998510908284,115.0,796.0,65477.0,7.287532572282438,0.46463464165156043,0.9997186287699201
887,26.0,29.0,1.9819656240230896,151.0,795.0,65513.0,5.347678157460228,0.549439462231343,0.99975279534986
888,26.0,30.0,1.8783989505406102,121.0,531.0,65483.0,4.7125108688321875,0.5224682249745161,0.99987855249747
889,26.0,31.0,1.910574971117692,149.0,931.0,65511.0,5.984287928320429,0.52111185253397,0.999733147343942
890,26.0,32.0,1.3048869876305127,85.0,732.0,64613.0,8.807282977178929,0.43743243400302,0.9997081187478557
891,27.0,0.0,1.7475877762419698,136.0,801.0,85469.0,5.36730813773733,0.44875817921202976,0.9998815665693356
892,27.0,1.0,1.9275524714649144,145.0,662.0,85478.0,3.8691805865393203,0.41509651565078964,0.9997445333884099
893,27.0,2.0,1.9233495264697962,152.0,751.0,85485.0,4.434146046124253,0.4427213897064082,0.9999337624239861
894,27.0,3.0,1.7944999081846191,119.0,753.0,85452.0,6.961757231146419,0.49895489158533923,0.9997493240362153
895,27.0,4.0,2.005456688621228,137.0,848.0,85470.0,6.568662845063412,0.4944510692933757,0.9998975254245472
896,27.0,5.0,1.9750613356513904,149.0,805.0,85482.0,4.941247201903576,0.4597505134010471,0.999918143916596
897,27.0,6.0,1.7775707356610124,143.0,828.0,85476.0,6.326039288152861,0.48103463940777846,0.9998725332384837
898,27.0,7.0,2.067917768289405,153.0,772.0,85486.0,5.528800778220139,0.463553533063252,0.9997837514187564
899,27.0,8.0,2.012118731896941,151.0,734.0,85484.0,5.312962805163759,0.4772992275298257,0.9997448454973301
900,27.0,9.0,1.9949324814727898,153.0,777.0,85486.0,4.689161344847991,0.45477690039426233,0.9998343742228112
901,27.0,10.0,1.7825255789410437,126.0,662.0,85459.0,4.89134049724548,0.4179276400334423,0.9998326730462895
902,27.0,11.0,1.9859869390270637,143.0,697.0,85476.0,5.368442182118224,0.4577272720791665,0.9997664232194942
903,27.0,12.0,1.7009665496369841,125.0,796.0,85458.0,6.210338549803857,0.42952654420841596,0.9998358210914672
904,27.0,13.0,2.1606905709928164,153.0,842.0,85486.0,6.38101024719911,0.5404144473245134,0.9997331426330585
905,27.0,14.0,1.9043024469690004,131.0,764.0,85464.0,5.5352231794122595,0.4250227231945365,0.999885762244658
906,27.0,15.0,1.8590928658113892,143.0,812.0,85476.0,5.901353284486599,0.48900868474961057,0.9997801197324243
907,27.0,16.0,1.3592758410551866,73.0,603.0,85406.0,9.558270269890091,0.4359789410523436,0.9999295003622533
908,27.0,17.0,2.0751151106040955,152.0,741.0,85485.0,4.72849536287359,0.45446415719414124,0.9998013622970251
909,27.0,18.0,2.0644043025516146,161.0,725.0,85494.0,5.212610379347954,0.49566721636586253,0.999769032432245
910,27.0,19.0,1.6864362008105305,144.0,759.0,85477.0,4.872465668159123,0.443195693914305,0.9997950835684846
911,27.0,20.0,1.6425050455243826,114.0,818.0,85447.0,8.101648675887168,0.45630358408880334,0.9997733001607103
912,27.0,21.0,1.9966153590129736,136.0,756.0,85469.0,6.476365981946585,0.47353476770422853,0.9998347204122008
913,27.0,22.0,1.7128548524576477,150.0,698.0,85483.0,3.4010432356523475,0.4051448225203115,0.9997829964033612
914,27.0,23.0,1.5308739502417186,113.0,760.0,85446.0,6.238121914817373,0.4617827440592167,0.9998823001942027
915,27.0,24.0,1.8571551397278536,143.0,839.0,85476.0,5.359269888178408,0.5120982959616964,0.9999129704477228
916,27.0,25.0,1.8804414179872213,132.0,648.0,85465.0,4.598082284321473,0.41496751638552354,0.9998844911632774
917,27.0,26.0,1.7517584606708438,120.0,710.0,85453.0,5.721771590132635,0.4018291993218638,0.9998146654235401
918,27.0,27.0,1.3876981093577814,105.0,871.0,85438.0,8.218615647716128,0.41024960517919873,0.9996762515804165
919,27.0,28.0,1.2960767718254538,87.0,586.0,85420.0,5.606245571761755,0.38890040170945883,0.9996738507736364
920,27.0,29.0,1.978451354089497,132.0,804.0,85465.0,7.431975818003851,0.4909935726350678,0.9997707654805503
921,27.0,30.0,1.9696650982932848,161.0,823.0,85494.0,5.011490390548764,0.4798567792445294,0.9998287848629053
922,27.0,31.0,1.6599289952367693,127.0,948.0,85460.0,7.373441536783208,0.5791673470994066,0.9997665251796243
923,27.0,32.0,1.8937887479689157,137.0,773.0,84165.0,5.515258481757032,0.4455320752105356,0.9998968530065209
924,28.0,0.0,2.105708556215929,179.0,783.0,82654.0,5.5738756090969765,0.5347159493167496,0.9997191089064329
925,28.0,1.0,1.5154519894419138,115.0,743.0,82590.0,5.680407586268782,0.38523994745080914,0.9997521028075123
926,28.0,2.0,1.7029190684707443,161.0,824.0,82636.0,4.534616230167996,0.4467563028036412,0.9998791719672745
927,28.0,3.0,1.9484937423242812,165.0,731.0,82640.0,3.347960198748729,0.4131307556193995,0.999873175530436
928,28.0,4.0,1.9004664551301815,134.0,714.0,82609.0,5.291761248066711,0.4266379539076376,0.9998014758210703
929,28.0,5.0,1.5876130780307167,97.0,787.0,82572.0,9.198531295527339,0.4823047805327796,0.9997994398482422
930,28.0,6.0,1.400406806835826,73.0,770.0,82548.0,13.598472714088036,0.5064003749678729,0.9998791522527969
931,28.0,7.0,1.5381222643040906,142.0,746.0,82617.0,4.934690284995385,0.4566421759064997,0.999882062803162
932,28.0,8.0,1.8226387156312491,128.0,903.0,82603.0,6.707061106673643,0.48071258799392413,0.9998999151043135
933,28.0,9.0,2.066442738049587,177.0,746.0,82652.0,4.488106717359659,0.4827463915468909,0.999725528572157
934,28.0,10.0,1.4685709212597609,109.0,768.0,82584.0,7.69463942222569,0.4383741352109477,0.9997328529028118
935,28.0,11.0,1.2405374472742754,96.0,817.0,82571.0,9.821702169615087,0.4170404868467381,0.9997489785673688
936,28.0,12.0,2.0099543030782843,139.0,701.0,82614.0,4.894875502170074,0.4616213680709048,0.9997569858204226
937,28.0,13.0,2.002222821934087,118.0,855.0,82593.0,9.111058644129276,0.5467620162377267,0.9997821532075073
938,28.0,14.0,1.5364850770608087,112.0,908.0,82587.0,7.345519972507595,0.502277115639487,0.9997349756300664
939,28.0,15.0,1.7727409040621562,134.0,779.0,82609.0,6.1331563095802295,0.4679077001168762,0.9997570887816261
940,28.0,16.0,1.9798896103846242,115.0,840.0,82590.0,8.62149855789053,0.53559334330237,0.999745036688172
941,28.0,17.0,2.0146265781889574,161.0,830.0,82636.0,4.748424310186029,0.4849919162388634,0.9999285320427698
942,28.0,18.0,1.7900642518411534,102.0,876.0,82577.0,9.783779596593213,0.5222511207278902,0.9997628287205996
943,28.0,19.0,1.9313462900296114,159.0,697.0,82634.0,3.8003382632818603,0.44552937909103074,0.9997505684891823
944,28.0,20.0,1.7821363463881565,151.0,649.0,82626.0,4.0401170093297285,0.42447296767335085,0.9998112057623529
945,28.0,21.0,1.8096297676803517,123.0,727.0,82598.0,4.798234260296283,0.44072756897666265,0.9998969709444253
946,28.0,22.0,1.5990915436336726,109.0,913.0,82584.0,8.791791098984929,0.5158969788637906,0.9997850629778706
947,28.0,23.0,1.361446420514399,106.0,1013.0,82581.0,8.701949042174018,0.48262384902578825,0.9997883217483285
948,28.0,24.0,1.653269643836454,127.0,830.0,82602.0,6.298773156288524,0.47285800806477396,0.9997651199772759
949,28.0,25.0,1.757574220517326,124.0,805.0,82599.0,5.54970337916034,0.4725107762292724,0.999747418083435
950,28.0,26.0,1.4422363720410274,102.0,722.0,82577.0,5.909282650785428,0.40372047866025096,0.9998712344152622
951,28.0,27.0,1.9908577399514957,123.0,810.0,82598.0,6.497022980447725,0.5365713839339726,0.9997313287017787
952,28.0,28.0,1.7160093602504365,133.0,805.0,82608.0,5.744459000188094,0.44247938756365335,0.9999782769613399
953,28.0,29.0,1.4599812262016438,96.0,652.0,82571.0,5.615088499180858,0.36965317406475096,0.9998692272799207
954,28.0,30.0,1.0131252191879223,65.0,623.0,82540.0,11.336153167491085,0.368716995656035,0.9119142439404121
955,28.0,31.0,1.749541377176057,106.0,773.0,82581.0,7.849810400833144,0.5305930151160524,0.9998215104963338
956,28.0,32.0,1.9340694569830854,137.0,823.0,81512.0,5.647030823392132,0.46805369184951007,0.999728582968624
957,29.0,0.0,1.9916116816581064,124.0,763.0,68305.0,6.117031727370326,0.5245505775997886,0.9997718883133957
958,29.0,1.0,1.1635078198053321,118.0,736.0,74929.0,5.328981948810835,0.3901418687769802,0.9998160206983614
959,29.0,2.0,1.9723145146200682,133.0,757.0,74379.0,6.33293739232483,0.4899424186020098,0.99992005055184
960,29.0,3.0,1.6375215925001756,130.0,883.0,68349.0,7.785015988541087,0.580244814752239,0.9998753673465294
961,29.0,4.0,1.8176742919386586,141.0,718.0,82474.0,4.491593532654002,0.42674204596675747,0.9997272458243084
962,29.0,5.0,1.810083750610737,125.0,795.0,69346.0,6.492069694949755,0.4977107605019955,0.9997488956140951
963,29.0,6.0,2.0696258078886243,157.0,809.0,78131.0,4.92006097318824,0.4954382732293815,0.9998409622142416
964,29.0,7.0,1.1400351404427054,104.0,709.0,74211.0,6.278542280968474,0.40416886057827117,0.9998030261993951
965,29.0,8.0,1.9113793330810052,109.0,784.0,76487.0,7.791542893319249,0.4472995741871941,0.9998448437769394
966,29.0,9.0,1.7268784100761905,116.0,836.0,63413.0,9.575550986608082,0.5736352801520337,0.9998169123592013
967,29.0,10.0,1.8921713701151615,139.0,740.0,78145.0,5.558999333737215,0.4734252476899199,0.9998336016888278
968,29.0,11.0,0.37979355491252076,63.0,778.0,66978.0,16.835833284580083,0.26348185856937256,0.9997122353362166
969,29.0,12.0,2.07986244115839,145.0,739.0,74683.0,6.105465681580201,0.49137631462711584,0.9999418411890229
970,29.0,13.0,1.6179677909682906,94.0,546.0,47101.0,5.437448512651242,0.5185971127319888,0.9998303722468191
971,29.0,14.0,1.6666638860203864,102.0,857.0,75615.0,7.764937081741589,0.4902553626115209,0.9997444520928707
972,29.0,15.0,2.0003591494103077,124.0,767.0,71998.0,7.318374689360466,0.5099184185271606,0.999885588324512
973,29.0,16.0,1.9934332710920786,134.0,731.0,72001.0,6.19247725537601,0.45992346181002675,0.9998176697239791
974,29.0,17.0,1.6722652378142766,104.0,812.0,76740.0,11.591655445067573,0.45919367631057817,0.9998147249739135
975,29.0,18.0,2.0745239852967328,129.0,714.0,73631.0,5.968458516355637,0.4651581220112271,0.9998522494155764
976,29.0,19.0,1.5596185747266091,129.0,797.0,78923.0,6.562662970308595,0.4767306662796317,0.9997922908988077
977,29.0,20.0,1.8546141364262199,144.0,869.0,78772.0,8.184938389592423,0.5145572821957946,0.9999226898996932
978,29.0,21.0,1.924486325319681,131.0,804.0,75718.0,6.554021758083108,0.47561850945860173,0.9998190509254995
979,29.0,22.0,1.5241002040568679,124.0,807.0,82562.0,6.548592572012443,0.4839624765903524,0.9999513305696259
980,29.0,23.0,0.9086467236418772,70.0,811.0,64817.0,13.223670520630899,0.36178252513203213,0.9997065291802822
981,29.0,24.0,1.1664226314882227,70.0,704.0,54358.0,14.327168251155744,0.40955022004363795,0.9997181277931868
982,29.0,25.0,0.9838643440327324,65.0,593.0,59083.0,9.09461945265164,0.3340522273425428,0.7977335441054267
983,29.0,26.0,2.0560170061392484,177.0,759.0,77391.0,4.628347734426955,0.48878906233770114,0.9997666279099531
984,29.0,27.0,1.9620004015993786,128.0,935.0,74208.0,7.995670027176476,0.5609480290363816,0.9998763733971225
985,29.0,28.0,2.050744315105281,135.0,762.0,76207.0,5.998884696250299,0.482289731528466,0.9998629656398104
986,29.0,29.0,1.5606857699296617,115.0,693.0,69576.0,5.761707919512966,0.4343715942724026,0.9997780552649728
987,29.0,30.0,1.7427864144346703,134.0,835.0,78067.0,6.389308227380375,0.480391844501888,0.9998433814635261
988,29.0,31.0,1.7110533952665008,115.0,1007.0,78173.0,7.601202919486783,0.5602401670312802,0.999808126156975
989,29.0,32.0,1.9063778066330734,160.0,732.0,78613.0,4.08136613664801,0.46214679735726205,0.999808069957613
990,30.0,0.0,1.3195550467642214,103.0,736.0,49406.0,7.208528507639107,0.46015227798038794,0.9997187837083138
991,30.0,1.0,1.6414020624248684,106.0,768.0,49409.0,8.269335494794348,0.4736659155524974,0.9998062401166442
992,30.0,2.0,2.0582171808943777,145.0,714.0,49448.0,5.266398722398138,0.4925905290078708,0.9998484358659474
993,30.0,3.0,1.661600971912396,134.0,796.0,49437.0,4.995337166257266,0.4369913294095249,0.9998203387014937
994,30.0,4.0,1.1908779248478072,129.0,753.0,49432.0,5.280262168275481,0.40959812447536137,0.9998074051134042
995,30.0,5.0,1.9917899169313102,110.0,794.0,49413.0,8.24299115676274,0.4739934246354608,0.9999453153780723
996,30.0,6.0,1.1925182705386375,73.0,685.0,49376.0,10.086017244048163,0.4132549454480262,0.9996768204720838
997,30.0,7.0,1.5998000639628118,120.0,808.0,49423.0,7.277919988825776,0.4767739018432039,0.9997455826696072
998,30.0,8.0,1.2099327809697995,108.0,751.0,49411.0,8.910521569868523,0.4037041653280773,0.9997961297709025
999,30.0,9.0,2.1029429119676806,175.0,805.0,49478.0,5.249696351943362,0.515781347831104,0.9998213485606923
1000,30.0,10.0,2.0199445658867425,143.0,782.0,49446.0,5.482749916849857,0.49816593585988467,0.9998985681150958
1001,30.0,11.0,2.156045591311161,152.0,833.0,49455.0,7.129683640922207,0.558204779850743,0.9999112408873735
1002,30.0,12.0,1.485469655780817,116.0,1119.0,49419.0,10.216783768513817,0.5872538915507262,0.9998013034444612
1003,30.0,13.0,1.9040208677519628,137.0,726.0,49440.0,5.466438685477337,0.45835866410674486,0.9998397928598182
1004,30.0,14.0,1.5290796762019507,127.0,787.0,49430.0,6.546502616890984,0.47757689762115674,0.999937489437357
1005,30.0,15.0,1.6565612770942781,118.0,851.0,49421.0,8.732911578558744,0.44504973940155856,0.9997832423243137
1006,30.0,16.0,1.484239655456389,119.0,708.0,49422.0,4.865260651064438,0.40643053918528504,0.9998652695402962
1007,30.0,17.0,1.8390346608463792,124.0,831.0,49427.0,7.116481751096811,0.5610876049274369,0.9998467488924127
1008,30.0,18.0,1.8268819283847946,101.0,926.0,49404.0,8.552322127036465,0.5614597681422081,0.9997636361552936
1009,30.0,19.0,2.0653785620409204,155.0,754.0,49458.0,5.0376896665988795,0.4906639075764555,0.9998950326287933
1010,30.0,20.0,1.5944483093313906,119.0,698.0,49422.0,5.310265244702383,0.39767904378088004,0.9998788493186793
1011,30.0,21.0,0.5213246174108099,84.0,731.0,49387.0,9.98446318045583,0.33578680531608873,0.9997711261776501
1012,30.0,22.0,1.725997204702805,103.0,839.0,49406.0,9.628812620465588,0.518129163496768,0.9998112746546862
1013,30.0,23.0,1.9547511584186348,138.0,890.0,49441.0,7.541247589978303,0.5162849172090112,0.9998903341066128
1014,30.0,24.0,1.825992175181136,115.0,799.0,49418.0,7.646591827727862,0.42058384948601113,0.9998880042879158
1015,30.0,25.0,1.2875084767457365,96.0,624.0,49399.0,6.254235865224643,0.5542227793082326,0.9998117595891279
1016,30.0,26.0,1.8021600325464366,136.0,808.0,49439.0,6.120103889099647,0.4748624325763662,0.9997382135415362
1017,30.0,27.0,1.7291601671873218,155.0,752.0,49458.0,4.577709485641185,0.4619834116663255,0.9998428626010702
1018,30.0,28.0,1.6092969055843513,133.0,839.0,49436.0,7.065234797118855,0.4840809185427505,0.999873870870547
1019,30.0,29.0,1.9783609886024351,124.0,714.0,49427.0,5.587874088758396,0.4642979033722321,0.9998750770974854
1020,30.0,30.0,1.7203676089232445,119.0,826.0,49422.0,6.738340465977115,0.4631925973096004,0.9998833130609763
1021,30.0,31.0,1.5461693010702025,101.0,795.0,49404.0,7.6950446383152356,0.43612080138811327,0.9999251715220446
1022,30.0,32.0,1.2573584041598105,111.0,582.0,48839.0,4.068842963432778,0.5166882004459624,0.999894126681661
1023,31.0,0.0,1.288471316258165,104.0,1008.0,73353.0,11.046703332134776,0.5342998407264503,0.9996874453175456
1024,31.0,1.0,1.819637583959233,145.0,826.0,73394.0,5.423241804835466,0.4762113491288176,0.9997925887405357
1025,31.0,2.0,1.2365154210422853,98.0,768.0,73347.0,8.333858144601004,0.42173340858323105,0.9996628904328462
1026,31.0,3.0,2.029429480348217,153.0,849.0,73402.0,6.517145574226164,0.5177391367069455,0.9998433921396134
1027,31.0,4.0,1.8328619934786365,114.0,642.0,73363.0,4.864341580046134,0.4123351654037234,0.9997385812867172
1028,31.0,5.0,1.789513711396286,114.0,692.0,73363.0,5.1634337703264075,0.38765927711261117,0.9997674509885512
1029,31.0,6.0,1.67949655400312,109.0,867.0,73358.0,11.352840202150107,0.5064392957645971,0.9998527105937549
1030,31.0,7.0,1.8357744534212659,125.0,665.0,73374.0,4.948968583908866,0.39309039036207827,0.9998390137148705
1031,31.0,8.0,1.5041056696048754,120.0,750.0,73369.0,7.233520074927491,0.4372417575895351,0.9997189381648739
1032,31.0,9.0,1.9644371527862932,126.0,671.0,73375.0,6.636114287712333,0.4453712569030681,0.9999181327059664
1033,31.0,10.0,1.7057148396266977,90.0,837.0,73339.0,10.246726626505971,0.5240108156733801,0.999859000043414
1034,31.0,11.0,1.515114192794498,105.0,796.0,73354.0,8.061563880864767,0.42360082163657187,0.9999146936294852
1035,31.0,12.0,1.9643792567413858,126.0,775.0,73375.0,5.908119469788098,0.45993480406302634,0.9997524879614519
1036,31.0,13.0,1.7978152400260277,117.0,655.0,73366.0,5.804749577323999,0.4067037698054854,0.9999569878673623
1037,31.0,14.0,1.8534773837565557,134.0,769.0,73383.0,5.002639050263264,0.4523414226002166,0.9997857417131695
1038,31.0,15.0,1.0723360936641126,82.0,652.0,73331.0,8.745715191257728,0.38030348836895966,0.9997553086178931
1039,31.0,16.0,1.6874456756581129,136.0,853.0,73385.0,6.029380558625305,0.4579840757047182,0.9998234950383882
1040,31.0,17.0,1.9210522026668237,120.0,849.0,73369.0,8.738655573497919,0.5721693488427684,0.9998861068118312
1041,31.0,18.0,1.6618179813368905,136.0,750.0,73385.0,5.905289151739332,0.5064163034139059,0.9998281332240995
1042,31.0,19.0,1.8057730391724074,136.0,857.0,73385.0,5.27624987778291,0.4778221840788893,0.9997461873007344
1043,31.0,20.0,1.5192317961901,111.0,718.0,73360.0,6.582893735515868,0.4395844532199652,0.9998977146129947
1044,31.0,21.0,1.682830364350598,106.0,1013.0,73355.0,10.085950135820253,0.5948274783161926,0.9997624909092019
1045,31.0,22.0,1.8521017320137498,131.0,714.0,73380.0,4.949011077232782,0.4366395947345073,0.9997484127161871
1046,31.0,23.0,1.7836413855689084,92.0,657.0,73341.0,7.412524447345108,0.4173993540752917,0.999846472330503
1047,31.0,24.0,1.8058864229061062,112.0,674.0,73361.0,6.343216091067209,0.3893621467385229,0.9998874721668429
1048,31.0,25.0,1.6663608133612495,89.0,694.0,73338.0,7.091961948988685,0.38018475969536214,0.9998376453766333
1049,31.0,26.0,1.5284158162241515,129.0,706.0,73378.0,7.465042510225106,0.4592501951563326,0.999916502661464
1050,31.0,27.0,1.8868462946383842,120.0,703.0,73369.0,4.867211259675593,0.4281719948949405,0.9998005557864267
1051,31.0,28.0,1.540731694583334,130.0,670.0,73379.0,5.140826570690922,0.4241266057608788,0.9998513758746557
1052,31.0,29.0,1.8823065717826293,145.0,671.0,73394.0,4.948194986385319,0.4603119411816936,0.9998338367297193
1053,31.0,30.0,1.5806747306157698,124.0,750.0,73373.0,6.237565710760002,0.4464970535208447,0.9998877652073794
1054,31.0,31.0,1.881321012389914,111.0,663.0,73360.0,6.151612504071359,0.42198598485316297,0.9998173959278743
1055,31.0,32.0,1.4862490703386686,109.0,892.0,72533.0,7.48279843315695,0.5024980903219313,0.9948344548219599
1056,32.0,0.0,1.8281098811529015,139.0,831.0,77990.0,5.636516138289626,0.5730622052153819,0.9998272682026751
1057,32.0,1.0,1.5107024932008437,113.0,701.0,77964.0,5.3496895142192615,0.4275752490913741,0.9998395002613122
1058,32.0,2.0,1.6316316715426886,132.0,793.0,77983.0,7.9662674592490985,0.4977745412986314,0.9999278416560181
1059,32.0,3.0,1.7847745945372528,117.0,878.0,77968.0,7.821779588237792,0.5466667331587551,0.9997347601556009
1060,32.0,4.0,1.704867691649816,107.0,804.0,77958.0,6.813614687431757,0.4392953303101037,0.9997284790087151
1061,32.0,5.0,1.711816019740861,100.0,691.0,77951.0,6.219438224764579,0.39672256317836074,0.9998228260720476
1062,32.0,6.0,1.5361036040722047,131.0,736.0,77982.0,5.442865809858201,0.44704019661700645,0.9997981275617366
1063,32.0,7.0,1.5605743845281956,118.0,687.0,77969.0,5.576954880495109,0.4411962961542315,0.9998022650462006
1064,32.0,8.0,1.7070068306285926,159.0,728.0,78010.0,4.500883967294263,0.45378124443309653,0.9998183192351557
1065,32.0,9.0,1.918444591237254,118.0,811.0,77969.0,8.224301457346854,0.5030201199216755,0.9998837734579099
1066,32.0,10.0,2.0846812301173414,149.0,762.0,78000.0,5.971620533619098,0.4782625265075403,0.9998817880660374
1067,32.0,11.0,1.8763751003506444,152.0,754.0,78003.0,4.887246834969538,0.4498901623536762,0.9997530062780728
1068,32.0,12.0,1.7139718172061167,109.0,754.0,77960.0,8.579513183228814,0.39870834640817665,0.999755211066023
1069,32.0,13.0,1.3965811434375888,83.0,673.0,77934.0,7.96683928644351,0.3607096313599536,0.999832166171982
1070,32.0,14.0,1.5559957977067551,139.0,775.0,77990.0,7.201439299861723,0.49465991538955156,0.9997608575557928
1071,32.0,15.0,1.4606822581146641,102.0,705.0,77953.0,6.763902367751893,0.43371633743240023,0.9998630507321511
1072,32.0,16.0,1.7505689006685268,126.0,830.0,77977.0,6.300007589531391,0.4708253163307876,0.9998977859808664
1073,32.0,17.0,1.893453032108986,131.0,780.0,77982.0,6.263456255923387,0.5932459065267117,0.9997328454451111
1074,32.0,18.0,1.3559997350466275,111.0,996.0,77962.0,9.984554371335772,0.5614610664044035,0.9997477643496301
1075,32.0,19.0,1.6330835593984947,94.0,671.0,77945.0,6.680674796078584,0.36803805350947016,0.9998613178907483
1076,32.0,20.0,1.98596043093566,141.0,827.0,77992.0,8.105370191706301,0.49125690144659506,0.9999282325141321
1077,32.0,21.0,2.102933582869658,154.0,811.0,78005.0,6.020644190198805,0.50792860568267,0.9997941371815902
1078,32.0,22.0,1.8714953545258168,120.0,754.0,77971.0,6.407665928186578,0.44199655851546293,0.9997344524620265
1079,32.0,23.0,1.7220773643836458,100.0,715.0,77951.0,7.561102273148454,0.38195864325035556,0.9997829230432356
1080,32.0,24.0,1.4227119306635345,93.0,867.0,77944.0,9.613073552713542,0.48382615871193824,0.9998235487543033
1081,32.0,25.0,1.8878175085660722,115.0,843.0,77966.0,6.8442692977305475,0.5574025628570969,0.9997947164632585
1082,32.0,26.0,1.6347266199687511,109.0,629.0,77960.0,5.4404247818812586,0.34319764902332284,0.9997449678837991
1083,32.0,27.0,1.8457270337993976,113.0,672.0,77964.0,7.024531780678363,0.4106757926783746,0.9997140505035159
1084,32.0,28.0,1.5428877610628888,121.0,662.0,77972.0,4.858911605829277,0.4091809339136695,0.9997596459629244
1085,32.0,29.0,1.5923610544285178,133.0,730.0,77984.0,4.844319799092735,0.4579742868571989,0.9997185924794262
1086,32.0,30.0,1.549539082927217,126.0,843.0,77977.0,5.8880363082032465,0.4671382384850251,0.9997620126225941
1087,32.0,31.0,1.9437733296358088,125.0,682.0,77976.0,6.625929832715747,0.4550276643303093,0.9998723154814594
1088,32.0,32.0,1.5121753403153166,121.0,791.0,76796.0,8.42919466346867,0.4428286312509486,0.9998755989158966
1089,33.0,0.0,1.248669480361318,93.0,973.0,79096.0,12.481968552795538,0.4594896429360036,0.9997937373053807
1090,33.0,1.0,1.7601151413786686,119.0,704.0,79122.0,5.781427027426255,0.39478026322995463,0.9997759653598236
1091,33.0,2.0,2.095535548045101,147.0,797.0,79150.0,5.767117430414183,0.5054041067457199,0.9999214141142828
1092,33.0,3.0,1.3546967380169097,104.0,952.0,79107.0,10.51245282579406,0.5310444034998982,0.9997566506509932
1093,33.0,4.0,1.800553246412323,126.0,651.0,79129.0,4.605431179989341,0.39824198506851183,0.9998438180033268
1094,33.0,5.0,1.307358682098325,86.0,954.0,79089.0,10.722654368466037,0.4686657487703083,0.9996801340616664
1095,33.0,6.0,1.9379961641631371,97.0,701.0,79100.0,7.163798068347147,0.42528406582325273,0.9997901962611405
1096,33.0,7.0,1.9110432257970738,146.0,778.0,79149.0,6.466280875145113,0.49260981348857513,0.9997762233666871
1097,33.0,8.0,2.0138482500863315,149.0,745.0,79152.0,4.560699575221561,0.47577523375340314,0.9998645693135652
1098,33.0,9.0,1.7630121899973652,109.0,889.0,79112.0,8.12532131924579,0.5729965549300008,0.9998115436920797
1099,33.0,10.0,1.229407281175656,104.0,1111.0,79107.0,10.08235389376455,0.5333681101207359,0.999715922954484
1100,33.0,11.0,1.845002291898979,149.0,699.0,79152.0,4.7323677636420065,0.42359413621857545,0.9998126707999788
1101,33.0,12.0,1.906996614485333,123.0,788.0,79126.0,5.989754736158151,0.45338012777231784,0.9997581493747308
1102,33.0,13.0,1.8795207255753572,90.0,824.0,79093.0,10.100779943509156,0.47186750091688956,0.9998555459213461
1103,33.0,14.0,1.470032962919373,87.0,678.0,79090.0,7.394879837021218,0.3891523755738233,0.9998066616533656
1104,33.0,15.0,2.025041173851499,144.0,788.0,79147.0,5.401934891693054,0.4709507786770516,0.9997408399575626
1105,33.0,16.0,1.6283266452163327,133.0,810.0,79136.0,7.639178707667935,0.5060360220712541,0.9997904659780844
1106,33.0,17.0,1.9336700080378,142.0,836.0,79145.0,6.455431959048461,0.5014156645524769,0.9998581088767203
1107,33.0,18.0,1.4208284456919862,87.0,721.0,79090.0,10.248697655387438,0.3915788272619686,0.9998286647687812
1108,33.0,19.0,2.123434747410014,171.0,804.0,79174.0,4.756318268995306,0.5138759890303437,0.9999641211639307
1109,33.0,20.0,1.7151497794312025,96.0,595.0,79099.0,6.668271407384415,0.36141425148739614,0.9997017906635973
1110,33.0,21.0,1.7071331332136197,105.0,695.0,79108.0,5.783433290957926,0.37390413966891245,0.9998752460336794
1111,33.0,22.0,1.4295738085172387,70.0,847.0,79073.0,10.670420954589277,0.36134122559691473,0.9997428298841619
1112,33.0,23.0,1.8024368062429215,130.0,661.0,79133.0,4.947888953700564,0.38565740593265574,0.9998154173255822
1113,33.0,24.0,1.9510932100194927,149.0,813.0,79152.0,5.8387151294590565,0.4956114263120388,0.9998465401912968
1114,33.0,25.0,2.0099011255153916,155.0,778.0,79158.0,5.621114375900677,0.48648882086655765,0.9998573535212062
1115,33.0,26.0,1.7704455885339783,88.0,724.0,79091.0,10.650287330635592,0.38947261431747593,0.999709335241189
1116,33.0,27.0,1.407967854022985,100.0,1088.0,79103.0,10.58088891099965,0.5358693479869454,0.999843232368411
1117,33.0,28.0,1.744577621612732,123.0,677.0,79126.0,4.993568901416977,0.40726955904895157,0.9998265350765214
1118,33.0,29.0,2.1336183159534334,158.0,814.0,79161.0,5.63951422954519,0.5397553858172363,0.9998326039393468
1119,33.0,30.0,1.2270928941779464,85.0,1130.0,79088.0,13.369066229037696,0.5590977971085753,0.9997551092792848
1120,33.0,31.0,1.9702077031048162,126.0,851.0,79129.0,7.724189300001409,0.4766326526477287,0.9998016506421746
1121,33.0,32.0,1.6197284320008583,108.0,594.0,77478.0,6.2774800510859965,0.35378774048521333,0.9998867983420071
1122,34.0,0.0,1.989334082496769,155.0,721.0,55441.0,4.192477286109028,0.4504740165717225,0.999831753116076
1123,34.0,1.0,1.966077071571086,129.0,791.0,55415.0,6.976787667897972,0.48027841589174525,0.9998702854500312
1124,34.0,2.0,1.9100488949679926,147.0,694.0,55433.0,4.1236696711856,0.42457119260141785,0.9999012020238558
1125,34.0,3.0,1.1779572599239387,78.0,1081.0,55364.0,14.720071583352826,0.45404916326071243,0.9997207698293529
1126,34.0,4.0,1.599130428353705,78.0,666.0,55364.0,8.94109596682195,0.3370443596015703,0.9998058552040481
1127,34.0,5.0,1.4765657074343768,113.0,632.0,55399.0,4.776386237066137,0.33578375444278874,0.9998664795849869
1128,34.0,6.0,1.9138207714180004,143.0,833.0,55429.0,6.000921830469811,0.5086524146909611,0.9997184157034307
1129,34.0,7.0,1.4209271472839533,73.0,715.0,55359.0,8.672047654514095,0.2981480891253748,0.9997340096318136
1130,34.0,8.0,1.9273799353219385,139.0,727.0,55425.0,5.050299948806731,0.46399948818158543,0.9998119686598841
1131,34.0,9.0,1.9779893511917066,128.0,729.0,55414.0,6.690342763545023,0.45549772420719703,0.9999637633212811
1132,34.0,10.0,1.9127656110005025,154.0,775.0,55440.0,4.914271020117487,0.4688033512798536,0.9998910752011286
1133,34.0,11.0,1.9919346441935033,134.0,691.0,55420.0,5.0868333241938,0.40490619992879073,0.9998029964230662
1134,34.0,12.0,1.845262499685801,100.0,616.0,55386.0,5.9247163919053065,0.5964547464637195,0.9813309904191123
1135,34.0,13.0,1.8320238703160125,124.0,909.0,55410.0,8.037670993866909,0.5674495875521763,0.9998772573687651
1136,34.0,14.0,2.131296722790792,178.0,726.0,55464.0,4.7318513252572005,0.4814926874366693,0.9998548552462708
1137,34.0,15.0,2.0357195290455232,143.0,828.0,55429.0,7.510111364778628,0.5474426777531232,0.9998808041986895
1138,34.0,16.0,1.7155379499245764,84.0,772.0,55370.0,8.970084572202836,0.35598315246261514,0.9999373262222535
1139,34.0,17.0,1.8979697654387537,137.0,735.0,55423.0,5.205009065508821,0.4403955131228767,0.9999594097883097
1140,34.0,18.0,1.7765930217110324,105.0,848.0,55391.0,9.817352336355324,0.41926910687486363,0.9997918765680376
1141,34.0,19.0,1.6635905294251179,121.0,757.0,55407.0,6.121911184189446,0.5899714853684113,0.99970854471443
1142,34.0,20.0,1.6897879040737438,86.0,659.0,55372.0,7.42843637223083,0.34615031159879583,0.9997424514436294
1143,34.0,21.0,1.970204708017116,136.0,778.0,55422.0,5.353973913252107,0.41757158676671347,0.999905472950992
1144,34.0,22.0,1.7644980568069688,129.0,745.0,55415.0,5.08245991543886,0.42486977661897773,0.9998204255676028
1145,34.0,23.0,2.002525235936351,155.0,729.0,55441.0,4.2557445385590595,0.43858441152312566,0.9998715304435726
1146,34.0,24.0,1.7073882606179085,84.0,627.0,55370.0,8.00450528973218,0.3239290234456742,0.999751148965315
1147,34.0,25.0,1.3036186372660827,75.0,1003.0,55361.0,11.339344090228646,0.46412915623267925,0.9966952326294729
1148,34.0,26.0,1.9750806786899595,149.0,800.0,55435.0,5.711275651246562,0.48778594337931847,0.9998216400696339
1149,34.0,27.0,1.9357099322170916,137.0,732.0,55423.0,6.235932067713947,0.4798256646666784,0.9997623842822027
1150,34.0,28.0,1.4234624860372946,59.0,729.0,55345.0,16.83679700959169,0.4380447568194148,0.9998177028848299
1151,34.0,29.0,2.0448543615288766,147.0,769.0,55433.0,7.649747683352635,0.5041627696300726,0.9999329232557946
1152,34.0,30.0,1.9592786806114868,151.0,852.0,55437.0,5.233581223502633,0.47004813212126195,0.9997696344065371
1153,34.0,31.0,1.392766235143762,94.0,764.0,55380.0,11.390016577437372,0.4626350980702174,0.9053151445860401
1154,34.0,32.0,1.4858846727227686,48.0,652.0,54218.0,12.211173649440662,0.3763854750965345,0.9934980159366894
1155,35.0,0.0,1.7115279051742744,67.0,701.0,50879.0,12.015853799681665,0.34790613664387704,0.9998775004485025
1156,35.0,1.0,1.507359926488049,87.0,820.0,50899.0,8.500872250309005,0.4214925890615291,0.9998072924259284
1157,35.0,2.0,1.465295519799644,71.0,520.0,50883.0,7.174553850523446,0.30061542552053344,0.9998729905419941
1158,35.0,3.0,1.4305116893006726,85.0,920.0,50897.0,12.55194293130564,0.483417814734747,0.9997618601679877
1159,35.0,4.0,1.7985703633402437,106.0,862.0,50918.0,8.681280305623934,0.590005683003721,0.9998012091854263
1160,35.0,5.0,1.689434301401724,93.0,714.0,50905.0,7.703743121327304,0.5454716745615313,0.9998886804371123
1161,35.0,6.0,1.2428215297791905,88.0,929.0,50900.0,8.969256397786303,0.4412251493264784,0.9997004291375637
1162,35.0,7.0,1.908316410981437,147.0,716.0,50959.0,5.2073336909500565,0.44403913276738227,0.9998258850328463
1163,35.0,8.0,1.7983991634367293,87.0,641.0,50899.0,7.993362156152092,0.4584984539528758,0.9998372731564119
1164,35.0,9.0,1.6268368990448492,75.0,776.0,50887.0,10.771686600089676,0.3455093813058179,0.999765132968466
1165,35.0,10.0,1.619693325116586,98.0,689.0,50910.0,7.814861673848706,0.6068734866083019,0.9978883485416903
1166,35.0,11.0,2.055484497483165,158.0,740.0,50970.0,5.127756627585035,0.4592303233616689,0.9998086749866498
1167,35.0,12.0,1.821611721058727,148.0,823.0,50960.0,4.925754429056471,0.48087261896952604,0.9998302254860312
1168,35.0,13.0,1.5286568971208205,154.0,1100.0,50966.0,6.198088194803685,0.5900205438051139,0.9997644397041812
1169,35.0,14.0,1.3938187400026365,53.0,580.0,50865.0,12.221941910128196,0.40706877485031645,0.9996675554368326
1170,35.0,15.0,1.9048575859889323,159.0,682.0,50971.0,3.6389128454235022,0.4516018228912363,0.9997588791940469
1171,35.0,16.0,1.5978213293771442,116.0,1072.0,50928.0,8.538659559319866,0.542605060351083,0.9998009527956527
1172,35.0,17.0,1.9757442768287308,134.0,752.0,50946.0,5.3534394985738185,0.46390727012676014,0.9997906996913963
1173,35.0,18.0,1.9442132318778982,149.0,761.0,50961.0,5.494655133460404,0.48346422287347124,0.9998107929190403
1174,35.0,19.0,1.5046557960220774,48.0,520.0,50860.0,10.770674889617018,0.38477883897954146,0.9995975382305863
1175,35.0,20.0,1.7218489891750974,123.0,1063.0,50935.0,9.591159735449287,0.5503569100582072,0.9997908889323861
1176,35.0,21.0,1.4740604500968495,68.0,578.0,50880.0,8.774936221458244,0.4035078952050303,0.9996268289124316
1177,35.0,22.0,1.54642466633626,117.0,1021.0,50929.0,8.49734553662953,0.5455370075253203,0.9998640010956658
1178,35.0,23.0,1.7360906393742352,159.0,647.0,50971.0,2.914665049178812,0.3686905658883002,0.9997868580240442
1179,35.0,24.0,1.9435193785473388,141.0,750.0,50953.0,5.243669847893389,0.4499972473859766,0.9998954426894034
1180,35.0,25.0,1.3513164336285635,88.0,934.0,50900.0,14.611566637623117,0.4777620684151336,0.9996529849146761
1181,35.0,26.0,1.3278060012453259,64.0,868.0,50876.0,14.936942651905355,0.4432987301014849,0.9997290007294924
1182,35.0,27.0,2.05051040420266,155.0,750.0,50967.0,5.396581320600885,0.4780347793703602,0.9997669157643283
1183,35.0,28.0,1.4520156379829277,88.0,831.0,50900.0,9.430965826951436,0.37443372291193333,0.9996702486319644
1184,35.0,29.0,1.5568761401557956,80.0,728.0,50892.0,8.130944589382363,0.33183275629246645,0.9997301452118622
1185,35.0,30.0,1.547526350295749,59.0,859.0,50871.0,22.866617294361323,0.4069431108303653,0.9997361467841062
1186,35.0,31.0,1.5861675326798221,78.0,734.0,50890.0,8.951070533450935,0.3415965371962044,0.9998557309361101
1187,35.0,32.0,1.6519144424972427,93.0,661.0,50338.0,6.908278923167605,0.5470963810798752,0.9998937208532022
1188,36.0,0.0,1.3419946480636287,59.0,631.0,77974.0,10.776619939260758,0.3686319213199841,0.9996555811373066
1189,36.0,1.0,1.4670021738555041,54.0,624.0,77969.0,11.006336797142538,0.4024584551130991,0.9997607994315661
1190,36.0,2.0,1.5367753654792666,66.0,781.0,77981.0,15.535519561949835,0.3740051084018766,0.9997607795812523
1191,36.0,3.0,1.998336560850595,151.0,746.0,78066.0,4.629885466779324,0.47442714262317043,0.9997984857549316
1192,36.0,4.0,1.7059156353690006,80.0,746.0,77995.0,9.408907987987838,0.3592788659041847,0.9998036460362143
1193,36.0,5.0,1.2843876079197802,78.0,945.0,77993.0,13.828485336349932,0.44869709624931853,0.9997465881374192
1194,36.0,6.0,1.2541108950281192,58.0,301.0,77973.0,5.306055921262178,0.33495312521675524,0.49999991739626304
1195,36.0,7.0,1.5689463158768564,65.0,749.0,77980.0,10.667695286909737,0.3209146551760774,0.9997846699576792
1196,36.0,8.0,1.6189044579268557,76.0,595.0,77991.0,8.031875631361627,0.4291480600661862,0.9998396344497853
1197,36.0,9.0,1.8949516651914684,121.0,737.0,78036.0,5.5709769277059795,0.4219408521445144,0.9999335939864099
1198,36.0,10.0,1.2600133016805213,75.0,970.0,77990.0,11.412812426703598,0.3771766694377974,0.9997374548931953
1199,36.0,11.0,1.4915103881096836,80.0,672.0,77995.0,7.0648384149982455,0.3095295633878208,0.9997219431224214
1200,36.0,12.0,1.6260668685922215,138.0,758.0,78053.0,4.582590997595058,0.4271873700142208,0.9997689115320797
1201,36.0,13.0,1.7310802792807893,84.0,707.0,77999.0,7.984912427807742,0.34571246633774755,0.9997718014399125
1202,36.0,14.0,1.0498780369965053,83.0,1121.0,77998.0,14.380876955887679,0.4334159112133562,0.9997776686751336
1203,36.0,15.0,1.4453549897444107,67.0,962.0,77982.0,15.031043034310242,0.417166141439417,0.9997120724570502
1204,36.0,16.0,1.5360388560106342,58.0,579.0,77973.0,10.862528112343838,0.39910667308063674,0.9996628877903175
1205,36.0,17.0,1.4844772478217316,81.0,809.0,77996.0,9.15012971093224,0.33237649189593377,0.9997790509977559
1206,36.0,18.0,1.4931586120631877,48.0,565.0,77963.0,13.036889061220474,0.413511235133289,0.9996974958841619
1207,36.0,19.0,1.5286397103536646,54.0,875.0,77969.0,16.11543810836176,0.3846426479972518,0.9996371420154102
1208,36.0,20.0,1.9832519178870573,144.0,709.0,78059.0,5.049154463509841,0.46127515732281976,0.999897645734236
1209,36.0,21.0,1.5841970262074925,77.0,933.0,77992.0,13.431680387225263,0.4232781846407101,0.9997435964851642
1210,36.0,22.0,1.8815190080643438,150.0,865.0,78065.0,5.569746923759238,0.4921011754340119,0.9998768904346967
1211,36.0,23.0,1.5009656259605921,55.0,590.0,77970.0,10.277285753960753,0.38480816133924456,0.9996601047635678
1212,36.0,24.0,1.549203364125835,84.0,725.0,77999.0,8.32505546590437,0.31526605078475944,0.9997433112669009
1213,36.0,25.0,1.3601402804280618,58.0,694.0,77973.0,13.441650202644794,0.31743151254430035,0.9997463131779608
1214,36.0,26.0,1.4165142351656277,93.0,681.0,78008.0,6.9964726883287485,0.29241291906732214,0.9997415127583849
1215,36.0,27.0,1.5084446263526068,50.0,592.0,77965.0,12.513150856236605,0.37786649178651655,0.9997422371297333
1216,36.0,28.0,0.6325912972509726,39.0,719.0,77954.0,15.226085417408232,0.4037959009755717,0.4999998972838299
1217,36.0,29.0,1.8567594778002814,145.0,775.0,78060.0,4.920214053206315,0.4712288054988354,0.9997420829714202
1218,36.0,30.0,1.9408873101838848,154.0,676.0,78069.0,4.331966864980641,0.4203197101466285,0.9998603023377635
1219,36.0,31.0,1.5861590464175173,75.0,882.0,77990.0,11.974819944783402,0.45956197755380734,0.9998356216614951
1220,36.0,32.0,2.0218957392673493,141.0,872.0,77214.0,6.1163632528316985,0.531237688810767,0.9998351536773311
1221,37.0,0.0,1.3318446220708846,76.0,868.0,79899.0,10.12359423477449,0.38293650296416115,0.9996874995120746
1222,37.0,1.0,0.557626789359898,48.0,698.0,79871.0,18.469203616259144,0.40218581363448824,0.49999996103552535
1223,37.0,2.0,1.657271781168299,85.0,670.0,79908.0,7.923950479956033,0.3397567250634729,0.999751620395162
1224,37.0,3.0,0.5435884907308582,26.0,733.0,79849.0,23.25889869636176,0.3326730900937933,0.49999996485063525
1225,37.0,4.0,1.6447334857329952,119.0,695.0,79942.0,4.993745035901597,0.3804349256797841,0.9999496357909513
1226,37.0,5.0,1.6709743717011498,83.0,753.0,79906.0,8.77154209313935,0.3435526148349114,0.9997250734216236
1227,37.0,6.0,1.4684671081283842,61.0,944.0,79884.0,15.171623140720598,0.4410035458603253,0.9997314137168913
1228,37.0,7.0,1.87051160221992,173.0,844.0,79996.0,4.339644413865028,0.47647447592104586,0.9997509684363604
1229,37.0,8.0,1.425936549386557,71.0,951.0,79894.0,11.583731222078557,0.4236380137815784,0.999713975840111
1230,37.0,9.0,2.076896842667545,185.0,834.0,80008.0,4.791431433228513,0.5275749389609399,0.9998400399393995
1231,37.0,10.0,1.650825732526407,83.0,833.0,79906.0,16.27047578729676,0.4299698575120112,0.9998306651371036
1232,37.0,11.0,1.431343442370125,66.0,906.0,79889.0,15.846614778085884,0.4097113288634707,0.9997177719238179
1233,37.0,12.0,1.9201081281928636,158.0,893.0,79981.0,6.272219089096025,0.524613119264779,0.9998777684977042
1234,37.0,13.0,1.9484317924231955,157.0,776.0,79980.0,4.509275205434155,0.4584380502133999,0.9997900792617054
1235,37.0,14.0,1.5111913226248332,71.0,730.0,79894.0,9.038643666438315,0.3413198118370958,0.9998386653380138
1236,37.0,15.0,2.078161645698465,150.0,766.0,79973.0,5.280535574797705,0.4897037415410983,0.9997944473314229
1237,37.0,16.0,1.2718354602639772,60.0,900.0,79883.0,15.659546543302024,0.4688134558914965,0.9997853241234111
1238,37.0,17.0,1.3382500915342737,65.0,916.0,79888.0,11.55373030008664,0.395493884920769,0.9996964066278001
1239,37.0,18.0,0.5598087440638186,41.0,797.0,79864.0,15.139237849752545,0.38305685841825976,0.49999992953105454
1240,37.0,19.0,2.006826922523301,172.0,813.0,79995.0,4.602828167619423,0.5016656107324624,0.9997476171327373
1241,37.0,20.0,1.968251785575525,132.0,708.0,79955.0,5.4357979527030755,0.4176023970502254,0.9999303196336335
1242,37.0,21.0,1.105485686421312,34.0,498.0,79857.0,12.524983480136399,0.4032388302990725,0.49999990558885155
1243,37.0,22.0,1.9985165991585898,167.0,832.0,79990.0,5.426454178458771,0.5076898399738692,0.9999073786590627
1244,37.0,23.0,1.9341799514738878,127.0,723.0,79950.0,5.271227904081811,0.4569062445294151,0.9998104744175456
1245,37.0,24.0,1.1444040879526998,72.0,1166.0,79895.0,18.365315283977285,0.45088990925326644,0.9997413197050298
1246,37.0,25.0,1.3876469707315027,44.0,536.0,79867.0,12.328080767037383,0.405553420247032,0.9520115891844039
1247,37.0,26.0,1.5535986285253682,77.0,513.0,79900.0,7.9353083715608035,0.42007487415191347,0.9997582070989188
1248,37.0,27.0,1.5656729446724675,92.0,753.0,79915.0,10.444606900931344,0.3411288246897273,0.9997414546876101
1249,37.0,28.0,1.6066547889003109,85.0,863.0,79908.0,10.306644245826238,0.43461602259378296,0.9997568901092354
1250,37.0,29.0,2.0819013896902936,151.0,686.0,79974.0,4.184643227625796,0.4597859327791902,0.999734226128217
1251,37.0,30.0,0.595038416524851,52.0,646.0,79875.0,17.001584362361278,0.4080015893293927,0.4999999608857708
1252,37.0,31.0,1.4653876135713864,68.0,974.0,79891.0,16.781696174753666,0.4341046716946414,0.9997785807393291
1253,37.0,32.0,1.9553367490208713,142.0,737.0,78743.0,4.700263411468822,0.41797312209293624,0.9997895583020623
1254,38.0,0.0,1.2347133303223865,67.0,883.0,85355.0,13.278992002115201,0.4074234408685161,0.9997315423680991
1255,38.0,1.0,1.5867022356944178,128.0,834.0,85416.0,6.349897659916622,0.46004786037904044,0.9997775624269355
1256,38.0,2.0,1.5975049051995311,80.0,771.0,85368.0,10.58319075895978,0.3576983452789305,0.9997738830272721
1257,38.0,3.0,0.6986768032214672,60.0,1106.0,85348.0,14.955624451512064,0.33860985694176393,0.8796401938089262
1258,38.0,4.0,1.339179268591761,54.0,971.0,85342.0,17.650641471414577,0.44988847580568514,0.9656039188550786
1259,38.0,5.0,2.0633320740808188,170.0,716.0,85458.0,3.692084548693958,0.4740142931632313,0.9998053370431589
1260,38.0,6.0,1.2300444376024042,57.0,997.0,85345.0,15.307177604818962,0.410311868799924,0.9997072859179537
1261,38.0,7.0,0.9276222484907599,52.0,1055.0,85340.0,18.118090755625477,0.44134118225292784,0.9997887171926512
1262,38.0,8.0,1.26396708751673,65.0,1024.0,85353.0,12.189275066734634,0.37752069206964756,0.9997798209810762
1263,38.0,9.0,1.1851054302138448,60.0,441.0,85348.0,7.488882213648163,0.3590901096852068,0.49999993810503873
1264,38.0,10.0,1.7876969438143697,136.0,763.0,85424.0,5.221023792584482,0.4416751570132992,0.9998541510251695
1265,38.0,11.0,0.8225669794217667,28.0,441.0,85316.0,15.422205997547978,0.28431053607881707,0.49999994380475876
1266,38.0,12.0,1.2178045168808795,63.0,399.0,85351.0,6.034993758313048,0.36225141423886065,0.49999993406801313
1267,38.0,13.0,0.8699345234013348,54.0,566.0,85342.0,11.519801866863503,0.2054635279548468,0.9997223866332692
1268,38.0,14.0,1.3079301802000125,47.0,976.0,85335.0,25.80821321644212,0.45413908601170017,0.9997183814081794
1269,38.0,15.0,0.9498442638131885,53.0,1080.0,85341.0,19.144421544475183,0.3828116215908024,0.8487460231971322
1270,38.0,16.0,1.023321947074928,54.0,519.0,85342.0,8.674667433879897,0.349034155140428,0.5067273257195506
1271,38.0,17.0,1.7006257483105873,85.0,766.0,85373.0,10.75668509981758,0.3720238350703402,0.9998310531512822
1272,38.0,18.0,0.8911858122179621,43.0,1080.0,85331.0,30.39751494342852,0.34965695627508087,0.9997906866189111
1273,38.0,19.0,1.8422400382379827,140.0,710.0,85428.0,4.7640057546528265,0.44798797005480895,0.9998535035799878
1274,38.0,20.0,1.2792353507174457,61.0,908.0,85349.0,14.517716436250632,0.4500055786981091,0.9998580284062227
1275,38.0,21.0,1.4654982397804426,70.0,821.0,85358.0,15.113400048095972,0.36044874680911976,0.9997588931032606
1276,38.0,22.0,2.137111145360557,153.0,708.0,85441.0,4.555990650483994,0.4696225087902366,0.9998536272558669
1277,38.0,23.0,1.8173818184717543,102.0,722.0,85390.0,7.355383782617446,0.38184998398087655,0.9998609285082194
1278,38.0,24.0,1.0388219010758362,58.0,909.0,85346.0,18.524976543317702,0.37329756950951853,0.7555921732132826
1279,38.0,25.0,1.9382916852806646,156.0,752.0,85444.0,4.2832408533792155,0.47132560168598325,0.9997475851734515
1280,38.0,26.0,0.7692536661026915,70.0,1085.0,85358.0,11.453688444106694,0.3715706205158118,0.8929526997746215
1281,38.0,27.0,1.968706902308393,159.0,726.0,85447.0,4.1100951128172065,0.44388132609079467,0.9998934340993125
1282,38.0,28.0,1.523767634121727,49.0,554.0,85337.0,11.057856966001573,0.3782899745909397,0.9996575185115634
1283,38.0,29.0,2.034309277095731,169.0,782.0,85457.0,4.768444785533514,0.504072949894806,0.9998231266585916
1284,38.0,30.0,1.1119309531381543,56.0,455.0,85344.0,8.265547953278688,0.35925713833954864,0.49999988777001914
1285,38.0,31.0,1.8980164496065166,148.0,873.0,85436.0,5.3642748006892935,0.5040737345294783,0.9997385459798188
1286,38.0,32.0,1.4673065335810782,127.0,853.0,84203.0,6.012204623609039,0.4300871473924236,0.9997838793284691
1287,39.0,0.0,1.4663350494689527,101.0,715.0,78336.0,7.784489352073022,0.33769419148427304,0.9998681893655988
1288,39.0,1.0,1.724775285505924,114.0,847.0,79547.0,7.053952545183036,0.47606179997444753,0.9997754947180989
1289,39.0,2.0,2.142212686625234,172.0,752.0,72902.0,5.738926755452706,0.5440148584862727,0.9998890535693731
1290,39.0,3.0,1.5863394046281025,143.0,879.0,88129.0,4.731771543820601,0.4573424665815353,0.9998126004875676
1291,39.0,4.0,0.9106948840881006,43.0,1120.0,75052.0,26.32753297251262,0.4071636863229233,0.9997305150171437
1292,39.0,5.0,1.6542317887013454,96.0,729.0,80176.0,6.217678422260576,0.394861174681423,0.9997459605677677
1293,39.0,6.0,2.0596235958107827,137.0,854.0,78383.0,6.651403963197304,0.5015465248462876,0.9997504739990613
1294,39.0,7.0,1.49379374444848,101.0,745.0,82028.0,7.655904197914558,0.36733798509087634,0.9997505530734853
1295,39.0,8.0,1.7873021288455249,118.0,835.0,77102.0,7.023465809999172,0.48112989251985216,0.9998327499318862
1296,39.0,9.0,1.2092380152046818,58.0,497.0,46155.0,8.709460229410347,0.3948726053928129,0.5799859718554776
1297,39.0,10.0,2.0409624523785492,159.0,797.0,77305.0,5.119600298179038,0.5025771334914235,0.9998112186667125
1298,39.0,11.0,2.0983188773940173,145.0,785.0,71265.0,6.1885585192823385,0.5180292269210811,0.9997548061920443
1299,39.0,12.0,1.7833396108307569,131.0,848.0,81548.0,7.182488556363624,0.48908288266858047,0.99980451573258
1300,39.0,13.0,2.021170964764499,148.0,784.0,79434.0,5.506392056180652,0.4928878852546186,0.999880389735836
1301,39.0,14.0,0.9800544695592373,66.0,1028.0,77845.0,16.308171643407118,0.4533165941005467,0.9996744799678113
1302,39.0,15.0,1.9857653680456664,147.0,794.0,75786.0,5.6102817605832325,0.4723887391613345,0.9998761149448072
1303,39.0,16.0,0.15482652229638078,33.0,808.0,62506.0,18.687103621068548,0.2647840265339987,0.4970702051738821
1304,39.0,17.0,1.8529936486180472,136.0,824.0,76183.0,6.3415881101975655,0.5034652653424025,0.999739372780098
1305,39.0,18.0,1.4318328064847115,56.0,702.0,60732.0,11.698704549935357,0.42633911024448845,0.9996954087942995
1306,39.0,19.0,0.905737999205244,49.0,593.0,78331.0,13.217872162122589,0.24576025255449585,0.9997293137867423
1307,39.0,20.0,1.012783557643678,74.0,580.0,80694.0,8.157531986251884,0.2683237497680162,0.9997529003009504
1308,39.0,21.0,1.754150206804768,123.0,779.0,76534.0,5.642822792625802,0.456819916236216,0.999885838707789
1309,39.0,22.0,2.024612859682823,152.0,662.0,78788.0,4.180345584049883,0.43253706095197675,0.9998919308233769
1310,39.0,23.0,1.4631378873711103,123.0,694.0,73591.0,5.086086433186317,0.43518418577340756,0.9997778328265837
1311,39.0,24.0,0.8653466921275098,54.0,1089.0,93874.0,16.95771902300673,0.3766893689235752,0.8874570994778846
1312,39.0,25.0,0.8196861515099256,61.0,1135.0,95282.0,16.54594500244451,0.377421937853636,0.9203705065239937
1313,39.0,26.0,1.578896506934428,120.0,699.0,79667.0,6.153500342897311,0.40949080373042435,0.999857453319219
1314,39.0,27.0,1.057935386256089,59.0,1088.0,95414.0,20.244707958794482,0.40520708578695186,0.8004424860929089
1315,39.0,28.0,0.8814213494372916,44.0,630.0,73828.0,16.739370691493708,0.26197321682482366,0.9998167607684645
1316,39.0,29.0,1.8862682457473663,139.0,885.0,78435.0,8.421474451334417,0.5223721282724135,0.9998010977250594
1317,39.0,30.0,1.790768016367818,126.0,798.0,78639.0,7.570329409613508,0.47862496401925037,0.9997822592010663
1318,39.0,31.0,2.0090753013728375,168.0,868.0,78319.0,5.996483563432009,0.536292479849231,0.9998167497008976
1319,39.0,32.0,1.1835041846741432,34.0,374.0,40014.0,11.329267129803078,0.26514753250443535,0.49999992372672075
1320,40.0,0.0,1.6653386733999567,130.0,841.0,76269.0,6.159167265950569,0.4673955602952927,0.999762711918998
1321,40.0,1.0,1.3112714455774155,101.0,842.0,76240.0,9.718213032546686,0.4742106192888186,0.9997129120690869
1322,40.0,2.0,1.993118287265519,123.0,812.0,76262.0,7.232747663604983,0.4703329790539458,0.9997792307920178
1323,40.0,3.0,1.1641950915019248,60.0,937.0,76199.0,20.9735414224944,0.500054348849952,0.9998131666316556
1324,40.0,4.0,1.144427073522716,55.0,830.0,76194.0,16.762773919618787,0.36542459177172737,0.7785244324485991
1325,40.0,5.0,1.7032679289998525,106.0,745.0,76245.0,6.563454960362011,0.3645668479989641,0.9998577561920045
1326,40.0,6.0,1.701247520432132,136.0,666.0,76275.0,4.418391212607813,0.43747749595144547,0.9998666760077553
1327,40.0,7.0,1.0505935162993125,69.0,568.0,76208.0,8.826286276710196,0.2721195108221237,0.9996628104494261
1328,40.0,8.0,0.9781232642427444,69.0,1077.0,76208.0,14.910830293086873,0.4499943569154503,0.9997883829205805
1329,40.0,9.0,0.586647959111943,19.0,384.0,76158.0,24.303539313394047,0.2593268366703573,0.4999999170364837
1330,40.0,10.0,1.6883672771357636,104.0,861.0,76243.0,8.98696056366747,0.4761876748725473,0.9997507936216732
1331,40.0,11.0,0.8211340352420515,45.0,643.0,76184.0,20.007030501181273,0.2493636831338315,0.9997686701575252
1332,40.0,12.0,0.9514289660944064,63.0,1093.0,76202.0,22.05182495909348,0.4064103950480309,0.999807849756999
1333,40.0,13.0,1.9629466583568593,154.0,834.0,76293.0,5.269457594410696,0.4944758181295049,0.9997918151414221
1334,40.0,14.0,0.840453452505916,54.0,1176.0,76193.0,16.52066198702835,0.3770407880507789,0.9998136324900062
1335,40.0,15.0,1.9550294409314348,140.0,732.0,76279.0,4.889733854485912,0.46559131124006015,0.9997904154278697
1336,40.0,16.0,2.0087482775823364,146.0,830.0,76285.0,6.367622270142862,0.5073314435708227,0.9998140053238246
1337,40.0,17.0,2.1204408163756145,143.0,738.0,76282.0,5.910679210665349,0.5140043714229994,0.9998321326197099
1338,40.0,18.0,2.039396048464431,158.0,826.0,76297.0,5.3314229126520924,0.49693946914821785,0.999925778992514
1339,40.0,19.0,1.4879520737883707,104.0,730.0,76243.0,6.425601602080587,0.3358111157939724,0.9998276722744832
1340,40.0,20.0,2.10331489832519,143.0,783.0,76282.0,5.589791051774856,0.5292444696980476,0.9997524308717686
1341,40.0,21.0,0.9791418312974522,57.0,568.0,76196.0,13.837755743643074,0.26517666910328286,0.9997533917878669
1342,40.0,22.0,1.0581557427081072,66.0,584.0,76205.0,8.110871012072547,0.2678240051178623,0.9846970870863773
1343,40.0,23.0,1.9525143940559118,125.0,718.0,76264.0,5.191568319036322,0.4452564269228021,0.9997541939007978
1344,40.0,24.0,0.884240184608597,48.0,1176.0,76187.0,27.211396029427952,0.39532371265065147,0.99974183486725
1345,40.0,25.0,0.1721353334555429,37.0,765.0,76176.0,13.368171856206793,0.27490559505846957,0.48979266253428255
1346,40.0,26.0,1.7366965853588807,111.0,819.0,76250.0,6.195380301983028,0.4454605627478565,0.9997567823485317
1347,40.0,27.0,0.8530984159008326,38.0,1077.0,76177.0,40.8614087946066,0.4048864005363466,0.8860570326086742
1348,40.0,28.0,1.5159995709789331,96.0,751.0,76235.0,8.003971368212861,0.3602913302334311,0.9998391002296049
1349,40.0,29.0,1.0871819861713305,51.0,1039.0,76190.0,25.91316027874828,0.4851108293809636,0.9997193510662389
1350,40.0,30.0,1.5024140990412478,100.0,716.0,76239.0,6.858300954384053,0.4018927516164633,0.9998096348882809
1351,40.0,31.0,0.7984007378281086,52.0,556.0,76191.0,9.303007648360177,0.2424112240083781,0.8972379431952018
1352,40.0,32.0,2.042500612687142,139.0,700.0,75144.0,4.727657892990877,0.44425229997519156,0.9998625173668243
1353,41.0,0.0,1.7616589837122405,134.0,845.0,86840.0,6.2659351860891235,0.46906549027872846,0.9997890141399469
1354,41.0,1.0,1.7471532505172835,113.0,733.0,86819.0,6.337181277395392,0.3904902203526216,0.9998523329722988
1355,41.0,2.0,1.7129137275703272,82.0,795.0,86788.0,10.551266371106605,0.5039175328020795,0.999888949174412
1356,41.0,3.0,1.0292235777724104,73.0,596.0,86779.0,6.860922134596386,0.2523618527963949,0.9998549812334285
1357,41.0,4.0,1.5462597274382435,116.0,832.0,86822.0,7.549786184330427,0.46240157936213344,0.9998147346702905
1358,41.0,5.0,1.7657879087446953,126.0,897.0,86832.0,7.870383956828931,0.4562986572033475,0.9999637762160218
1359,41.0,6.0,0.17176115779043627,42.0,814.0,86748.0,15.775045980923926,0.27920550507095365,0.49693441508112246
1360,41.0,7.0,1.9841417657461158,179.0,726.0,86885.0,3.5548229041204022,0.4608339515446005,0.9997966216438422
1361,41.0,8.0,2.0679212492936947,148.0,785.0,86854.0,6.438173571185802,0.5049254569998372,0.9997421508148318
1362,41.0,9.0,1.8628434813827104,160.0,858.0,86866.0,6.339966407082704,0.5069392654042217,0.9999030428718189
1363,41.0,10.0,1.7901728920587654,122.0,721.0,86828.0,6.235451444462699,0.4762286686728895,0.9998359856749484
1364,41.0,11.0,2.168160367371925,151.0,794.0,86857.0,5.92084938069935,0.5445980825854354,0.9997593604529924
1365,41.0,12.0,0.6175047260844937,18.0,474.0,86724.0,27.799967075039334,0.26678108369955356,0.4999977817836281
1366,41.0,13.0,0.1693269665286485,42.0,815.0,86748.0,13.07480197199274,0.2609543981648986,0.49900092184782596
1367,41.0,14.0,1.9159070055418346,158.0,760.0,86864.0,4.8253642665716345,0.47002581151877665,0.9998768515089951
1368,41.0,15.0,1.6571944436947126,93.0,743.0,86799.0,7.83909654900755,0.35967984386583374,0.9997839413041529
1369,41.0,16.0,1.9324340623920755,154.0,754.0,86860.0,4.978282149560539,0.4800897326933763,0.9999576219925977
1370,41.0,17.0,1.7472527989495046,131.0,720.0,86837.0,4.540574552974678,0.39047037106990945,0.9998350210014215
1371,41.0,18.0,1.6859824116900226,114.0,967.0,86820.0,7.208067753368691,0.4977726353964057,0.9998099384390431
1372,41.0,19.0,1.3973012504165745,78.0,805.0,86784.0,11.803881284914997,0.341162578700722,0.9998506600164092
1373,41.0,20.0,1.0285319111317552,62.0,1057.0,86768.0,15.770434922133846,0.3908191774192895,0.9996678048421264
1374,41.0,21.0,1.9590806811382604,147.0,707.0,86853.0,5.424962387441706,0.4296422782742991,0.9998490357786833
1375,41.0,22.0,1.7630059348728038,127.0,795.0,86833.0,7.156158109046369,0.45457362365020626,0.9998478215374769
1376,41.0,23.0,1.9765052529342202,133.0,723.0,86839.0,5.675679995965412,0.4735436157894449,0.9997508941940837
1377,41.0,24.0,1.8996452113023394,140.0,745.0,86846.0,5.730735038337708,0.43174597177981666,0.9997596905261938
1378,41.0,25.0,0.190968020287219,38.0,760.0,86744.0,17.351625524371187,0.2636353190563755,0.48099833038145123
1379,41.0,26.0,1.8761519332888374,162.0,696.0,86868.0,4.593131517545756,0.4562678244113627,0.9999024106251926
1380,41.0,27.0,2.1259578299771995,178.0,837.0,86884.0,4.974134958208808,0.5256873308339949,0.9998535105835202
1381,41.0,28.0,1.544239781231189,100.0,717.0,86806.0,7.349284101265973,0.33646653724676234,0.9997674112757663
1382,41.0,29.0,1.5279337128602901,96.0,778.0,86802.0,7.866487134327459,0.3839448797603543,0.9998776058956961
1383,41.0,30.0,1.1547940075091685,55.0,642.0,86761.0,12.950485951122637,0.312933867595673,0.9998167848625295
1384,41.0,31.0,0.7626445062737922,79.0,959.0,86785.0,15.471398505591122,0.39581211449688447,0.8330622688728606
1385,41.0,32.0,1.349770630591254,98.0,844.0,85510.0,6.995158428814367,0.3644966193489597,0.9997309185920336
1386,42.0,0.0,1.8539266264628083,132.0,658.0,77408.0,4.665080335346637,0.5338434810601925,0.9999160647745744
1387,42.0,1.0,1.8780598637955468,134.0,818.0,77410.0,6.042980995058223,0.487026100527999,0.9997310938723499
1388,42.0,2.0,1.5026222380082108,78.0,720.0,77354.0,9.787084835959547,0.3312297697312654,0.9998142572993921
1389,42.0,3.0,2.0572594770928756,162.0,847.0,77438.0,5.3958700790676595,0.5009839571295833,0.9998428727152138
1390,42.0,4.0,2.165297788056431,142.0,786.0,77418.0,6.764506695320092,0.5081833562462229,0.999760523586801
1391,42.0,5.0,1.9910857275181495,156.0,704.0,77432.0,5.009989215081624,0.47174064775465274,0.9997827720609791
1392,42.0,6.0,1.4341566567895503,94.0,612.0,77370.0,7.14922263552307,0.3214034060809111,0.9996951095152574
1393,42.0,7.0,1.6138587339464354,98.0,763.0,77374.0,7.985702156797455,0.3885635049208881,0.9998954245665868
1394,42.0,8.0,1.5427401666134655,93.0,742.0,77369.0,9.630330632094314,0.35876624041206195,0.9997919034791979
1395,42.0,9.0,0.37752313533719156,33.0,1250.0,77309.0,52.76956844167925,0.28235391965036416,0.8915272199420764
1396,42.0,10.0,2.1535893498876715,169.0,750.0,77445.0,5.119921983802328,0.5252306403958411,0.9998786381701182
1397,42.0,11.0,2.0666303038192595,162.0,850.0,77438.0,5.977482868803694,0.5080515650748205,0.99972288252712
1398,42.0,12.0,1.8926337857954951,178.0,812.0,77454.0,5.027248104431198,0.49093497163153876,0.9999320691211947
1399,42.0,13.0,0.9595430434234338,90.0,984.0,77366.0,12.100391031432064,0.43670549760366906,0.9077491638317187
1400,42.0,14.0,1.993456269132911,134.0,829.0,77410.0,6.378835783880447,0.4777370046226387,0.9997876618912149
1401,42.0,15.0,1.9275836359996887,128.0,705.0,77404.0,5.180642117993302,0.43887791106071494,0.9998088454653903
1402,42.0,16.0,1.8616126912163655,133.0,797.0,77409.0,5.915989815238896,0.4868190566712983,0.9997649666804567
1403,42.0,17.0,2.1031431734825285,169.0,843.0,77445.0,4.839233763267226,0.49340871556537147,0.9998116366194507
1404,42.0,18.0,1.3042508911281308,84.0,857.0,77360.0,8.033534539023584,0.3287948628549331,0.9997618562446975
1405,42.0,19.0,1.8178174674765601,125.0,819.0,77401.0,5.496118731818401,0.4315126049380791,0.999816855605232
1406,42.0,20.0,1.033637618120468,94.0,924.0,77370.0,11.802094642318142,0.46733571237433247,0.9997867952625592
1407,42.0,21.0,1.0038944429716767,74.0,1010.0,77350.0,33.649061032833686,0.44101775724289427,0.9853389443365782
1408,42.0,22.0,2.0068283925663066,149.0,733.0,77425.0,4.671369298126202,0.4621319643517503,0.9998735303317148
1409,42.0,23.0,2.1217956877126967,182.0,804.0,77458.0,6.111182630881703,0.5514778730474985,0.9998009325487113
1410,42.0,24.0,1.91996101523327,145.0,674.0,77421.0,4.546038001173473,0.4351134941328696,0.9998373003756771
1411,42.0,25.0,0.7756042815352671,83.0,1214.0,77359.0,9.25996987046553,0.3997271319997733,0.9997500811318953
1412,42.0,26.0,0.567223732236248,20.0,389.0,77296.0,18.225256043373285,0.26086745217119056,0.4999999085922582
1413,42.0,27.0,1.9378800635316398,134.0,746.0,77410.0,5.2066779095155304,0.4792135672727267,0.9998724067749645
1414,42.0,28.0,2.0422600347631437,143.0,773.0,77419.0,5.222554745588817,0.472583219249767,0.9998337409669567
1415,42.0,29.0,0.6319781608682513,14.0,416.0,77290.0,29.714243265366765,0.2666973458611672,0.49999674587767684
1416,42.0,30.0,1.7775511577893568,130.0,707.0,77406.0,5.682194656361143,0.4251333402417279,0.9997352131948042
1417,42.0,31.0,1.9390837038093398,148.0,853.0,77424.0,5.191271442757929,0.48247497209831713,0.9998375221445747
1418,42.0,32.0,1.9194120691242182,133.0,747.0,76252.0,5.020870170390529,0.46205936697148986,0.9998564990203377
1419,43.0,0.0,1.9837543256772037,145.0,900.0,76943.0,7.396748679979326,0.5130265355701287,0.9999032363552343
1420,43.0,1.0,0.6133102637184834,29.0,388.0,76827.0,15.643499541561148,0.29255603548705844,0.49999993515824415
1421,43.0,2.0,0.8418588456767065,89.0,1112.0,76887.0,10.117890139709061,0.4335475123057363,0.9997404481703351
1422,43.0,3.0,0.5497450896742493,20.0,381.0,76818.0,21.9166408507254,0.26578520441607145,0.49999990875233313
1423,43.0,4.0,1.9990420261717212,156.0,727.0,76954.0,4.952026301711226,0.4505436878313456,0.9997651235500972
1424,43.0,5.0,1.0257231113453544,106.0,1077.0,76904.0,10.713976093301788,0.4408154824897371,0.9998949074160322
1425,43.0,6.0,2.0266171574827783,165.0,803.0,76963.0,4.868874423259735,0.48869534466686315,0.999890603839478
1426,43.0,7.0,1.719466395875842,131.0,729.0,76929.0,5.970811617767012,0.4403430419029142,0.9997595508563897
1427,43.0,8.0,0.38256093115550416,43.0,1148.0,76841.0,22.48866030020303,0.2855682536577664,0.8728055446540746
1428,43.0,9.0,2.048629771997078,174.0,760.0,76972.0,5.28730367634192,0.5098504237036552,0.9997841351689369
1429,43.0,10.0,0.1809590524767996,17.0,317.0,76815.0,14.93937947430296,0.18731383224556342,0.2928932154564007
1430,43.0,11.0,1.204263734931238,89.0,949.0,76887.0,12.01337161039027,0.49389024634518564,0.9724049646564776
1431,43.0,12.0,1.6178002568550318,123.0,754.0,76921.0,7.054085340192292,0.4764898995792597,0.9998401915987624
1432,43.0,13.0,0.4063194953666586,45.0,1307.0,76843.0,27.5805613743464,0.30173881409686054,0.9998409933319842
1433,43.0,14.0,2.1822069321075093,152.0,756.0,76950.0,5.565180283525525,0.5356738282536997,0.9998891059939949
1434,43.0,15.0,1.8131823629361399,141.0,889.0,76939.0,8.553590072609147,0.47421677812440477,0.9997954654340009
1435,43.0,16.0,0.8408931648285058,36.0,414.0,76834.0,17.8929236018829,0.3796372469765147,0.6021838265514554
1436,43.0,17.0,1.7912013295031515,110.0,721.0,76908.0,7.839736720817257,0.480689112381007,0.999965108799191
1437,43.0,18.0,0.5826785871284568,27.0,412.0,76825.0,15.019219806643683,0.2608628743752317,0.4999999868423589
1438,43.0,19.0,2.00771822321528,141.0,735.0,76939.0,4.97942143848899,0.4721388470877831,0.999843786318695
1439,43.0,20.0,2.042825168336971,164.0,744.0,76962.0,5.074059937754643,0.5015315474267995,0.9998274521432471
1440,43.0,21.0,2.0448947453050885,144.0,811.0,76942.0,5.266201867963261,0.48506919596530584,0.9998085866528784
1441,43.0,22.0,2.075321225899019,142.0,699.0,76940.0,5.500123828734524,0.4784970975005872,0.9998771627981872
1442,43.0,23.0,2.0627384623130345,159.0,819.0,76957.0,5.707287583501003,0.5034249266823092,0.9999457245158848
1443,43.0,24.0,1.7955448596662822,125.0,724.0,76923.0,5.657630881954069,0.4381487828839743,0.9999586769605852
1444,43.0,25.0,1.8308721076612047,137.0,618.0,76935.0,3.875745682871176,0.40285334644172643,0.9997631297129702
1445,43.0,26.0,2.0838905305170083,141.0,879.0,76939.0,6.685010872538702,0.5598462454671453,0.999817376585862
1446,43.0,27.0,0.6866466129514927,59.0,1113.0,76857.0,22.672663927792996,0.3766611021235253,0.9996533594252179
1447,43.0,28.0,0.33214382725527497,44.0,1299.0,76842.0,26.428415031270685,0.29612156275343715,0.999703762631473
1448,43.0,29.0,1.9341380844190443,176.0,732.0,76974.0,4.245378504139281,0.4673925254627025,0.9998189616613454
1449,43.0,30.0,1.9826332297431775,151.0,735.0,76949.0,4.335969200955999,0.4507741583928975,0.9997717359738868
1450,43.0,31.0,0.5451111052434207,32.0,389.0,76830.0,11.509022358465534,0.2858619046308334,0.5420498824292519
1451,43.0,32.0,1.0192316892079776,100.0,964.0,75940.0,10.127578624582645,0.4311561840813253,0.9997443258975235
1452,44.0,0.0,2.039730086612361,130.0,867.0,84073.0,7.0921718734881045,0.5049519379712388,0.9998872638777833
1453,44.0,1.0,2.047160290313738,142.0,773.0,84085.0,5.4436467262410355,0.47162549147714095,0.9997596464541485
1454,44.0,2.0,-0.0,12.0,264.0,83955.0,21.999981666681943,0.14222905346601822,0.2928931648989097
1455,44.0,3.0,2.0349310476621896,164.0,924.0,84107.0,7.19352589376419,0.528750985301929,0.9997866073260756
1456,44.0,4.0,1.9622359634691107,175.0,804.0,84118.0,4.819252260298591,0.5029786637766662,0.9997994532274199
1457,44.0,5.0,-0.0,7.0,310.0,83950.0,44.28565102049854,0.14082172917645064,0.2928932033406406
1458,44.0,6.0,1.9464251769858174,145.0,719.0,84088.0,4.10138311602976,0.4285358490515734,0.9997837049138804
1459,44.0,7.0,1.80115348587692,143.0,791.0,84086.0,4.953094465990067,0.4194486849600274,0.9998077187315634
1460,44.0,8.0,1.9484842981910226,139.0,710.0,84082.0,5.039790265451897,0.4293348850541697,0.9997480097637321
1461,44.0,9.0,1.8482276381581537,135.0,920.0,84078.0,7.857612593527455,0.6167685515706326,0.999884072953074
1462,44.0,10.0,2.0394956560865487,151.0,848.0,84094.0,6.903975828238026,0.5372183551027123,0.999789988913551
1463,44.0,11.0,1.7468758771347341,149.0,714.0,84092.0,4.81497457415736,0.4497591454516988,0.9997473742680743
1464,44.0,12.0,1.9089745125840503,141.0,727.0,84084.0,5.130601792776337,0.44494800243534516,0.9997911688018382
1465,44.0,13.0,1.9007280393569843,143.0,741.0,84086.0,4.786915024913483,0.4407695149541069,0.9998630625077692
1466,44.0,14.0,1.9183078973867458,134.0,693.0,84077.0,4.753064793609766,0.4140681020755601,0.9997780781191606
1467,44.0,15.0,0.856404516772779,70.0,1030.0,84013.0,12.712783250745261,0.3778968758467638,0.9997789128395174
1468,44.0,16.0,0.9020156356719273,74.0,1023.0,84017.0,12.637374905771757,0.3925750953857057,0.9997373184873387
1469,44.0,17.0,0.8987385908231064,91.0,1146.0,84034.0,12.740935084831154,0.42180656321844145,0.9998016778525685
1470,44.0,18.0,1.7569613291179178,116.0,754.0,84059.0,7.670379861174382,0.4756925953957114,0.999826489779959
1471,44.0,19.0,1.3108451683768239,111.0,680.0,84054.0,5.933644430988733,0.41037751904934117,0.9997555188633495
1472,44.0,20.0,1.8628575194457937,134.0,725.0,84077.0,4.748285015955676,0.43443548773491825,0.9998915353708838
1473,44.0,21.0,0.6423789471253157,64.0,1096.0,84007.0,19.204521832927917,0.35938673332461657,0.9997669104291845
1474,44.0,22.0,2.0555355652602425,173.0,796.0,84116.0,5.1734977928941435,0.5126992413378928,0.9998114427589444
1475,44.0,23.0,1.9802286496432797,130.0,839.0,84073.0,6.502228347675724,0.48791647268672966,0.9998457064675297
1476,44.0,24.0,1.6624723020913363,119.0,764.0,84062.0,7.18776967763594,0.4682860657592275,0.9999075720623525
1477,44.0,25.0,1.9447051944676972,140.0,700.0,84083.0,4.506496522472678,0.4502649751911535,0.9997581184796784
1478,44.0,26.0,1.9677231156330655,161.0,711.0,84104.0,4.124169528636319,0.49202598727318303,0.9997297774138394
1479,44.0,27.0,1.689231194524372,119.0,699.0,84062.0,6.531571540331891,0.44246602506086385,0.9997869260878591
1480,44.0,28.0,1.217264868642703,86.0,1008.0,84029.0,19.064348194229265,0.48299748634685746,0.9998300635739166
1481,44.0,29.0,1.7704393513572294,114.0,716.0,84057.0,6.642742194564871,0.478326791184831,0.9997305461231215
1482,44.0,30.0,0.7759683237220909,67.0,1064.0,84010.0,15.527711132997867,0.3604954805195222,0.9997594056428739
1483,44.0,31.0,1.8152891553998776,138.0,698.0,84081.0,4.612700181987148,0.4369583816245288,0.9998240795283381
1484,44.0,32.0,0.7662965269399789,79.0,1055.0,82959.0,15.520494020381024,0.4034746283467353,0.9998023333049753
1485,45.0,0.0,1.1720883770389967,75.0,682.0,73621.0,8.788733755579843,0.3499855637415904,0.9997602256144551
1486,45.0,1.0,1.7084106052680914,137.0,727.0,73683.0,5.914197207894253,0.46803114339693297,0.9997357631886307
1487,45.0,2.0,1.1633759920715145,80.0,934.0,73626.0,11.406160070228303,0.46584442599785414,0.9722987376796381
1488,45.0,3.0,1.9467209108441836,154.0,786.0,73700.0,6.348036256948658,0.47665567042891555,0.9998687925839345
1489,45.0,4.0,1.4721963702491538,106.0,708.0,73652.0,8.932631405264617,0.4672873365448452,0.9997660658812637
1490,45.0,5.0,1.9701973883371766,126.0,881.0,73672.0,7.555160707267377,0.5067040799505473,0.9997754696119089
1491,45.0,6.0,2.0403292583088026,179.0,776.0,73725.0,3.827508723209042,0.5005741921581354,0.9998300460712309
1492,45.0,7.0,1.2832330618531886,111.0,659.0,73657.0,4.916032545464332,0.38121537414328244,0.9999071952895043
1493,45.0,8.0,1.685332487326005,115.0,707.0,73661.0,6.176074424623163,0.4366142625267867,0.999948926094075
1494,45.0,9.0,1.9870516812685182,167.0,719.0,73713.0,4.497289000999787,0.47213653243861164,0.9997745724451547
1495,45.0,10.0,1.969776307070417,179.0,775.0,73725.0,3.54719980663411,0.44546255292875514,0.9997932177225143
1496,45.0,11.0,1.916198236361483,142.0,726.0,73688.0,5.062873518880296,0.5110859336995,0.9999326341995306
1497,45.0,12.0,2.0611812999367203,138.0,749.0,73684.0,7.184400722167477,0.4825768292683027,0.9998556694901326
1498,45.0,13.0,2.1034350190639914,151.0,680.0,73697.0,4.481956618975121,0.4661480769329709,0.9998906629710032
1499,45.0,14.0,1.8933554407147581,146.0,855.0,73692.0,6.590210732085871,0.4976564870131236,0.9998761538097984
1500,45.0,15.0,1.047811893269304,98.0,1051.0,73644.0,10.176375186853672,0.46829841515566484,0.9878792147892067
1501,45.0,16.0,1.9180876238806053,141.0,775.0,73687.0,4.842056392066184,0.4389533517375034,0.9998635337642762
1502,45.0,17.0,1.3937370611781157,100.0,982.0,73646.0,12.642230757924862,0.4877941349933662,0.9950721637868942
1503,45.0,18.0,2.0177890958881157,144.0,761.0,73690.0,5.434841905579574,0.4662694350045815,0.999761087636821
1504,45.0,19.0,1.9875665459429344,149.0,745.0,73695.0,4.69115963214102,0.4717619726786063,0.9999181742649973
1505,45.0,20.0,1.752214949469335,130.0,742.0,73676.0,6.813420371233166,0.4403007841765445,0.9996971199750883
1506,45.0,21.0,2.0517178594153562,142.0,866.0,73688.0,5.923247381370877,0.5010268849850583,0.9997699739632327
1507,45.0,22.0,2.0953441832551882,142.0,773.0,73688.0,7.276082894073225,0.5189189527651812,0.9998158555296306
1508,45.0,23.0,1.8935305900191952,148.0,760.0,73694.0,6.164397195393008,0.4864471946151663,0.9997250542506113
1509,45.0,24.0,1.9329978590708428,140.0,710.0,73686.0,5.185386632353635,0.4182898996994717,0.9997474300965133
1510,45.0,25.0,1.6096904330068322,137.0,745.0,73683.0,5.245121609051589,0.4699802541969369,0.9999558388562318
1511,45.0,26.0,1.8802994185775068,119.0,702.0,73665.0,5.639768779726886,0.41319833693868757,0.9999122317120138
1512,45.0,27.0,1.8970447916488637,134.0,683.0,73680.0,4.047623690951047,0.423973825688994,0.9998883972417112
1513,45.0,28.0,1.8236608048044185,120.0,782.0,73666.0,6.00400755836878,0.4219987254164139,0.9997985074466933
1514,45.0,29.0,1.783060660267236,130.0,742.0,73676.0,6.628552725696283,0.5002602450240267,0.9998146546912391
1515,45.0,30.0,2.0732126052104625,133.0,668.0,73679.0,6.791131017935876,0.4440461244997932,0.9998364860123583
1516,45.0,31.0,1.6283398981749344,131.0,774.0,73677.0,7.529959673143266,0.501704354446179,0.999925394107576
1517,45.0,32.0,1.8099035679651412,120.0,819.0,72819.0,7.033791208065755,0.5268384592008741,0.99985578060982
1518,46.0,0.0,1.2574315840236334,110.0,892.0,76049.0,9.362337525643124,0.4646070019607407,0.9997484685451632
1519,46.0,1.0,1.3353065089071252,94.0,694.0,76033.0,8.532278388029447,0.3797478814944706,0.9997549989651544
1520,46.0,2.0,1.695630191602945,126.0,754.0,76065.0,6.660659121763994,0.4665209512003473,0.9998415350747016
1521,46.0,3.0,1.8546518928235174,169.0,939.0,76108.0,4.996986279579471,0.5037557507734858,0.9997769873753324
1522,46.0,4.0,1.6349134051044458,118.0,705.0,76057.0,5.839968283204115,0.40003615826200545,0.999896001210158
1523,46.0,5.0,2.148235962154973,147.0,873.0,76086.0,7.783214566721942,0.5476060826362728,0.9998902189941088
1524,46.0,6.0,1.1877753466931151,93.0,1002.0,76032.0,12.41293371236203,0.45237885746994444,0.9614773257844024
1525,46.0,7.0,1.8033216309191937,122.0,863.0,76061.0,7.815217497376837,0.49873830742602376,0.9997933936418802
1526,46.0,8.0,1.4895153292785095,117.0,744.0,76056.0,6.766154701388856,0.4532684520521546,0.9997467080463851
1527,46.0,9.0,1.1813619985690373,103.0,652.0,76042.0,4.798230905774812,0.3435371901195742,0.9997530331655852
1528,46.0,10.0,1.7238038334535828,126.0,696.0,76065.0,6.069510381934478,0.44634159727585443,0.9998171065995501
1529,46.0,11.0,1.8751356815931244,145.0,828.0,76084.0,6.359733407479853,0.467289688636248,0.99973148187913
1530,46.0,12.0,1.9980502703484304,186.0,780.0,76125.0,4.0617762080110165,0.47304002565399583,0.9997373524370319
1531,46.0,13.0,1.406222090550273,88.0,800.0,76027.0,8.561214890344866,0.5005824318285568,0.9997610947085755
1532,46.0,14.0,1.7375678301580693,133.0,715.0,76072.0,4.911665409831572,0.40306654028038935,0.9998288104292785
1533,46.0,15.0,1.9524568302323997,150.0,805.0,76089.0,5.003413500069709,0.47552998263642987,0.9997540184413553
1534,46.0,16.0,1.8152860294586435,120.0,733.0,76059.0,6.476532536513061,0.44713088177646165,0.9997485147071331
1535,46.0,17.0,1.85079440219128,117.0,752.0,76056.0,8.031039224961278,0.4794383098614602,0.9998483478745597
1536,46.0,18.0,1.4762034780795907,91.0,1020.0,76030.0,11.780550174202075,0.49998864657384556,0.9953858429704926
1537,46.0,19.0,1.9782641800430005,138.0,778.0,76077.0,5.804394253801788,0.4514127265265494,0.9999325666619363
1538,46.0,20.0,1.995900292727897,146.0,717.0,76085.0,5.237644926896385,0.4693797450845675,0.9997353491193262
1539,46.0,21.0,1.963327625359805,169.0,737.0,76108.0,4.106656509495767,0.4608599726291128,0.9997534846985481
1540,46.0,22.0,1.249066522858201,85.0,577.0,76024.0,5.995204971985045,0.33515867027501867,0.999789498782287
1541,46.0,23.0,1.646491257968896,123.0,641.0,76062.0,4.551900377307623,0.4085883114130625,0.9999531517481524
1542,46.0,24.0,1.696824858370307,119.0,727.0,76058.0,7.881218920137406,0.4590526421312038,0.9998755952201864
1543,46.0,25.0,2.082772947450477,183.0,744.0,76122.0,4.342815456843915,0.46395834398421854,0.9997956523483236
1544,46.0,26.0,2.009981407991693,146.0,691.0,76085.0,4.304489041218295,0.4602654797993241,0.9997517051447803
1545,46.0,27.0,0.7955145918640729,74.0,1099.0,76013.0,16.71402351819807,0.42521768785444736,0.999700576340572
1546,46.0,28.0,1.6972546462454077,118.0,615.0,76057.0,4.742780872283329,0.38136172594134543,0.9998971867821956
1547,46.0,29.0,1.9814346629568453,149.0,765.0,76088.0,5.086451710873196,0.463369508166813,0.9998809118980645
1548,46.0,30.0,1.2838590697101662,102.0,623.0,76041.0,5.607511087246397,0.37869589193615283,0.9997874356709885
1549,46.0,31.0,1.065666737979963,95.0,993.0,76034.0,9.951554149641332,0.42447986540242444,0.9497497073100056
1550,46.0,32.0,2.1154636294323375,152.0,763.0,75110.0,5.734641986681063,0.48269757592094487,0.9998687449431874
1551,47.0,0.0,1.6061601026734353,129.0,721.0,76343.0,5.299349773855467,0.4255392464240695,0.9997168462795362
1552,47.0,1.0,1.3682722045822515,118.0,736.0,76332.0,5.769235779646504,0.4099489475284296,0.9998964153636848
1553,47.0,2.0,1.2732633585584576,48.0,306.0,76262.0,7.703378172375656,0.350032348816813,0.694730556078155
1554,47.0,3.0,1.1470075408447509,82.0,665.0,76296.0,7.66963258101006,0.3670231206518546,0.9998586486257852
1555,47.0,4.0,1.5928963446996969,107.0,855.0,76321.0,9.62481340348921,0.5074823546487595,0.999763921155425
1556,47.0,5.0,1.2537145000688814,77.0,601.0,76291.0,8.16463632053104,0.326115447291649,0.999912881734534
1557,47.0,6.0,0.9805810260786236,63.0,539.0,76277.0,6.570828326064942,0.23776133025056,0.9790760958637545
1558,47.0,7.0,0.5998973346904719,65.0,1166.0,76279.0,16.36697518138574,0.37668415716062165,0.9998249159249487
1559,47.0,8.0,1.7417324265928291,113.0,841.0,76327.0,6.559968934710593,0.43134984816470356,0.9997517447807456
1560,47.0,9.0,1.9944508531411127,158.0,788.0,76372.0,5.03761190666782,0.47698099698683905,0.999789612285495
1561,47.0,10.0,1.330108432851259,80.0,728.0,76294.0,10.931691043267797,0.4022223592733166,0.9997572490691723
1562,47.0,11.0,1.9508278520862847,129.0,928.0,76343.0,7.678832972658889,0.5132160764476077,0.9998080735555434
1563,47.0,12.0,1.835783415545965,106.0,740.0,76320.0,7.8500954544381925,0.46844545282688277,0.9999264923244348
1564,47.0,13.0,1.610906815360137,128.0,684.0,76342.0,5.537434634755442,0.46183579654162676,0.9998960116603864
1565,47.0,14.0,2.055210182185091,138.0,851.0,76352.0,6.439905577873121,0.5134028553172549,0.9998895967975919
1566,47.0,15.0,1.468952210646791,102.0,799.0,76316.0,26.127055232114163,0.47703886957621766,0.9997589382693036
1567,47.0,16.0,2.0533126560178876,135.0,698.0,76349.0,4.872594508480135,0.4738877011118703,0.9998451331929598
1568,47.0,17.0,1.3513221201734185,130.0,728.0,76344.0,5.2110121993403,0.44241921708814214,0.999769988640288
1569,47.0,18.0,1.9827030346716026,148.0,777.0,76362.0,4.555063830432117,0.4686471326302978,0.9998576138386572
1570,47.0,19.0,1.9439404807174125,146.0,748.0,76360.0,5.45923252956285,0.4778169800717753,0.9998803646518846
1571,47.0,20.0,1.7222219559001313,129.0,730.0,76343.0,5.2521576090011,0.4085034285473448,0.9998389751348045
1572,47.0,21.0,0.48901433662772437,62.0,645.0,76276.0,14.823094351254547,0.36462100207359394,0.49889505843922677
1573,47.0,22.0,1.24958214012483,80.0,601.0,76294.0,8.708742383011595,0.355266376443246,0.9997173372581721
1574,47.0,23.0,1.7648527483742804,132.0,712.0,76346.0,5.601398457344353,0.4531653252568928,0.9998368293532026
1575,47.0,24.0,1.3530022666444375,103.0,715.0,76317.0,9.53129711327498,0.440067788696894,0.9998062038189874
1576,47.0,25.0,1.3247131250269104,104.0,722.0,76318.0,7.693110357265945,0.42707382170701025,0.9998361554029251
1577,47.0,26.0,2.0187990452440485,150.0,801.0,76364.0,5.454946291994164,0.4905219888515048,0.999731102081752
1578,47.0,27.0,1.8018099341205165,139.0,683.0,76353.0,4.4590461626217195,0.4362355909671559,0.9998456552968474
1579,47.0,28.0,1.7139699670390052,139.0,654.0,76353.0,4.176369929027538,0.41989733824646924,0.9997429214195797
1580,47.0,29.0,1.852100763807055,125.0,847.0,76339.0,8.361771487507388,0.5356310104738291,0.9998628967127401
1581,47.0,30.0,0.9862122627229855,78.0,1013.0,76292.0,15.02923583355629,0.441929856769153,0.9997439994002629
1582,47.0,31.0,1.8719034369092156,130.0,801.0,76344.0,7.58795792347268,0.48168306039669817,0.999830111454876
1583,47.0,32.0,1.8567614878227885,133.0,849.0,75401.0,7.662636536024357,0.49866816216961685,0.9997491158615077
1584,48.0,0.0,1.3544729003253033,99.0,621.0,80857.0,5.573613814532535,0.3785635101419891,0.9997623560609014
1585,48.0,1.0,1.586296203104874,100.0,753.0,80858.0,7.316075488408824,0.4084843881151904,0.9997433803566226
1586,48.0,2.0,0.9182882650063917,87.0,639.0,80845.0,5.959149697346684,0.2923309003567459,0.9997521374217327
1587,48.0,3.0,1.8022884418889824,144.0,687.0,80902.0,4.655112554928709,0.4698290828516227,0.999790538373324
1588,48.0,4.0,1.5047610305414976,140.0,634.0,80898.0,4.923361309153495,0.4317167218192203,0.9998063859594298
1589,48.0,5.0,1.992650606327762,144.0,764.0,80902.0,4.712773080588064,0.4436001496637324,0.9998673151866798
1590,48.0,6.0,2.1269337408572078,142.0,746.0,80900.0,5.367278407707414,0.49775687226097565,0.9997759058518977
1591,48.0,7.0,1.9668140248926276,161.0,746.0,80919.0,5.055289909516337,0.4790948650892901,0.9998532784345114
1592,48.0,8.0,1.96615105397156,150.0,755.0,80908.0,6.409915107663058,0.5093493055475213,0.9997873518996117
1593,48.0,9.0,1.9961770848774145,162.0,709.0,80920.0,4.926011635179456,0.4744527060088365,0.9998475885533018
1594,48.0,10.0,1.180629162612988,111.0,691.0,80869.0,5.623708304860746,0.3742304346306079,0.9998410913610608
1595,48.0,11.0,1.7100496853138825,126.0,722.0,80884.0,6.248180410212657,0.44213657050652444,0.9998741480241771
1596,48.0,12.0,1.763791734476521,119.0,652.0,80877.0,5.723425215343647,0.3801049554246312,0.9998483801447364
1597,48.0,13.0,1.21835669602158,95.0,615.0,80853.0,5.802305516623832,0.32722827057019555,0.9998082893320555
1598,48.0,14.0,1.1472222307606563,103.0,649.0,80861.0,6.466702852718694,0.3495859001229292,0.9997760209171789
1599,48.0,15.0,1.7639462049037542,122.0,642.0,80880.0,5.6959565207960035,0.45667549942894303,0.9998333144940992
1600,48.0,16.0,1.7034699298563827,139.0,712.0,80897.0,5.383107991661564,0.4973843885835554,0.9998950061179014
1601,48.0,17.0,1.614297942646472,106.0,707.0,80864.0,6.5800850148134105,0.4298806256400435,0.9997234000553127
1602,48.0,18.0,1.3665227894017675,126.0,771.0,80884.0,5.875463831594222,0.4336736421652958,0.9997695119642207
1603,48.0,19.0,1.1330529864181784,94.0,707.0,80852.0,13.017428885786034,0.38815427603527963,0.9997576397346585
1604,48.0,20.0,1.954651482762133,155.0,765.0,80913.0,4.949656864856054,0.4874786116404891,0.9998313371022254
1605,48.0,21.0,1.1416932668372604,98.0,663.0,80856.0,8.178338046842846,0.3415619306860611,0.9998649097488798
1606,48.0,22.0,1.4257549005915389,98.0,963.0,80856.0,9.702897614906668,0.45810909333153693,0.999731618917088
1607,48.0,23.0,1.6123484428883774,96.0,724.0,80854.0,7.785066261420943,0.3743499790523087,0.9998299603017776
1608,48.0,24.0,1.8000043012503606,143.0,690.0,80901.0,5.39460648981354,0.44817981429666887,0.9998856427513632
1609,48.0,25.0,1.8476694791251542,96.0,566.0,80854.0,6.307964677456491,0.5615508825308633,0.9996881699663006
1610,48.0,26.0,2.0527859377250057,138.0,767.0,80896.0,5.386660683950167,0.4764110258801033,0.9998288496567259
1611,48.0,27.0,1.9651529527105647,161.0,766.0,80919.0,4.484695229042291,0.4777420963501323,0.9997533914587275
1612,48.0,28.0,1.8341742428856964,147.0,663.0,80905.0,3.9513380336428634,0.42148419580489427,0.999751949649141
1613,48.0,29.0,1.1682418365089116,91.0,1002.0,80849.0,9.3309828366669,0.4282496745845198,0.9998337621688801
1614,48.0,30.0,2.007481307698699,163.0,755.0,80921.0,4.201036048743964,0.4680855814784112,0.9999479375944839
1615,48.0,31.0,1.4650508134337088,130.0,679.0,80888.0,4.443613844425222,0.407725838836851,0.9999059637451125
1616,48.0,32.0,1.4929941270049105,78.0,733.0,79423.0,11.398274663513103,0.35182186629234913,0.9997966201662994
1617,49.0,0.0,1.4694109318998714,89.0,766.0,78152.0,8.639156645254374,0.3583858402495288,0.9998501705739835
1618,49.0,1.0,1.0505003598848557,54.0,613.0,72591.0,11.537708627950172,0.29894273821884465,0.999897419214627
1619,49.0,2.0,1.3341724525986094,86.0,609.0,73200.0,5.88393058295188,0.357360642282457,0.9998647676757074
1620,49.0,3.0,1.9693800910528811,141.0,796.0,77653.0,8.714074463576065,0.4698985556430334,0.9999341767179546
1621,49.0,4.0,1.2341970681924583,82.0,704.0,71169.0,11.188519494719174,0.3700531512272617,0.9997650960424621
1622,49.0,5.0,1.8864579784622302,142.0,767.0,76640.0,4.999587393565222,0.47810544157032075,0.9997991043932554
1623,49.0,6.0,1.8346970814213908,146.0,765.0,85191.0,4.217714958734067,0.4325321117726013,0.999848139128737
1624,49.0,7.0,2.018456012707977,140.0,774.0,79612.0,4.9457499591275225,0.4834749861791735,0.9998151686314688
1625,49.0,8.0,2.0018386180496854,182.0,812.0,81583.0,4.242328134996945,0.49810164028626003,0.9997505177768682
1626,49.0,9.0,1.4147811263458336,117.0,748.0,75288.0,6.120020150953736,0.41774215709136486,0.9998536089635737
1627,49.0,10.0,1.2873732930530846,88.0,681.0,78951.0,7.386236045724293,0.3658849904746979,0.999791099334699
1628,49.0,11.0,2.1439527474385534,160.0,729.0,72564.0,6.07268405941806,0.5162461508623977,0.9997276172643769
1629,49.0,12.0,1.137626028732575,63.0,684.0,76572.0,11.400908783327106,0.30949887797140885,0.9998781207937972
1630,49.0,13.0,1.9187758025049582,141.0,828.0,77353.0,7.0963920098455535,0.5078887026415279,0.999887771281973
1631,49.0,14.0,0.9827416927270046,80.0,674.0,78405.0,7.598187563715011,0.33284753152939517,0.9998197641229059
1632,49.0,15.0,1.587946615833837,122.0,814.0,80007.0,7.046511695586106,0.4047266066045948,0.9998214848118286
1633,49.0,16.0,1.230644001208343,72.0,655.0,79058.0,10.716685623529685,0.34124642605594124,0.9998837782242365
1634,49.0,17.0,1.6529157861563568,141.0,827.0,86603.0,5.774101942106792,0.409643549460346,0.9998160359290321
1635,49.0,18.0,2.000494975890602,153.0,742.0,74358.0,4.809161962376129,0.45096903212751716,0.9997365702317726
1636,49.0,19.0,2.0041545667601883,162.0,773.0,79990.0,5.075621646590628,0.4784272355576342,0.9998440655247153
1637,49.0,20.0,2.122997135922702,191.0,764.0,76064.0,4.095203682632911,0.5168522395036222,0.9998339685209068
1638,49.0,21.0,1.1448801508448914,91.0,715.0,80213.0,8.474395482757494,0.35026195077837063,0.999761727944602
1639,49.0,22.0,1.6279640308724959,107.0,650.0,77297.0,6.097374560002428,0.3683828385778898,0.999844987059983
1640,49.0,23.0,2.112328183122302,171.0,824.0,79082.0,5.428396265900095,0.5137271392477039,0.99975028306077
1641,49.0,24.0,1.9312579842898872,149.0,705.0,79547.0,5.1621545967281275,0.4773400004113876,0.9998196436344738
1642,49.0,25.0,1.535756348189024,124.0,664.0,75230.0,5.02033266396784,0.41940483355725466,0.9997999055297005
1643,49.0,26.0,1.6016472077519235,128.0,745.0,74493.0,6.023665945464521,0.4777258242145027,0.9998809743976778
1644,49.0,27.0,1.9922672798139893,144.0,722.0,78362.0,4.077430256271782,0.4218568002391754,0.9998841397666888
1645,49.0,28.0,1.3795008171804364,120.0,753.0,79421.0,6.172474269186606,0.41404544924233055,0.9999587535912939
1646,49.0,29.0,2.0550907931173574,151.0,783.0,79001.0,4.813341742102028,0.49355714113914906,0.9998475144601416
1647,49.0,30.0,0.9099802644620207,66.0,632.0,76483.0,10.341325581980051,0.26835771609047454,0.9997586549153883
1648,49.0,31.0,1.161687561134653,102.0,706.0,79062.0,6.513703252446186,0.3723511806933082,0.999765415339489
1649,49.0,32.0,1.1239670504264268,78.0,610.0,74615.0,6.9080732721721425,0.3122224535953668,0.9997481970940737
