,round,tube,sp_div_H,tot_pop_0,tot_final_pop,tot_auc,mean_fc,deg_score,nut_score
0,0.0,0.0,0.6626928530619485,26.0,448.0,21703.0,34.231787532345194,0.5090100490228685,0.4954429241079408
1,0.0,1.0,0.6055795991486262,26.0,473.0,21903.0,30.427455853020803,0.5002001325977922,0.4951587954473782
2,0.0,2.0,0.6557045627347,26.0,456.0,23589.0,33.970919529819206,0.5153470885539653,0.49549405047968986
3,0.0,3.0,0.6335869103945194,26.0,480.0,25606.0,33.333242512371214,0.5040913886833742,0.4975305493128074
4,0.0,4.0,0.6271618380175097,26.0,412.0,22257.0,28.086880542148556,0.49361385577015315,0.49549219783286935
5,0.0,5.0,0.6165708647520733,26.0,466.0,24526.0,30.85498996665976,0.4939915315666956,0.4954944792966066
6,0.0,6.0,0.6837672424753918,26.0,468.0,22220.0,39.44916062629409,0.5184569054180701,0.4999598124676413
7,0.0,7.0,0.6740398012659178,26.0,467.0,23042.0,37.39844364349149,0.5150872867152021,0.49841055875127926
8,0.0,8.0,0.675650628481427,26.0,445.0,19420.0,35.90569405095589,0.5105963757992007,0.49532500793591894
9,0.0,9.0,0.6929614650613345,26.0,467.0,22171.0,43.340450238820345,0.515239929137383,0.49999979881981005
10,1.0,0.0,0.5681037304422824,34.0,470.0,25646.0,12.954537672181424,0.49092568836827677,0.49549404313262013
11,1.0,1.0,0.5870593467256797,24.0,482.0,24187.0,20.722198487687876,0.49396067789263665,0.4954355967373326
12,1.0,2.0,0.6104544235852775,19.0,414.0,19572.0,21.48715368511091,0.49607450810924925,0.4942523294630655
13,1.0,3.0,0.5830367899137869,22.0,493.0,22174.0,23.88820246580081,0.4906327889186207,0.49493992331131254
14,1.0,4.0,0.5904856314459119,29.0,447.0,22378.0,17.35505218864587,0.5023089119682147,0.49526859660988054
15,1.0,5.0,0.5882204440323644,23.0,469.0,22492.0,22.344413397585377,0.49637898204538766,0.49507371077823725
16,1.0,6.0,0.5734279394485697,30.0,507.0,20622.0,15.974988712508944,0.4907418207325057,0.4948177598528415
17,1.0,7.0,0.6280522696400503,22.0,482.0,23212.0,25.11761040144941,0.5001505951074877,0.49530524828358913
18,1.0,8.0,0.6007318576941918,25.0,475.0,22914.0,18.173596052772012,0.4929438865735821,0.49542845906953636
19,1.0,9.0,0.5688499984241656,21.0,457.0,22411.0,21.304525554977303,0.49316443975093815,0.495144125625943
20,2.0,0.0,0.5565159765719843,23.0,478.0,24194.0,19.39284071146585,0.49390237873557574,0.49538436633951155
21,2.0,1.0,0.5944144642809337,26.0,515.0,27019.0,23.309490614572468,0.4968934515811295,0.4955036085599428
22,2.0,2.0,0.6115806420445542,23.0,472.0,21314.0,21.539190254745957,0.5021484294808451,0.49543001143088805
23,2.0,3.0,0.6028619603007891,28.0,478.0,27291.0,16.366654485195042,0.4992118278667107,0.4983197441330405
24,2.0,4.0,0.5974855388262733,23.0,502.0,22283.0,27.322318761367804,0.4970493460148111,0.49514312830906415
25,2.0,5.0,0.5954857116088053,21.0,474.0,21103.0,21.714263367372666,0.489748952070706,0.4945510519402012
26,2.0,6.0,0.5606084324791238,22.0,479.0,22704.0,21.16664310767083,0.5005519097936044,0.49549573490439447
27,2.0,7.0,0.6771849703601149,28.0,477.0,23562.0,38.28655553014164,0.5191606330471779,0.4995946576771986
28,2.0,8.0,0.5864815841511588,16.0,505.0,19403.0,32.54161079872954,0.48603002466490286,0.4942529760226543
29,2.0,9.0,0.6276116833595444,27.0,486.0,22284.0,18.43419376819631,0.5005468561073186,0.4954698811259941
30,3.0,0.0,0.6234123949982815,32.0,504.0,26204.0,15.790897576869074,0.4979689163541955,0.4954930563286789
31,3.0,1.0,0.5969634634412446,24.0,503.0,21398.0,21.91664125003619,0.49123623241474423,0.49545154757351106
32,3.0,2.0,0.585387439757366,26.0,474.0,24810.0,17.645817931149814,0.49389361068386317,0.495151877987717
33,3.0,3.0,0.5906082468830101,18.0,454.0,16540.0,24.166637777816437,0.48553409062971364,0.49162263205980994
34,3.0,4.0,0.5829453214646796,24.0,508.0,25076.0,20.697458593343427,0.4942929873586328,0.4954868043652114
35,3.0,5.0,0.5629126232691783,29.0,475.0,24415.0,15.318410171892202,0.4967843559043249,0.49535401863706363
36,3.0,6.0,0.6511274466535102,23.0,469.0,23251.0,22.79899118852693,0.5038930469180376,0.49549540804770853
37,3.0,7.0,0.5439115351884309,31.0,496.0,23008.0,15.017084720949722,0.4890719885058711,0.4954116549957419
38,3.0,8.0,0.6127816344017176,33.0,483.0,26002.0,15.131932506762777,0.504650567436117,0.49807692471415355
39,3.0,9.0,0.6277244342311725,20.0,492.0,20797.0,23.79164272571954,0.49004411706726414,0.4923600466056065
40,4.0,0.0,0.5748297705501308,23.0,470.0,20733.0,19.496137429895704,0.4905458609405008,0.49529360194533467
41,4.0,1.0,0.608897685142479,28.0,477.0,26703.0,17.249984718765962,0.5010350213087709,0.4983794696959275
42,4.0,2.0,0.6883656298793429,27.0,481.0,25320.0,59.52972663935709,0.5199093210564749,0.49986993390077206
43,4.0,3.0,0.611792525406886,14.0,455.0,19212.0,32.4999535714949,0.48946461232822436,0.493274549417431
44,4.0,4.0,0.5869110446637833,30.0,464.0,25141.0,17.604146102461172,0.5044894039351501,0.4954974652799632
45,4.0,5.0,0.6187191250308035,24.0,462.0,20711.0,25.849951325113715,0.5023952059144525,0.4949701756504673
46,4.0,6.0,0.6169636355386106,23.0,449.0,21698.0,18.991648974323642,0.49334106626566965,0.494865445625547
47,4.0,7.0,0.6174977131376529,28.0,487.0,26809.0,17.799984068766754,0.5099288381019619,0.49865024452303275
48,4.0,8.0,0.5985387157796578,23.0,486.0,24018.0,20.115061932807492,0.49933176073488883,0.4949507243370854
49,4.0,9.0,0.5824127144047891,20.0,483.0,22449.0,24.149975850024152,0.4960896213932572,0.494558388441407
50,5.0,0.0,0.6539454309836692,20.0,435.0,20818.0,28.31244550793855,0.505818524290836,0.4963992373078321
51,5.0,1.0,0.5740546723476868,31.0,502.0,26164.0,17.086292935996912,0.4978768970816019,0.495473662403244
52,5.0,2.0,0.63126775749832,20.0,451.0,21362.0,24.833297177841082,0.5019509866119789,0.4954321957037108
53,5.0,3.0,0.6731744947107443,21.0,497.0,21119.0,41.44432929049453,0.5089342510850192,0.49596080846094603
54,5.0,4.0,0.5892066564717142,16.0,489.0,20868.0,31.624945520949048,0.503108861128849,0.4951077247974264
55,5.0,5.0,0.5896150255542365,20.0,434.0,19122.0,21.214261037448466,0.48953231867263636,0.49334224639078506
56,5.0,6.0,0.5654464379884457,21.0,526.0,27413.0,25.695429399611424,0.49203090642189196,0.49548431282029104
57,5.0,7.0,0.5800568020698903,24.0,476.0,24548.0,19.19578862243924,0.4917316876673852,0.4951371951921222
58,5.0,8.0,0.5923077534940167,15.0,469.0,17740.0,31.738581459309255,0.49095183597600045,0.49402854547903385
59,5.0,9.0,0.5717210774274435,26.0,487.0,23526.0,17.902762363055523,0.4954886136864546,0.49533294084511825
60,6.0,0.0,0.5943762465237875,17.0,476.0,21315.0,26.671397797995816,0.49229745276956793,0.49319552693680235
61,6.0,1.0,0.6131463504271966,16.0,479.0,21676.0,29.681775380235838,0.49153226159871877,0.49440167224476284
62,6.0,2.0,0.5959371070481035,17.0,452.0,18356.0,25.393908227773665,0.4939526213005154,0.4932408528928949
63,6.0,3.0,0.5953179425032432,22.0,492.0,23417.0,21.294622992685824,0.49754715630918434,0.4954565844366652
64,6.0,4.0,0.5960740318257864,26.0,480.0,21922.0,18.05553962192981,0.49615623315397717,0.49533897637286406
65,6.0,5.0,0.6791932659915256,21.0,468.0,22888.0,28.031205668050085,0.5208932780684505,0.4987942062807237
66,6.0,6.0,0.657459478094525,29.0,482.0,27171.0,17.458318594921455,0.5192407790395561,0.4993937280871513
67,6.0,7.0,0.608897685142479,25.0,477.0,23262.0,19.448393038887268,0.5005976390330509,0.49546375243105967
68,6.0,8.0,0.6036372515003262,22.0,456.0,21014.0,21.17705855255209,0.48914763715586984,0.49498120510351296
69,6.0,9.0,0.5687395306405938,21.0,465.0,22272.0,20.857121887778753,0.4918691193180993,0.49499656362140354
70,7.0,0.0,0.5954857116088053,27.0,474.0,21545.0,16.916654458342247,0.49148197578153896,0.49306686390241594
71,7.0,1.0,0.5735336243232065,26.0,526.0,26783.0,19.05227239481877,0.4998948522998331,0.4954524755031533
72,7.0,2.0,0.5628848825334374,22.0,499.0,22140.0,21.329041047938773,0.49199545488742524,0.49492680293158176
73,7.0,3.0,0.53408064893625,31.0,505.0,26254.0,15.039464310370878,0.4954976227769883,0.4954339441834311
74,7.0,4.0,0.5963337789312788,30.0,476.0,23245.0,17.05588362256651,0.4987707745724337,0.4954488999161847
75,7.0,5.0,0.5639869457095097,20.0,497.0,20493.0,23.236239975271225,0.4914393227407423,0.494135679096389
76,7.0,6.0,0.5594620718496257,28.0,481.0,22593.0,16.005544019144857,0.4946366234548152,0.49547030563465977
77,7.0,7.0,0.6122582962978766,22.0,484.0,22476.0,24.54114142289921,0.49464074708655825,0.49542352940453815
78,7.0,8.0,0.6665025200396177,22.0,483.0,22512.0,24.781218365932098,0.5047312260773403,0.4968186543654529
79,7.0,9.0,0.6471202199744528,33.0,475.0,28076.0,16.5549845592672,0.5037070050552035,0.4991598587840089
80,8.0,0.0,0.6163639752244341,28.0,499.0,24657.0,18.212483721892106,0.4890969581172182,0.4953232277855891
81,8.0,1.0,0.5585414023824067,23.0,511.0,23224.0,20.74998240080931,0.4970233725887925,0.49490282635788263
82,8.0,2.0,0.6060202789915878,16.0,462.0,19172.0,30.583279514004573,0.49930065337088014,0.4950002679157879
83,8.0,3.0,0.5845819394751405,35.0,457.0,26519.0,12.859991136007267,0.5061036554103077,0.49681725008289357
84,8.0,4.0,0.5521044333434365,26.0,494.0,22297.0,17.668736725791778,0.4904602129119613,0.49495208733295826
85,8.0,5.0,0.5842065567922099,24.0,513.0,23605.0,21.972197145097113,0.49837445875093234,0.4953131948505528
86,8.0,6.0,0.6321767830551999,14.0,489.0,18484.0,53.70812191073174,0.48713172489284506,0.49303006065184374
87,8.0,7.0,0.6558023722550066,29.0,475.0,24923.0,23.591629445209183,0.5072368163316499,0.49899050586087923
88,8.0,8.0,0.6117352761511126,22.0,485.0,24517.0,24.570553170304066,0.4982949434264722,0.49548843917254737
89,8.0,9.0,0.5715000591807459,25.0,499.0,23599.0,19.077907308579643,0.4936306190575753,0.49540189915577837
90,9.0,0.0,0.6339619485938288,25.0,458.0,22462.0,18.46689465643007,0.5090665988467102,0.4978319331275819
91,9.0,1.0,0.6093704781237936,18.0,456.0,16134.0,24.25971315908059,0.47827263069649706,0.4892042192167465
92,9.0,2.0,0.5915853983021755,28.0,499.0,28252.0,16.949987494454483,0.49716321782741657,0.4959481336355891
93,9.0,3.0,0.627651806215397,24.0,461.0,20661.0,23.03680817014459,0.5041510137311132,0.4948748527345843
94,9.0,4.0,0.5977198677986508,22.0,477.0,21475.0,23.629378665109776,0.5021537838852634,0.49487387532766314
95,9.0,5.0,0.5909425665573808,34.0,529.0,28258.0,15.308322667369843,0.4979850554016365,0.497604792987173
96,9.0,6.0,0.5977278308454193,30.0,484.0,26545.0,15.361100979945231,0.489335124400202,0.4954854934485442
97,9.0,7.0,0.5746265457545493,23.0,478.0,21823.0,19.551570580450885,0.4911856300937729,0.49405797121362627
98,9.0,8.0,0.6570805231026507,29.0,472.0,25622.0,19.152576660719827,0.5119878460895884,0.49745466576941766
99,9.0,9.0,0.6246435805602666,25.0,492.0,25098.0,23.9999646000645,0.49562399577421634,0.49549096848913654
100,10.0,0.0,0.6178417257614881,21.0,415.0,17502.0,19.392836760227972,0.4770574428998513,0.4879781829810652
101,10.0,1.0,0.5758921831029018,26.0,491.0,25477.0,18.303557714721215,0.4921106897993347,0.49545645467441246
102,10.0,2.0,0.5842976568707345,22.0,487.0,22365.0,21.261883403652618,0.49199268792921713,0.4944942714164352
103,10.0,3.0,0.5671867262292922,21.0,448.0,17416.0,20.249981365758224,0.4906728223293608,0.4920014666915977
104,10.0,4.0,0.6237399558335994,25.0,478.0,24722.0,23.274965712562448,0.5037545279107145,0.49785849381898906
105,10.0,5.0,0.6103349152872789,14.0,481.0,20869.0,34.84993815012935,0.4964664223315699,0.4944044257903487
106,10.0,6.0,0.637020761285076,27.0,455.0,24608.0,25.58690615796499,0.5072389148000709,0.4979824215149943
107,10.0,7.0,0.5901515459823257,30.0,462.0,26293.0,14.60764558710461,0.4903454929447648,0.49547409150089816
108,10.0,8.0,0.5966459253136392,33.0,486.0,22235.0,14.916655127325539,0.4943910090555187,0.49528064618974255
109,10.0,9.0,0.578490338509308,23.0,475.0,23605.0,19.508315734045254,0.49783517473946826,0.4947972891601662
110,11.0,0.0,0.5663974384900261,18.0,469.0,19914.0,24.937473203154124,0.49052765092286477,0.49354701425473246
111,11.0,1.0,0.5862952574916593,24.0,520.0,24887.0,20.687481523455983,0.4955326273880537,0.4948748875964508
112,11.0,2.0,0.6143603370137483,26.0,503.0,22565.0,23.633298765142456,0.49723578868545704,0.4949583410964863
113,11.0,3.0,0.6755752379041418,24.0,428.0,22659.0,19.899137514327787,0.5183672893507556,0.499429339243724
114,11.0,4.0,0.5872247625685434,23.0,489.0,23259.0,20.20831497571279,0.5013874610432059,0.49544760322429693
115,11.0,5.0,0.5918801533469965,21.0,459.0,21456.0,20.730749437889855,0.4935785542755473,0.4941958323198802
116,11.0,6.0,0.5955834579105361,16.0,442.0,17641.0,26.909052809979265,0.48590469865182206,0.4927139358642506
117,11.0,7.0,0.5982695885852573,23.0,504.0,24131.0,20.999980750019397,0.49915496315860286,0.4954820581319468
118,11.0,8.0,0.6647331108107162,22.0,451.0,18264.0,29.24994194458121,0.5076018681977967,0.49498700874814394
119,11.0,9.0,0.5932392902387369,24.0,396.0,19564.0,15.843735761733068,0.4916939173388817,0.4924202173277189
120,12.0,0.0,0.6231408785171657,21.0,476.0,22204.0,25.18746363287648,0.4977360706695724,0.4959603045134461
121,12.0,1.0,0.5722806988018472,20.0,513.0,25422.0,24.654733738699846,0.49361583094521855,0.4959386731188685
122,12.0,2.0,0.676380291560224,25.0,460.0,23842.0,20.984103602952388,0.5169227357910606,0.4996056399680544
123,12.0,3.0,0.5959371070481035,20.0,452.0,20467.0,21.604372957398333,0.4918261423063853,0.49436173404861017
124,12.0,4.0,0.5785752640856954,24.0,505.0,25248.0,20.483173185179727,0.4955573105538159,0.4954681988416577
125,12.0,5.0,0.5493374460129077,29.0,478.0,24743.0,15.791653633445637,0.49174569610887753,0.4954833007518752
126,12.0,6.0,0.5605938360719473,29.0,475.0,23553.0,15.280292645018207,0.49737869704626614,0.49543686167336654
127,12.0,7.0,0.6007684150358609,31.0,468.0,24944.0,16.580340476742823,0.49261606026413673,0.49548729523046786
128,12.0,8.0,0.5694481016781797,18.0,456.0,20220.0,25.33330518521646,0.4893739537317008,0.49435276546236695
129,12.0,9.0,0.5731412525340345,13.0,496.0,21851.0,36.51382592219386,0.49213202463990613,0.494620808359575
130,13.0,0.0,0.5518439850189855,26.0,482.0,21092.0,17.47271434601529,0.49121967590931914,0.493786472720527
131,13.0,1.0,0.5924834071707816,15.0,483.0,21124.0,32.69312525063507,0.4900237616373577,0.4933798281807664
132,13.0,2.0,0.6143283116805034,30.0,411.0,20921.0,13.399990175008037,0.5023844949233716,0.49540121318330743
133,13.0,3.0,0.6002414407455903,33.0,462.0,24150.0,14.89248697738904,0.5108089315509856,0.4967895633282402
134,13.0,4.0,0.5950733473930213,22.0,496.0,22513.0,22.79164026913398,0.49173623718019777,0.4951467607370409
135,13.0,5.0,0.6132087985008032,21.0,502.0,21803.0,24.333304444484817,0.5012543347942121,0.4951816751430227
136,13.0,6.0,0.5815532996153631,28.0,451.0,22253.0,17.58331311871643,0.4964193765228099,0.49526777319515713
137,13.0,7.0,0.6915489754613298,21.0,460.0,19863.0,66.46021956176963,0.5180064588386901,0.49999895675938166
138,13.0,8.0,0.5954857116088053,24.0,474.0,23219.0,18.999982890642237,0.49962597277896026,0.49513931875632833
139,13.0,9.0,0.6748116997818556,24.0,440.0,23425.0,24.69469761336951,0.5240046766226847,0.4998048386422923
140,14.0,0.0,0.5697278744453547,14.0,475.0,20426.0,32.89994422511297,0.49202117279064594,0.4945830832481459
141,14.0,1.0,0.5729264024423297,23.0,481.0,24132.0,20.053551720366954,0.498706156947171,0.49533630086766856
142,14.0,2.0,0.5524182135029593,26.0,481.0,24546.0,17.179725086730453,0.5014572350708613,0.4952876265347208
143,14.0,3.0,0.547657696312328,24.0,502.0,23976.0,20.139843891157007,0.4879743526401832,0.49548215534373696
144,14.0,4.0,0.5844353332165723,26.0,472.0,23945.0,17.55554024692903,0.4927045211908334,0.495189383677508
145,14.0,5.0,0.5671962664802263,33.0,503.0,27067.0,14.261896065765367,0.49236296612789043,0.4954987122724236
146,14.0,6.0,0.6150830443959578,29.0,495.0,25000.0,17.627960493391036,0.497194452019181,0.49596084485319203
147,14.0,7.0,0.5726542369793483,25.0,520.0,24187.0,23.74997775002125,0.4924120877020729,0.4950099794376882
148,14.0,8.0,0.5651605244276714,27.0,483.0,21621.0,17.124985468764546,0.49486626251442356,0.49423097781533765
149,14.0,9.0,0.577727840455704,23.0,465.0,22031.0,19.840892133278977,0.49215348936383063,0.49456463856642674
150,15.0,0.0,0.6695868349707625,28.0,444.0,21569.0,18.857122040843148,0.508542476308262,0.49545613264538657
151,15.0,1.0,0.6110471926998823,30.0,463.0,26742.0,20.379969608056637,0.5016070255928156,0.4980674829738676
152,15.0,2.0,0.5803336155324652,17.0,483.0,17624.0,34.14277644582357,0.4865028079297521,0.49318190572738707
153,15.0,3.0,0.5917711780882613,24.0,513.0,24194.0,22.194418873493063,0.49527069019514447,0.49542762729689027
154,15.0,4.0,0.5935103621862738,23.0,474.0,23319.0,21.112720726197274,0.49830186693404943,0.49549229874110623
155,15.0,5.0,0.5962747794168932,19.0,462.0,19335.0,23.82775314138356,0.48800250672983125,0.49176668610330654
156,15.0,6.0,0.5628805161359494,30.0,503.0,24441.0,16.281239422439935,0.49289109873835624,0.4954259868733202
157,15.0,7.0,0.6043512454542156,34.0,465.0,26794.0,13.333983365392578,0.5117501491148493,0.49783182303248863
158,15.0,8.0,0.5777410616484561,30.0,499.0,21912.0,16.590894987101393,0.49208525600908304,0.49525869611843865
159,15.0,9.0,0.6720793875419344,25.0,440.0,23649.0,21.556989567986424,0.515781863758368,0.4985146600794337
160,16.0,0.0,0.5665766710866424,21.0,449.0,18251.0,20.2916479977027,0.48744032058815845,0.4916390031856043
161,16.0,1.0,0.6207038235701845,22.0,516.0,26669.0,26.541138128787736,0.4993930343434797,0.4978614280583997
162,16.0,2.0,0.5844353332165723,30.0,472.0,23824.0,14.99998930000855,0.49459863079232547,0.49524491212683175
163,16.0,3.0,0.5467620088976509,18.0,474.0,21931.0,25.12304381307079,0.489327467477483,0.49541444202305784
164,16.0,4.0,0.5919357415558155,22.0,484.0,24555.0,20.901766264369034,0.4947252956757431,0.4954456422097393
165,16.0,5.0,0.5927283050129112,29.0,504.0,24583.0,16.90832009214157,0.49918308990775595,0.49549859422937004
166,16.0,6.0,0.6215141968039921,26.0,460.0,22808.0,21.92377714110239,0.49468006798581454,0.4959379232201937
167,16.0,7.0,0.573226924619372,17.0,492.0,19917.0,34.333252936751606,0.4880145478378215,0.4940204398234118
168,16.0,8.0,0.5365625181596358,23.0,461.0,22338.0,18.42915055244608,0.49141642476430014,0.49500607179423073
169,16.0,9.0,0.6137160360344804,19.0,412.0,16939.0,21.294422378417984,0.47652739126359367,0.4882543407946123
170,17.0,0.0,0.5749426802706131,29.0,508.0,27761.0,16.76387599152381,0.490899072296219,0.4954983197863204
171,17.0,1.0,0.5396566319768766,24.0,508.0,25858.0,19.53331742223604,0.49955835325603015,0.49548525018667366
172,17.0,2.0,0.6010373898577241,19.0,516.0,23704.0,28.007103694964247,0.5011394862114531,0.4954327378207728
173,17.0,3.0,0.550810145426038,23.0,513.0,23694.0,20.97319411752907,0.4885375044908946,0.4954781406505986
174,17.0,4.0,0.5910709135968308,31.0,464.0,24403.0,14.780291606606687,0.5028142470147446,0.4954916603371037
175,17.0,5.0,0.5227484962317047,26.0,466.0,25893.0,16.75756347292013,0.49510580590189723,0.4954959660470165
176,17.0,6.0,0.6619685945193049,33.0,471.0,25748.0,22.94996272507147,0.5160429514937634,0.4998662735144652
177,17.0,7.0,0.6139565252308401,26.0,461.0,24880.0,17.666650775479386,0.5023102443771916,0.49594783529944675
178,17.0,8.0,0.5993546881315166,27.0,481.0,27430.0,19.666643611144906,0.5082297333212313,0.49812180410775286
179,17.0,9.0,0.6039476352526132,15.0,476.0,19914.0,32.69312445518324,0.4938721270851578,0.493781786709763
180,18.0,0.0,0.5896683171746364,27.0,499.0,25664.0,18.12498421876611,0.49799262997481686,0.4954450353764751
181,18.0,1.0,0.6094631148374022,34.0,486.0,22637.0,16.671940537241007,0.5064508088644557,0.49546932812207944
182,18.0,2.0,0.5843989824534288,24.0,461.0,22216.0,18.144429261741948,0.49178335597683487,0.4949201202801006
183,18.0,3.0,0.6417408652910871,25.0,431.0,19791.0,25.13685560456649,0.5039380129236959,0.49546180319897004
184,18.0,4.0,0.574239294069977,23.0,494.0,25101.0,23.038857456227568,0.49895380918221177,0.49547794015198765
185,18.0,5.0,0.6812398389709162,24.0,461.0,21708.0,54.795208048740655,0.505030337702852,0.4959373038867422
186,18.0,6.0,0.6791307466794145,15.0,449.0,16832.0,29.732103306813052,0.5103436681539903,0.4954635841081507
187,18.0,7.0,0.5571375101783407,18.0,481.0,21092.0,25.761504121948953,0.48879263759691804,0.4954394651599846
188,18.0,8.0,0.5885790901731895,27.0,472.0,23574.0,18.97616854311584,0.4977413354704945,0.4954866843728336
189,18.0,9.0,0.563453403458071,22.0,490.0,23078.0,21.019026912495022,0.49626887027796607,0.4947531659007347
190,19.0,0.0,0.6481317483630342,28.0,450.0,24061.0,22.14779172709654,0.5137010879508417,0.4977303434409076
191,19.0,1.0,0.6123832439367932,20.0,444.0,21941.0,21.494482649465063,0.49349695238035385,0.49465480815846596
192,19.0,2.0,0.5966915958005322,23.0,500.0,23663.0,21.330335660898797,0.5036689180212356,0.4954230271821076
193,19.0,3.0,0.5634910538806364,16.0,474.0,20463.0,28.22218816582653,0.49190670308625095,0.49368581774198617
194,19.0,4.0,0.6061715908056506,19.0,550.0,25590.0,28.423042943833316,0.4904118158968286,0.49542500443421633
195,19.0,5.0,0.5782326183617164,26.0,483.0,24911.0,18.57690878699324,0.4923346875086333,0.49545369818532403
196,19.0,6.0,0.5611430438883753,28.0,462.0,24770.0,15.989732476273371,0.496262941896789,0.4954244653933222
197,19.0,7.0,0.6055795991486262,21.0,473.0,21256.0,27.198480195829987,0.5009437731979214,0.4953640168859924
198,19.0,8.0,0.6119606764144517,14.0,385.0,15000.0,29.666620243129152,0.4531895535396059,0.4692659504998482
199,19.0,9.0,0.5931160819386612,26.0,464.0,24647.0,18.075170078601296,0.49181983987792954,0.49546155582847295
200,20.0,0.0,0.5988280718842278,20.0,468.0,19536.0,23.095210963755925,0.4934264160314725,0.4943254133216415
201,20.0,1.0,0.5857698129898975,24.0,488.0,24375.0,19.3285557224621,0.4879419060778448,0.4954706836754532
202,20.0,2.0,0.6167087398831477,22.0,469.0,21876.0,21.11902570297365,0.5026898193726661,0.4954335912170621
203,20.0,3.0,0.5871701686916475,21.0,511.0,26633.0,25.59371475396678,0.49741513717417374,0.49671029393562893
204,20.0,4.0,0.5924834071707816,27.0,483.0,21686.0,17.166652962975206,0.49028442877489886,0.4946280826431291
205,20.0,5.0,0.6163826841968236,22.0,437.0,19326.0,19.671408164649876,0.4916138577507323,0.49396792430942715
206,20.0,6.0,0.6271168553603401,24.0,487.0,25810.0,24.310490531366753,0.49617022304630287,0.49636799904378615
207,20.0,7.0,0.5766465275473182,19.0,520.0,25416.0,27.378534258225045,0.49335113600249025,0.49639900246551305
208,20.0,8.0,0.5735516930114064,17.0,549.0,25672.0,30.514250822490126,0.4929010255688363,0.49535132484663047
209,20.0,9.0,0.594680085457602,17.0,479.0,19882.0,27.54857932970499,0.48630742008905525,0.49297663501393774
210,21.0,0.0,0.5651839687080835,23.0,479.0,23625.0,19.81921412752899,0.49320020320149816,0.49455949879688077
211,21.0,1.0,0.6180308162872417,21.0,473.0,19153.0,24.818714413343642,0.4950672017214902,0.49414735446430746
212,21.0,2.0,0.6533711157207152,15.0,489.0,19411.0,99.17768345268315,0.49281753248038007,0.4948689028526785
213,21.0,3.0,0.5813449278693484,26.0,470.0,22400.0,17.049986981260503,0.4903017654192434,0.49518285324091016
214,21.0,4.0,0.583258840128597,27.0,500.0,26295.0,21.7954237748491,0.49422791320348414,0.49549915348797546
215,21.0,5.0,0.6205364874600585,16.0,449.0,16734.0,28.045413776927113,0.4853536507316879,0.49159817346185763
216,21.0,6.0,0.5733432888383475,25.0,438.0,21399.0,19.499973150047627,0.49685501024520573,0.4950090252648979
217,21.0,7.0,0.605797499372304,24.0,476.0,21643.0,19.882332842337224,0.4969242360405096,0.49536578422477817
218,21.0,8.0,0.5759864591940859,34.0,468.0,26612.0,15.174588257346429,0.5025106439735417,0.49638514249150234
219,21.0,9.0,0.6138915426848554,27.0,471.0,23712.0,21.754513466174444,0.5010920597016968,0.4954543942457875
220,22.0,0.0,0.6555952433344769,19.0,448.0,21915.0,29.874942729298233,0.5137218489217994,0.49865359031320866
221,22.0,1.0,0.5868097061961794,28.0,519.0,25847.0,18.299984193766225,0.494738080379864,0.4953028792521814
222,22.0,2.0,0.5688499984241656,26.0,457.0,20179.0,16.756930056920204,0.48846002272613454,0.4953469983083386
223,22.0,3.0,0.6052754088890757,24.0,494.0,25596.0,23.684176692581318,0.4980580474332835,0.49550190148664175
224,22.0,4.0,0.6076934238709566,20.0,486.0,22190.0,24.214256989835484,0.4951144540455027,0.49548763280002994
225,22.0,5.0,0.578120694363093,20.0,453.0,19877.0,21.892831981326363,0.491926775841411,0.49364042648169615
226,22.0,6.0,0.6700432870497045,16.0,453.0,22177.0,40.24348271894207,0.5156912357269244,0.4997138348742811
227,22.0,7.0,0.6093368159380882,24.0,446.0,20108.0,24.449954525105866,0.5078275406492068,0.49440544125827757
228,22.0,8.0,0.6439875091243079,24.0,447.0,23266.0,26.574948212622147,0.5162730984621267,0.49713503478772814
229,22.0,9.0,0.5913886864871765,22.0,485.0,20918.0,20.96151977319277,0.49198734693437063,0.4939498489788948
230,23.0,0.0,0.5784524108094168,22.0,509.0,23632.0,22.333313597239794,0.4984843672707985,0.49542740417137343
231,23.0,1.0,0.586505642849426,25.0,483.0,25558.0,20.236818910467093,0.49448427024107855,0.4954990312083185
232,23.0,2.0,0.553072202982407,24.0,484.0,22565.0,18.733317955569017,0.4965467165665274,0.4951192610245285
233,23.0,3.0,0.550599168861555,36.0,480.0,27318.0,12.523802829935647,0.4946824786243177,0.49548889616493597
234,23.0,4.0,0.5599754839969876,24.0,468.0,21459.0,18.1777627950749,0.4934177085582935,0.49408641421479826
235,23.0,5.0,0.6056978585969331,30.0,517.0,24799.0,17.795438899809945,0.49515922980017624,0.4954910265324469
236,23.0,6.0,0.5821859895618183,30.0,502.0,24394.0,17.621100768124272,0.497635989021593,0.4951581803791568
237,23.0,7.0,0.5927977833051978,19.0,486.0,20289.0,24.79484255099277,0.4903711739123007,0.49477610149770235
238,23.0,8.0,0.6023791656706181,16.0,472.0,20101.0,28.166630888937355,0.4910163133575629,0.49298485749608156
239,23.0,9.0,0.6281601318992698,27.0,488.0,25404.0,23.22269245337014,0.4977716077250781,0.4963885031956411
240,24.0,0.0,0.5908422462755826,25.0,450.0,21275.0,17.37130814096491,0.4922881570974109,0.49492989894009587
241,24.0,1.0,0.5928053957353419,19.0,511.0,23250.0,26.070482071869222,0.4966068473117359,0.4954922373959848
242,24.0,2.0,0.6330324698194936,31.0,472.0,27377.0,25.245319758781022,0.5053289830394827,0.49867789222672265
243,24.0,3.0,0.5238085754145295,33.0,501.0,26589.0,13.971729975337873,0.4984314981472543,0.4959803394957564
244,24.0,4.0,0.588519680313641,21.0,483.0,21836.0,26.919070029302972,0.5013170289532614,0.4953922845326514
245,24.0,5.0,0.5652078053028136,23.0,475.0,23704.0,19.333316069461425,0.4906381219759348,0.495394302070286
246,24.0,6.0,0.6466945834809077,19.0,496.0,21789.0,52.74977816284924,0.505575753784316,0.49548298417646053
247,24.0,7.0,0.6078271324670219,26.0,479.0,23678.0,22.223777303006464,0.49737727067225923,0.49549226801078794
248,24.0,8.0,0.6125835776505907,25.0,490.0,24400.0,32.439308184389546,0.4982070486940934,0.4954952104181992
249,24.0,9.0,0.6129717133766527,19.0,519.0,23337.0,31.691609559850242,0.49604185985484806,0.4954893604337691
