,round,tube,sp_div_H,tot_pop_0,tot_final_pop,tot_auc,mean_fc,deg_score,nut_score
0,0.0,0.0,0.8828131486358365,40.0,421.0,40301.0,10.524989475010525,0.25431708664742914,0.8944832659654577
1,0.0,1.0,0.10019168785714822,40.0,820.0,86131.0,20.4999795000205,0.1991596594594066,0.3578490649450192
2,0.0,2.0,0.7304580855109494,40.0,1198.0,120526.0,29.94997005002995,0.3848350657965831,0.9997308948224628
3,0.0,3.0,1.1267068646106326,40.0,474.0,35601.0,11.84998815001185,0.5139166217273821,0.9997942858161238
4,0.0,4.0,0.6695160936954263,40.0,766.0,83228.0,19.14998085001915,0.2062886168343666,0.987962167825246
5,0.0,5.0,0.6287651928227371,40.0,916.0,95997.0,22.899977100022898,0.22421814888615899,0.9955336849879702
6,0.0,6.0,0.6519745534828227,40.0,1124.0,122778.0,28.099971900028102,0.3440739277992403,0.9999427938678893
7,0.0,7.0,0.655578985610973,40.0,251.0,24319.0,6.274993725006276,0.20653769921813814,0.5565302732902897
8,0.0,8.0,1.355027010616795,40.0,800.0,59320.0,19.999980000020003,0.5267043409486972,0.9997055060426276
9,0.0,9.0,0.7800869683454305,40.0,1151.0,104980.0,28.77497122502878,0.3901198526369518,0.9831844190659695
10,0.0,10.0,1.3823105100768343,40.0,433.0,42585.0,10.824989175010826,0.3552300209887457,0.604157943447297
11,0.0,11.0,0.7008360262760112,40.0,346.0,31992.0,8.64999135000865,0.2738286419716819,0.9329840053970904
12,0.0,12.0,0.8452680368375065,40.0,910.0,90249.0,22.749977250022752,0.36723501343216713,0.9997569225149979
13,0.0,13.0,0.7457497278992692,40.0,1190.0,106249.0,29.74997025002975,0.38118125610105047,0.9493533213635563
14,0.0,14.0,1.0722610509515462,40.0,653.0,44538.0,16.324983675016323,0.5119963202931277,0.9996669548308561
15,0.0,15.0,0.7487217020036296,40.0,1170.0,116337.0,29.249970750029252,0.4012546842795909,0.9997071118876159
16,0.0,16.0,0.7037735835643425,40.0,1316.0,112545.0,32.8999671000329,0.4198064393036254,0.9396481022597265
17,0.0,17.0,0.9059734513363082,40.0,870.0,50951.0,21.74997825002175,0.3820817911135873,0.9185322204397212
18,0.0,18.0,1.0738432984448327,40.0,486.0,52689.0,12.149987850012149,0.358957546927374,0.5101693567898433
19,0.0,19.0,0.23906525292034703,40.0,798.0,79574.0,19.949980050019953,0.21950354412328532,0.32635176461905746
20,0.0,20.0,0.32621274423168756,40.0,767.0,82547.0,19.174980825019176,0.18090385864174263,0.31041160696098
21,1.0,0.0,1.037444981422376,83.0,1276.0,118638.0,12.134816429071465,0.4403944560912343,0.9930887384516335
22,1.0,1.0,0.7284650817977911,52.0,1085.0,115005.0,11.456655050313925,0.39259990578498183,0.9998457979422012
23,1.0,2.0,1.036511334783325,69.0,1066.0,106585.0,10.905747717590348,0.4314543950630555,0.9997934216378156
24,1.0,3.0,0.7670418533094728,65.0,1191.0,124117.0,10.895722184184029,0.40571699343171075,0.9997423187597809
25,1.0,4.0,0.6538734068119499,59.0,1163.0,121552.0,9.710730612545152,0.39170996909984823,0.9997747958004884
26,1.0,5.0,0.7520175083771939,45.0,1108.0,113177.0,14.682773106935258,0.3721479570288928,0.6865912117824778
27,1.0,6.0,0.8221408312352493,47.0,1172.0,114076.0,16.73669280188904,0.41530807605980213,0.9997876606558451
28,1.0,7.0,0.6790058310181708,37.0,1192.0,119357.0,20.757048760174698,0.38596393465414536,0.9996836297236986
29,1.0,8.0,0.9229747746914092,54.0,1088.0,110745.0,15.053320663624003,0.42570037682298356,0.9997344428431787
30,1.0,9.0,0.8134650513873033,42.0,1163.0,110643.0,22.666602847504745,0.3979649764693144,0.9997430475094534
31,1.0,10.0,0.6372766025259247,50.0,1191.0,122833.0,18.44615780017687,0.36979178029571935,0.7236674902576483
32,1.0,11.0,0.7523730673857139,71.0,1121.0,118469.0,9.794434622572208,0.40877239234742324,0.9996923118671842
33,1.0,12.0,0.7560084377395442,48.0,1127.0,119524.0,16.959805902181373,0.3891639899520828,0.9997598319255855
34,1.0,13.0,0.7007676147786099,46.0,1281.0,125080.0,16.30189121863405,0.4010187829930264,0.9999133666233809
35,1.0,14.0,0.793841346162261,60.0,1195.0,118399.0,13.851389634262302,0.3921990333776575,0.9998456696658198
36,1.0,15.0,0.7192493347546095,38.0,1205.0,117117.0,15.624977938248605,0.3786371901910538,0.999704001780245
37,1.0,16.0,0.7771120138205032,51.0,1236.0,122685.0,14.46700190446952,0.4188448660767551,0.9998021363076223
38,1.0,17.0,0.6596210779192638,47.0,1250.0,124833.0,14.595926572297515,0.3767619704827372,0.9997823937931826
39,1.0,18.0,0.6757137570053949,46.0,1190.0,121816.0,17.19569122479123,0.3888182142522887,0.9996529786232459
40,1.0,19.0,0.7665680402782686,49.0,1110.0,115887.0,15.950839079062403,0.38862860181170256,0.9998071885565498
41,1.0,20.0,1.0969411472035677,65.0,1069.0,103319.0,13.779441534068383,0.40703398642473054,0.9998362207470864
42,2.0,0.0,0.6977791056336748,68.0,1145.0,118646.0,12.076389743396751,0.38810769732945183,0.9996951406384561
43,2.0,1.0,0.7222429320847452,53.0,1204.0,120326.0,17.598587951825962,0.3890318877814122,0.9997131820540813
44,2.0,2.0,0.5720216227993025,59.0,908.0,106022.0,11.807504318863117,0.30809176487137213,0.5882148139861252
45,2.0,3.0,0.5807983594820992,74.0,1065.0,115413.0,6.268723343348594,0.35621110253261534,0.667099568045304
46,2.0,4.0,0.7271128344975062,65.0,1007.0,106805.0,13.93186113886474,0.3856648903057349,0.8460423524731226
47,2.0,5.0,0.7499976467430083,55.0,1193.0,115924.0,16.77440876133044,0.38837229608433244,0.9998983090626594
48,2.0,6.0,0.6583972444379427,44.0,1084.0,108691.0,20.98566382571069,0.38166262033662857,0.8569799164198111
49,2.0,7.0,0.6785321265837698,50.0,1169.0,115659.0,13.504841362378375,0.39359908391555143,0.9998049835430743
50,2.0,8.0,0.6847175314104463,69.0,1108.0,112338.0,19.950406366963957,0.39497699100566863,0.9997062912715802
51,2.0,9.0,0.9503764210034009,114.0,925.0,109858.0,4.5042365500374935,0.3598383782725837,0.99990359490224
52,2.0,10.0,0.766948952198493,49.0,1091.0,106597.0,15.940446826901404,0.4005541821392661,0.9996990417166508
53,2.0,11.0,0.8412220145876543,71.0,1126.0,110266.0,19.133289399962223,0.4189163017091344,0.9997689887886946
54,2.0,12.0,0.7721803546791313,62.0,1173.0,114683.0,10.783353181978198,0.4072878483876645,0.9997765621826965
55,2.0,13.0,0.6954954834464636,46.0,1131.0,116632.0,14.58158303141525,0.39110844291831204,0.9997787698452497
56,2.0,14.0,0.8019778375381067,55.0,1107.0,109119.0,16.673563898936404,0.4030555119567647,0.9998526405490493
57,2.0,15.0,0.6389899014381993,50.0,1036.0,109365.0,9.798909502568636,0.38069569688095173,0.7485678191447747
58,2.0,16.0,0.6980361149532739,46.0,1174.0,118268.0,19.25448463363284,0.3944763010078213,0.9997253352072402
59,2.0,17.0,0.6844966840659489,41.0,1178.0,119602.0,15.55592666774047,0.37983408185691914,0.9997608752637307
60,2.0,18.0,0.7281601423614844,72.0,995.0,111263.0,8.179727556338259,0.368866552350283,0.9997666155292694
61,2.0,19.0,0.6062060045952493,51.0,1204.0,116554.0,16.08437082673117,0.39290069824858065,0.9364805508917428
62,2.0,20.0,0.7264005523699972,59.0,1136.0,118719.0,11.269510014066444,0.38888971285320584,0.9996905024605439
63,3.0,0.0,0.6552943664462524,49.0,1127.0,116553.0,24.791625993838306,0.3728956274458888,0.9997810571939647
64,3.0,1.0,0.6217528480764873,63.0,1133.0,118276.0,14.564805244911476,0.37936515216475586,0.999894156994756
65,3.0,2.0,0.7056281659055408,78.0,1005.0,108918.0,14.741907539170128,0.36254368584193,0.6567811210719392
66,3.0,3.0,1.2112031706159665,82.0,1058.0,107155.0,9.772768599544243,0.4225097293039831,0.9999020575524377
67,3.0,4.0,0.6761267600965754,56.0,1151.0,118249.0,15.770910918420515,0.37898492070734646,0.9998585171420864
68,3.0,5.0,0.7697928405980501,63.0,1131.0,113961.0,11.713550253271361,0.387409051593157,0.9997957735945086
69,3.0,6.0,0.7216336432320118,50.0,1146.0,111490.0,20.093049245957403,0.39712269636941444,0.9997320047886136
70,3.0,7.0,0.6919646941593975,60.0,1090.0,113858.0,14.699974051978502,0.3966234758237662,0.9998435953470054
71,3.0,8.0,0.6838085887115292,42.0,1157.0,114208.0,33.13564038405622,0.3797523233394928,0.9996723968594416
72,3.0,9.0,0.837103399838302,83.0,1119.0,115421.0,9.719029260346996,0.41082826181141086,0.9996642507768544
73,3.0,10.0,0.681412556451379,54.0,1131.0,118996.0,23.269897140969576,0.38913548413741994,0.9997081161364684
74,3.0,11.0,0.6653506911512221,64.0,1114.0,112932.0,17.21498218271954,0.38745302709480367,0.9997398200301241
75,3.0,12.0,0.6824389719190498,56.0,1159.0,118208.0,26.485412612956498,0.3803913953280674,0.999667600239878
76,3.0,13.0,0.6999888038773123,53.0,1099.0,110707.0,19.20432175973936,0.36923323727960766,0.9997634939347708
77,3.0,14.0,0.6855388076085275,40.0,1108.0,113878.0,31.9922907447244,0.38339561267536637,0.9996851357795309
78,3.0,15.0,0.725991958583124,44.0,1146.0,115081.0,22.635980796593262,0.389804585086999,0.9997738738250529
79,3.0,16.0,0.705286160778433,58.0,1167.0,120061.0,11.679984655070554,0.39391879068368874,0.9998094731335698
80,3.0,17.0,0.6984857514305709,55.0,1144.0,118185.0,20.755169665089657,0.38939259904994583,0.9997352734707389
81,3.0,18.0,0.5861415205327589,53.0,1126.0,116267.0,37.80655351712391,0.3590111947076775,0.9997585644837262
82,3.0,19.0,0.6831235846122602,56.0,1144.0,115104.0,16.46211190370268,0.38891487041862793,0.9998687910175555
83,3.0,20.0,0.7061945054070574,50.0,1201.0,117188.0,25.052102932275478,0.39362748129367,0.999673422271875
84,4.0,0.0,0.7998211631165345,42.0,1131.0,107357.0,24.024939039271434,0.3933221177595835,0.9997814183342599
85,4.0,1.0,0.579352239503693,64.0,1065.0,112350.0,10.244363206138331,0.35744856578193474,0.6704435004948677
86,4.0,2.0,0.6264479060777313,69.0,1088.0,116542.0,26.950949700670876,0.369948289150029,0.9996961779166106
87,4.0,3.0,0.6098016018454824,48.0,1125.0,115899.0,15.039703002446434,0.37388371930276565,0.9996765331545044
88,4.0,4.0,0.662051319387775,51.0,1145.0,113979.0,16.488614029262376,0.37658820531814363,0.9997777126482658
89,4.0,5.0,0.8024560913056878,82.0,1034.0,106644.0,9.87853068732301,0.39793203668436605,0.7296920678882299
90,4.0,6.0,0.6924315571879015,50.0,1139.0,115653.0,18.34514045728231,0.3835366360511484,0.9997792278236575
91,4.0,7.0,0.6991317494797463,59.0,1076.0,111589.0,15.513864967456463,0.3719533668458874,0.9996594733961353
92,4.0,8.0,0.7225248503932238,48.0,1155.0,114824.0,14.400866471815515,0.3799794752606588,0.9998166269392266
93,4.0,9.0,0.6675994250289681,58.0,1082.0,113759.0,11.709498122905556,0.36905592348498584,0.7288099880088597
94,4.0,10.0,0.7608019913195037,72.0,1067.0,109155.0,29.649942098803447,0.38942322059639045,0.999703267252777
95,4.0,11.0,0.6688812993860839,54.0,1118.0,118738.0,13.015021571718824,0.39062064000063357,0.9997422166678113
96,4.0,12.0,0.7350891654022587,58.0,1131.0,116098.0,15.39648804265721,0.3985101839291957,0.9997742664025413
97,4.0,13.0,0.7420793743366871,63.0,1119.0,114808.0,12.162357077909917,0.38100845323329957,0.9997296309744688
98,4.0,14.0,0.6673233245365462,50.0,1048.0,111986.0,17.971897089383795,0.3193725612699012,0.950364325956746
99,4.0,15.0,0.7278760690362924,46.0,1088.0,109364.0,29.722241155449368,0.3781547313737018,0.9998371190856132
100,4.0,16.0,0.7451217134332754,51.0,1091.0,110505.0,13.348264462160842,0.393474537138479,0.9998903055013104
101,4.0,17.0,0.7237732946171705,62.0,1130.0,110223.0,19.05553530674131,0.3950725764008586,0.9997386443367867
102,4.0,18.0,0.7132168215238291,49.0,1140.0,113313.0,20.32878292559337,0.3817714897943888,0.9998048874349138
103,4.0,19.0,0.7143988637484291,56.0,1103.0,110971.0,16.34299353591665,0.39282422520370386,0.9996518927309019
104,4.0,20.0,0.7490575835669046,49.0,1143.0,114817.0,22.656043950848176,0.3724124648249125,0.9999018117482305
105,5.0,0.0,0.6693230799024138,55.0,1172.0,114724.0,17.287146045881794,0.38197317927117147,0.9998854817542413
106,5.0,1.0,0.6660888688834027,59.0,1087.0,114728.0,12.547747708483238,0.3895629205611133,0.9996596247056978
107,5.0,2.0,0.6427432417280445,58.0,1130.0,114727.0,17.990458376896033,0.3844298099736705,0.9997809973276917
108,5.0,3.0,0.6221527167610779,55.0,1133.0,114724.0,19.191782865919347,0.37017886498136665,0.9997354637557477
109,5.0,4.0,0.7110841972092019,46.0,1199.0,114715.0,21.27853214913493,0.3831528054433405,0.999708116439229
110,5.0,5.0,0.7286939537360209,68.0,1122.0,114737.0,13.160376657581534,0.3962074315736285,0.999749635704808
111,5.0,6.0,0.7044299033234829,51.0,1184.0,114720.0,29.60427223245276,0.3948122088775201,0.9997432414727759
112,5.0,7.0,0.7080008879921014,49.0,1145.0,114718.0,25.53671408808503,0.3742876400201405,0.9998521939773187
113,5.0,8.0,0.6549582477205573,56.0,1116.0,114725.0,20.068372996743406,0.382656345865664,0.9997363122618105
114,5.0,9.0,0.7386246557512642,66.0,1168.0,114735.0,12.101416479761074,0.4071904724027463,0.9998819693201906
115,5.0,10.0,0.6919044417128581,59.0,1124.0,114728.0,17.891217200547924,0.38345779046228456,0.999726127717303
116,5.0,11.0,0.7213485289427211,56.0,1123.0,114725.0,17.22308458933852,0.39449315959945686,0.9998393707341662
117,5.0,12.0,0.7450883800918833,78.0,974.0,114747.0,9.5983617941009,0.39527723539161375,0.9998495866377509
118,5.0,13.0,0.70502775958052,58.0,1103.0,114727.0,17.987541748068992,0.381896930525195,0.9997085846550738
119,5.0,14.0,0.6588198512162022,54.0,1177.0,114723.0,20.218910279440156,0.38078324448229073,0.9997318826912476
120,5.0,15.0,0.6490336362725464,42.0,1127.0,114711.0,25.67238858158511,0.38554867101644164,0.9996958621097196
121,5.0,16.0,0.5981900603713447,47.0,1144.0,114716.0,21.353677808583615,0.3624799322162183,0.999670911223023
122,5.0,17.0,0.7279897546790647,41.0,1128.0,114710.0,34.75482439420127,0.33204079828243327,0.8328409671622872
123,5.0,18.0,0.5849817396619182,60.0,1119.0,114729.0,10.927648577104648,0.3776041607641951,0.9996617416526219
124,5.0,19.0,0.6903330304088251,51.0,1137.0,114720.0,24.389853366161955,0.39385386634391084,0.9997612216620227
125,5.0,20.0,0.7342039920089385,53.0,1146.0,113078.0,20.492333697067664,0.39065701875502756,0.9996936866104229
126,6.0,0.0,0.6650086893779175,47.0,1138.0,115614.0,25.765747808653202,0.37129249805857134,0.9997907501899908
127,6.0,1.0,0.7009835340994138,60.0,1173.0,115627.0,17.719586616625907,0.3805312619247251,0.9996635110322012
128,6.0,2.0,0.6849600563954229,60.0,1107.0,115627.0,22.319965656066632,0.38276818130076473,0.9997321906196185
129,6.0,3.0,0.7006267323065031,53.0,983.0,115620.0,31.3899960824885,0.34262187393352894,0.9818366419786266
130,6.0,4.0,0.4950458781978563,54.0,973.0,115621.0,14.256471001885705,0.30839298221094413,0.5754677933731391
131,6.0,5.0,0.755635548966407,53.0,1132.0,115620.0,36.563825627686505,0.3916267430466801,0.9998440823009958
132,6.0,6.0,0.815770856033794,51.0,1065.0,115618.0,25.93258616787117,0.37792251007253486,0.9998649433164344
133,6.0,7.0,0.6737051489939982,48.0,1173.0,115615.0,24.45826248820949,0.35511808429187985,0.9998086098828731
134,6.0,8.0,0.6807881231087314,50.0,1107.0,115617.0,19.21850075387378,0.3861311018701874,0.9998266951797343
135,6.0,9.0,0.7174159073472135,53.0,1163.0,115620.0,20.707088881958352,0.3884248741727435,0.9997527785307639
136,6.0,10.0,0.6653127264116212,58.0,1121.0,115625.0,12.871940534292229,0.38950963253901894,0.9997905977094096
137,6.0,11.0,0.6312328039292768,46.0,1141.0,115613.0,24.08165744885696,0.36730811559528165,0.9997660127879101
138,6.0,12.0,0.7317931772934513,63.0,1065.0,115630.0,23.52561132183839,0.3905687302156968,0.999873708176049
139,6.0,13.0,0.724692284639511,55.0,1064.0,115622.0,27.910103978310264,0.39546479383688593,0.9997615562433553
140,6.0,14.0,0.7035715575707772,60.0,1151.0,115627.0,23.832183943820706,0.38522216330255654,0.9999779206600891
141,6.0,15.0,0.6333097392542995,41.0,1169.0,115608.0,20.62980139414119,0.38179654102012606,0.9998482283463896
142,6.0,16.0,0.6968975409201267,54.0,1127.0,115621.0,18.410579669992845,0.3744256502743494,0.9997700702307049
143,6.0,17.0,0.5981316011912899,56.0,1015.0,115623.0,18.407220270938353,0.33975753214542614,0.6405336631335528
144,6.0,18.0,0.741728302372029,53.0,1075.0,115620.0,23.96323060353417,0.39406284134387703,0.9999458454142067
145,6.0,19.0,0.6476333717608163,45.0,1103.0,115612.0,23.285681779542216,0.3721877328818829,0.9998267992373338
146,6.0,20.0,0.8107754960411707,95.0,1048.0,113989.0,7.579348813364635,0.39421025693847433,0.9998441935214464
147,7.0,0.0,0.5959653128159074,69.0,965.0,114884.0,15.051170781370558,0.3328264502542031,0.6216768661376095
148,7.0,1.0,0.6380371194164052,48.0,1103.0,114863.0,40.30283770508179,0.35374152486391663,0.9294887394237442
149,7.0,2.0,0.7513185283241939,64.0,1030.0,114879.0,10.916201606012715,0.35851949981796083,0.9998238937631202
150,7.0,3.0,0.6959093029923402,51.0,1105.0,114866.0,15.579775312259873,0.3792416967076294,0.9997749707243366
151,7.0,4.0,0.5440667434399071,49.0,1086.0,114864.0,19.029211579855016,0.30199952313270495,0.6795586390582682
152,7.0,5.0,0.6736345676248058,45.0,1122.0,114860.0,18.01891135393309,0.37604667952742354,0.9999774026696171
153,7.0,6.0,0.5271783212467303,55.0,1020.0,114870.0,15.890163877847975,0.30972882024530635,0.5752010050792866
154,7.0,7.0,0.6931034708102977,55.0,1107.0,114870.0,17.028443812014906,0.3892295048867084,0.9998198170678535
155,7.0,8.0,0.6267501300499905,48.0,1095.0,114863.0,27.360374178292094,0.3749108804611313,0.9997723537015816
156,7.0,9.0,0.669103843112123,66.0,1117.0,114881.0,16.249970772824405,0.3674748509373015,0.9999569600578003
157,7.0,10.0,0.7037227537178191,59.0,1150.0,114874.0,16.64727258127612,0.3852943158493829,0.9998634911665991
158,7.0,11.0,0.7187051673553884,52.0,1115.0,114867.0,20.30678611525065,0.3949935359402982,0.9997096111842803
159,7.0,12.0,0.6851877275783791,54.0,1136.0,114869.0,22.184983361332115,0.37898771144868815,0.9997406917389748
160,7.0,13.0,0.6693880758577221,39.0,1154.0,114854.0,32.553335493847655,0.3876089626486402,0.9998182735190501
161,7.0,14.0,0.7353506538816934,61.0,1117.0,114876.0,20.51662141957495,0.429619269859263,0.9998188687582933
162,7.0,15.0,0.6699208140251509,68.0,1024.0,114883.0,17.149067748056805,0.3961684185722013,0.9998176644814508
163,7.0,16.0,0.5735038166535407,37.0,1086.0,114852.0,27.477717729851758,0.3142173348213405,0.5931056238439372
164,7.0,17.0,0.6220108236678591,71.0,1096.0,114886.0,9.07406364475028,0.38186964917656485,0.9998283284701212
165,7.0,18.0,0.555446868056515,54.0,1053.0,114869.0,13.943004371425616,0.3280077732022828,0.6212420028936111
166,7.0,19.0,0.6812585531548128,36.0,1117.0,114851.0,36.01179884542356,0.38532335722480404,0.9997149580804373
167,7.0,20.0,0.6946289774743524,64.0,1051.0,113110.0,21.127127302442393,0.38020974895992343,0.9996967944904891
168,8.0,0.0,0.6501707960222038,51.0,1057.0,118528.0,17.51850277265402,0.3837959896147699,0.9996957549573627
169,8.0,1.0,0.6752801012285375,51.0,1134.0,118528.0,23.795086996378547,0.3873898083714513,0.99977975671244
170,8.0,2.0,0.6435142906232039,57.0,1070.0,118534.0,26.284383911804586,0.37002351796209043,0.9997752961333704
171,8.0,3.0,0.7025447324231815,76.0,1077.0,118553.0,17.232783583637545,0.3884478157916057,0.9997172778997958
172,8.0,4.0,0.7090841759105895,54.0,1116.0,118531.0,19.671408837271,0.389065470617742,0.9997597083665408
173,8.0,5.0,0.6692200594208608,60.0,1041.0,118537.0,22.473811742720965,0.36912597970191463,0.9997487917002502
174,8.0,6.0,0.6475427542214379,53.0,1184.0,118530.0,18.16212167933576,0.3800954987791666,0.9999125909503088
175,8.0,7.0,0.7104214621186388,70.0,1069.0,118547.0,11.217632294845695,0.3701331387568877,0.9998912604397675
176,8.0,8.0,0.68840146613417,53.0,1098.0,118530.0,23.626945726653048,0.38016512990833473,0.9998530604369377
177,8.0,9.0,0.604195208415639,48.0,1027.0,118525.0,24.72826774199524,0.31202612172580146,0.7455400025417889
178,8.0,10.0,0.7055272635519361,57.0,1157.0,118534.0,14.612753369490704,0.3790758684647406,0.9999325666628541
179,8.0,11.0,0.5916983522091614,56.0,1102.0,118533.0,17.686670780090363,0.3653121239785351,0.999690471575717
180,8.0,12.0,0.8671718308316915,97.0,1112.0,118574.0,9.020615356793238,0.4688194539940044,0.9998047148523284
181,8.0,13.0,0.6737168692547103,46.0,1121.0,118523.0,26.818267208903052,0.3819513078550175,0.9996949507758583
182,8.0,14.0,0.676950234579029,53.0,1131.0,118530.0,21.413645411941513,0.39977844246436567,0.9997422611170138
183,8.0,15.0,0.7346572153316385,49.0,1140.0,118526.0,13.97428280058505,0.3915746960028813,0.999814494420106
184,8.0,16.0,0.7603156658408573,69.0,1044.0,118546.0,11.354615554166289,0.3862843029232822,0.9997842768985618
185,8.0,17.0,0.7478005209267322,59.0,1137.0,118536.0,22.306305513327583,0.3936242482025031,0.9998721674004458
186,8.0,18.0,0.6202066162031721,42.0,1122.0,118519.0,20.506021895238156,0.3665713261992435,0.999810765580367
187,8.0,19.0,0.6946650348516747,51.0,1115.0,118528.0,20.029525542874836,0.37093791191623027,0.9997394303917283
188,8.0,20.0,0.6332003499666875,49.0,1134.0,116755.0,24.77217644595757,0.37172118536912635,0.9997598975171671
189,9.0,0.0,0.6500877100115349,69.0,1190.0,117883.0,12.662915076117361,0.38078015157183787,0.9997369709932014
190,9.0,1.0,0.7342408216270087,64.0,1155.0,120710.0,22.35413096796299,0.3926910739924441,0.9997343631309559
191,9.0,2.0,0.6457856569181355,44.0,1123.0,119092.0,21.741265560295048,0.3471240101050269,0.9997612150185645
192,9.0,3.0,0.6930592848200392,54.0,1158.0,115468.0,20.962012642453104,0.38788445955558715,0.9997636544377697
193,9.0,4.0,0.677524054511014,45.0,1112.0,116431.0,20.546015081138847,0.3540677998719498,0.999841426881428
194,9.0,5.0,0.34750977127149546,35.0,1050.0,109440.0,17.563477351682206,0.2620676510913823,0.5004641348804421
195,9.0,6.0,0.6960250715212559,61.0,1078.0,112089.0,14.612481644450256,0.3814590924029708,0.9998003625270653
196,9.0,7.0,0.6550724650712463,58.0,1124.0,115377.0,16.04998852084465,0.3763672442942376,0.999727317159314
197,9.0,8.0,0.6899532435878608,55.0,1173.0,116204.0,21.75914207633061,0.38749796112219403,0.9996674941587891
198,9.0,9.0,0.9235112677804534,81.0,1010.0,103870.0,9.71503280265359,0.41768836842053536,0.9998400855900441
199,9.0,10.0,0.6464789344688797,40.0,1135.0,113080.0,21.099965675076046,0.3766617376556981,0.9997869786643193
200,9.0,11.0,0.6755655067765062,58.0,1021.0,108735.0,13.32195576561277,0.32992577903606457,0.9999556674403958
201,9.0,12.0,0.6636469725154927,80.0,1096.0,116006.0,9.706638728228237,0.3728775116173981,0.999899030289228
202,9.0,13.0,0.6074252130119262,57.0,1097.0,112270.0,19.498138483694685,0.36554045350466624,0.9996616315822273
203,9.0,14.0,0.6898379348588782,37.0,1180.0,113096.0,45.67692730644618,0.35051219545106216,0.925879759886567
204,9.0,15.0,0.6332053415083848,45.0,1165.0,118503.0,27.887336370648416,0.3693687995844761,0.9997064522573238
205,9.0,16.0,0.6649291287265648,54.0,1100.0,113947.0,20.98506444551038,0.3826080230436002,0.9997802415288393
206,9.0,17.0,0.5921671827675958,47.0,1099.0,114219.0,18.37624669471304,0.3735541284168443,0.9996820403171383
207,9.0,18.0,0.5701526757792856,47.0,998.0,107776.0,15.611084726158467,0.3177634486550045,0.6110335250845085
208,9.0,19.0,0.6599517470191061,60.0,1040.0,111263.0,23.557643525362902,0.3626394307977161,0.9996909120852505
209,9.0,20.0,0.6720503896650915,41.0,1137.0,114975.0,22.90453730327519,0.3854539472957613,0.9997592319097456
210,10.0,0.0,0.6033475721439182,43.0,1097.0,107882.0,31.026938191256686,0.36275508665094525,0.9997513027237723
211,10.0,1.0,0.707407958804125,62.0,1077.0,107901.0,14.890194818367764,0.3818485995013433,0.999741664967835
212,10.0,2.0,0.6982609157387603,61.0,1107.0,107900.0,23.75883179370857,0.3934584575284753,0.9998245663083083
213,10.0,3.0,0.6597472579876332,62.0,1137.0,107901.0,19.711879347190052,0.373227678693703,0.9998117738424214
214,10.0,4.0,0.6920873326057474,64.0,1124.0,107903.0,18.32109112145498,0.392837036612941,0.9997638246859878
215,10.0,5.0,0.6748852843153257,56.0,1170.0,107895.0,19.905668842551083,0.3682864862923959,0.9998202800907182
216,10.0,6.0,0.7764726663584333,56.0,1169.0,107895.0,17.74740344198458,0.40010681180460494,0.9997156643606531
217,10.0,7.0,0.6972135449460454,40.0,1150.0,107879.0,24.988243891269846,0.39187167093999553,0.9997031414139904
218,10.0,8.0,0.5085451682403884,48.0,985.0,107887.0,21.472483482669688,0.3112455137367226,0.5835974989536874
219,10.0,9.0,0.6247330233053271,63.0,1135.0,107902.0,17.918495340211248,0.3656038321646935,0.9997803499925547
220,10.0,10.0,0.649874679299722,51.0,1131.0,107890.0,22.959315037086736,0.3745246906165145,0.9996931055428753
221,10.0,11.0,0.6749104189486276,49.0,1188.0,107888.0,19.622566539503598,0.37749842570971326,0.9999036541065324
222,10.0,12.0,0.7264183386730627,69.0,1140.0,107908.0,12.246084036942053,0.38740762160884445,0.9996761192904561
223,10.0,13.0,0.4970830659696776,53.0,1100.0,107892.0,15.731366655322708,0.3162616168172321,0.5901610929520131
224,10.0,14.0,0.7803751548544895,86.0,1108.0,107925.0,11.384260216096486,0.42418618838702427,0.9998214976032725
225,10.0,15.0,0.6763246375860488,41.0,1142.0,107880.0,25.02219136301471,0.38119371606076424,0.9997016196794893
226,10.0,16.0,0.6215950965609515,59.0,1076.0,107898.0,25.91148154479554,0.3632705825591809,0.9998067109690189
227,10.0,17.0,0.6896234091000101,52.0,1142.0,107891.0,15.966704722749379,0.37842760373459905,0.9997463664083689
228,10.0,18.0,0.6225687155736155,59.0,1152.0,107898.0,18.08107151366841,0.3855909944182525,0.9996764141464394
229,10.0,19.0,0.6624778890684879,41.0,1163.0,107880.0,28.74300258043928,0.37640181917819093,0.9998527755706663
230,10.0,20.0,0.8316945344531356,69.0,1045.0,106284.0,12.13390912963106,0.40335242380733727,0.9997956878606031
231,11.0,0.0,0.6271056845694464,57.0,1106.0,115146.0,15.000857453517066,0.3634957104831017,0.6845707177189513
232,11.0,1.0,0.6051714678012338,58.0,992.0,115147.0,15.003232646157521,0.34845318396558644,0.6655918600522817
233,11.0,2.0,0.6643933577070189,42.0,1082.0,115131.0,25.95601825658966,0.3942551705406452,0.9998600993649917
234,11.0,3.0,0.6280189381621949,51.0,1135.0,115140.0,14.590263516609266,0.37764849312707627,0.9997184702095215
235,11.0,4.0,0.6883313631049097,72.0,1034.0,115161.0,9.938642070721217,0.3786124346597016,0.7009708851531682
236,11.0,5.0,0.665726034860558,59.0,1084.0,115148.0,13.667445378341434,0.38478412577873955,0.999845098853581
237,11.0,6.0,0.8577909575531751,64.0,995.0,115153.0,16.524411098113784,0.3768151917425483,0.9997667173367939
238,11.0,7.0,0.7311965571388891,46.0,1184.0,115135.0,26.97853140331361,0.37898420720725257,0.999729343805333
239,11.0,8.0,0.6647538257149365,57.0,1088.0,115146.0,15.958307071384969,0.3804747677105903,0.9997028673687827
240,11.0,9.0,0.6898544115109037,48.0,1109.0,115137.0,23.760262529873206,0.3701915711625964,0.9997440333190935
241,11.0,10.0,0.7427968363326973,53.0,1122.0,115142.0,18.5475694539706,0.39162724957546413,0.9997387315981499
242,11.0,11.0,0.8795782835591307,105.0,1015.0,115194.0,6.953235642553963,0.39988547355477255,0.99989243563804
243,11.0,12.0,0.6317905753381369,50.0,1056.0,115139.0,16.964692084906954,0.3752036400497787,0.9997178502835548
244,11.0,13.0,0.6891806414036469,66.0,1133.0,115155.0,16.188098412413737,0.39155779923856115,0.9997601550339333
245,11.0,14.0,0.7088434315336078,52.0,1187.0,115141.0,26.13487901558284,0.3764850182740006,0.9998175578506928
246,11.0,15.0,0.6289528903425761,48.0,1097.0,115137.0,23.371330434557873,0.37016685622057677,0.999704346666737
247,11.0,16.0,0.7190140862523481,75.0,1032.0,115164.0,11.128179275348627,0.3608307469464067,0.9999438282047172
248,11.0,17.0,0.5838509753682694,53.0,1023.0,115142.0,14.886285571471525,0.31311588703480064,0.5933719746611582
249,11.0,18.0,0.6719467013043169,46.0,1084.0,115135.0,20.29396063707188,0.36699149775254425,0.999783976102062
250,11.0,19.0,0.6648954992298899,46.0,1170.0,115135.0,20.404446994620667,0.3980335534973676,0.9997447284290383
251,11.0,20.0,0.6658888666604146,56.0,1107.0,113436.0,17.758339140311023,0.373311569349453,0.9997120193594725
252,12.0,0.0,0.9074677602330121,88.0,1176.0,115990.0,10.110880862954698,0.4175738275845422,0.9998065639060042
253,12.0,1.0,0.693501319717693,65.0,1135.0,115967.0,15.686707589351084,0.3831460483279593,0.9998629609834672
254,12.0,2.0,0.70844487088411,60.0,1172.0,115962.0,21.803146172233216,0.3934292145482904,0.9997285125900145
255,12.0,3.0,0.6624294134003718,51.0,1108.0,115953.0,17.1343062959761,0.3725704204311062,0.9997901376021728
256,12.0,4.0,0.8335231822103829,53.0,1217.0,115955.0,30.350112287740274,0.4034852444716388,0.9998245645890316
257,12.0,5.0,0.6949931734385243,52.0,1116.0,115954.0,15.875918154812732,0.38076133576449667,0.999926533944816
258,12.0,6.0,0.6297777736439295,42.0,1173.0,115944.0,31.38591458090822,0.37298980022339057,0.9997027766951084
259,12.0,7.0,0.6813936332695565,51.0,1122.0,115953.0,27.44180722295268,0.39091992489343674,0.9997284599916425
260,12.0,8.0,0.722844091024792,37.0,1116.0,115939.0,40.033070991349646,0.3649939138573517,0.9777540035474397
261,12.0,9.0,0.5377134549203679,52.0,983.0,115954.0,14.109098424532862,0.32336285495856965,0.6072942432169262
262,12.0,10.0,0.7030829591846277,50.0,1110.0,115952.0,17.30414256879833,0.38421214156754324,0.9998312665661845
263,12.0,11.0,0.5846735467489005,52.0,1020.0,115954.0,15.90098838804625,0.33724667191418756,0.6491065370330127
264,12.0,12.0,0.721274141207628,55.0,1127.0,115957.0,23.0807760364054,0.39670654888870727,0.9998132977558616
265,12.0,13.0,0.6360462727596029,43.0,1029.0,115945.0,24.115646273907473,0.3770374875439849,0.9998668168727418
266,12.0,14.0,0.6864606430040566,52.0,999.0,115954.0,16.04092453245667,0.3610164494362932,0.999891954881536
267,12.0,15.0,0.673676479554337,60.0,1081.0,115962.0,14.337706480998811,0.3791958576151435,0.9999245693152786
268,12.0,16.0,0.7224649197071493,59.0,1126.0,115961.0,19.955532052713632,0.4003401109359064,0.9998414891545825
269,12.0,17.0,0.6966388610690033,58.0,1135.0,115960.0,17.16662465295606,0.3806929450714086,0.9997347658355765
270,12.0,18.0,0.6509979934966159,74.0,1017.0,115976.0,10.852799198254711,0.39019852522058396,0.9997951564673326
271,12.0,19.0,0.7049500250685228,48.0,1110.0,115950.0,15.782816957228015,0.37952789455179536,0.9997445472398524
272,12.0,20.0,0.6837113490990062,44.0,1143.0,114342.0,21.56956247130016,0.3921194383458009,0.9997195597207158
273,13.0,0.0,0.7117770113114972,51.0,1142.0,117725.0,18.13373931436848,0.39666601680412783,0.9997500338606671
274,13.0,1.0,0.7250641390527209,56.0,1173.0,117730.0,15.693156260217155,0.3757963265611819,0.9997171931228394
275,13.0,2.0,0.6883776931904708,63.0,1186.0,117737.0,14.32215799943949,0.37840314517313234,0.9997263674476795
276,13.0,3.0,0.5578575511693746,61.0,970.0,117735.0,13.47729667357002,0.29641524310350087,0.5655030915581218
277,13.0,4.0,0.6726607279641375,55.0,1157.0,117729.0,21.799387860421408,0.38309806622099096,0.9998231526306443
278,13.0,5.0,0.6673340992386898,75.0,1116.0,117749.0,12.891905734416088,0.39108239225035946,0.999825826379681
279,13.0,6.0,0.5044105331051012,62.0,942.0,117736.0,8.97824949826239,0.30642044893901477,0.5555230882554605
280,13.0,7.0,0.6066584629031527,53.0,1102.0,117727.0,12.703561607664,0.3531457466824467,0.6540416418284547
281,13.0,8.0,0.8000362263264182,62.0,1150.0,117736.0,16.515934504527948,0.3884209515397773,0.9997396893210576
282,13.0,9.0,0.5938151568670589,40.0,1101.0,117714.0,25.930508996361663,0.36495542243625134,0.999709953285109
283,13.0,10.0,0.677835994914137,52.0,1163.0,117726.0,16.866824981581683,0.372030061771245,0.9997810967510595
284,13.0,11.0,0.6835500148245053,56.0,1052.0,117730.0,17.942308360735097,0.36660546958776474,0.9997859406239908
285,13.0,12.0,0.7019168968193571,46.0,1161.0,117720.0,23.22497367417476,0.39866791826324943,0.9996878925649169
286,13.0,13.0,0.6883987570493122,45.0,1055.0,117719.0,20.10710118380867,0.36593251451346565,0.9996611400733142
287,13.0,14.0,0.43684904335314745,55.0,1003.0,117729.0,8.404428973225016,0.29471332944356865,0.5385671022796418
288,13.0,15.0,0.8209482985157333,64.0,1095.0,117738.0,14.692346198843715,0.38407164801237903,0.9996863714944209
289,13.0,16.0,0.6552263625707826,49.0,1176.0,117723.0,22.606407321933613,0.3818088497466058,0.9996601775509083
290,13.0,17.0,0.9480418266952388,93.0,1090.0,117767.0,14.595832557421577,0.41921918610028963,0.9998374060269666
291,13.0,18.0,0.9626098137566703,62.0,1039.0,117736.0,17.326581886000668,0.403856938362269,0.9998534303969698
292,13.0,19.0,0.6687224019337097,59.0,1109.0,117733.0,15.799988758344435,0.3898802893072043,0.9997897869162399
293,13.0,20.0,0.7216757389836738,46.0,1146.0,115959.0,21.048985577976143,0.3799716920374937,0.9997902007111464
294,14.0,0.0,0.7078960235253607,46.0,1111.0,108195.0,31.627320205451287,0.3877035218918101,0.9998230427685139
295,14.0,1.0,0.6832762193267607,59.0,1126.0,108208.0,14.16570106759761,0.3821223170195327,0.9998655839975549
296,14.0,2.0,0.7159918698069656,55.0,1114.0,108204.0,20.560286168329316,0.3694028670346804,0.9997451476263299
297,14.0,3.0,0.7122318397871168,46.0,1138.0,108195.0,28.83928269873324,0.365419336923437,0.9997979953287953
298,14.0,4.0,0.7286059105946452,51.0,1162.0,108200.0,15.476631929745555,0.3856009869134236,0.999674129271441
299,14.0,5.0,0.7075725544994248,45.0,1129.0,108194.0,21.857909983990417,0.38575916521945863,0.9996724183927005
300,14.0,6.0,0.7661841479217198,63.0,1194.0,108212.0,15.417112524248276,0.3889303341480571,0.9997706153157407
301,14.0,7.0,0.7024655686067066,39.0,1194.0,108188.0,24.787438700315573,0.38527235475800525,0.9998403052117495
302,14.0,8.0,0.7360956176294635,44.0,1174.0,108193.0,35.90561080724574,0.39093011745630435,0.9997525567826
303,14.0,9.0,0.7477505440017962,57.0,1128.0,108206.0,14.822899924870661,0.39229138346302295,0.999713551339693
304,14.0,10.0,0.40010091567235434,78.0,1009.0,108227.0,7.546384948392156,0.2956500485406147,0.542570839425927
305,14.0,11.0,0.7090714315711935,41.0,1123.0,108190.0,26.903695929471187,0.38963158518181507,0.999714707368336
306,14.0,12.0,0.6946574401829576,48.0,1151.0,108197.0,22.60341043162803,0.39064167855370646,0.999671948886556
307,14.0,13.0,0.6872948043590406,38.0,1154.0,108187.0,40.482473456982774,0.3669112544028952,0.9997368778681477
308,14.0,14.0,0.7729958996558447,57.0,1061.0,108206.0,21.124362757989186,0.3673939164953389,0.7063522612484121
309,14.0,15.0,0.6885474876947569,53.0,1120.0,108202.0,20.304739637277553,0.3727738364178287,0.9997564145352339
310,14.0,16.0,0.8960695968806243,62.0,1179.0,108211.0,36.156116067020136,0.4263885149679394,0.9996581083887193
311,14.0,17.0,0.7588897288483072,47.0,1034.0,108196.0,22.33238923305437,0.33971394035113434,0.6624084353346529
312,14.0,18.0,0.6980135630002821,53.0,1166.0,108202.0,14.27744950370074,0.38329118629378933,0.9996776918560181
313,14.0,19.0,0.7834192005466184,49.0,1148.0,108198.0,22.524958285667285,0.3841413712136238,0.9999377641007351
314,14.0,20.0,0.9568452489916255,55.0,1072.0,106548.0,16.026221254963037,0.38012488583787785,0.999748390972137
315,15.0,0.0,0.7113981336234135,54.0,1212.0,113271.0,20.1381407120173,0.3945603679172519,0.9997591607630298
316,15.0,1.0,0.7312862014923914,66.0,1155.0,113283.0,17.70998394551885,0.398091841934639,0.9998141622403818
317,15.0,2.0,0.6704241232946748,61.0,1113.0,113278.0,14.987953554200459,0.38506672510416107,0.9997304797672469
318,15.0,3.0,0.6734880833948091,56.0,1193.0,113273.0,29.258314698180317,0.3873808672416301,0.9996503698450585
319,15.0,4.0,0.6498005167594059,62.0,1149.0,113279.0,15.835443797321384,0.37862452988880657,0.9997031013528831
320,15.0,5.0,0.8495042186671103,67.0,1167.0,113284.0,14.443160671973208,0.4183848183553821,0.9996838681981319
321,15.0,6.0,0.7147883456374573,55.0,1135.0,113272.0,23.189866583835386,0.387776646751988,0.999799715741399
322,15.0,7.0,0.7415272725807405,53.0,1120.0,113270.0,30.222156721169558,0.3891756711827734,0.9998402393363298
323,15.0,8.0,0.7154159075370121,68.0,1102.0,113285.0,14.942014828109691,0.38508724821045426,0.999754876596025
324,15.0,9.0,0.7185821928757321,66.0,1195.0,113283.0,18.98974523262449,0.38888894838247445,0.9997128497946228
325,15.0,10.0,0.896148872904023,65.0,1171.0,113282.0,18.138830492539032,0.42016234985931233,0.9998660840271084
326,15.0,11.0,0.6832390709925509,39.0,1145.0,113256.0,29.54729033582373,0.37016716353402257,0.9998732029696029
327,15.0,12.0,0.7885260802719168,65.0,1151.0,113282.0,16.247840764119786,0.3859369742798643,0.9997869286044047
328,15.0,13.0,0.761462636207794,48.0,1137.0,113265.0,21.379915591929148,0.3781073860901203,0.999679309782942
329,15.0,14.0,0.7426657548558976,58.0,1134.0,113275.0,31.151037924066316,0.36550975886762593,0.9998393636808505
330,15.0,15.0,0.7013107485862252,37.0,1137.0,113254.0,29.86900049924886,0.3846063084081113,0.9997937042427132
331,15.0,16.0,0.6945812636640527,58.0,1170.0,113275.0,17.66566696633318,0.3913926512259138,0.999756221289564
332,15.0,17.0,0.7778962325602689,42.0,1224.0,113259.0,34.015091990501965,0.37915258866768176,0.9998744062422127
333,15.0,18.0,0.781396803449887,49.0,1112.0,113266.0,19.839954867857166,0.3829298301020242,0.9997128326358956
334,15.0,19.0,0.7294297204177106,49.0,1139.0,113266.0,34.309439827349166,0.38286618208392753,0.9997531616673716
335,15.0,20.0,0.6872494629315815,45.0,1092.0,111584.0,20.351966535115565,0.38446823722589707,0.9998856183979938
336,16.0,0.0,0.739716301943442,63.0,1135.0,115318.0,15.493601648358549,0.39736644744345284,0.999742437854063
337,16.0,1.0,0.6916538529570652,60.0,1075.0,115315.0,13.261392992815516,0.3827804534930058,0.8189805355020083
338,16.0,2.0,0.7386517702853347,51.0,1144.0,115306.0,22.624534415510286,0.38556264892404024,0.9997920483580898
339,16.0,3.0,0.7187479829954919,64.0,1118.0,115319.0,14.640572574302345,0.39969946051109706,0.9997270870800419
340,16.0,4.0,0.6966196125249937,60.0,1107.0,115315.0,17.648131080269724,0.3800073731149549,0.9997914002101119
341,16.0,5.0,0.7927037071865022,59.0,1090.0,115314.0,15.523787762247963,0.3984959666608202,0.9997864800084771
342,16.0,6.0,0.7066402807749331,57.0,1139.0,115312.0,15.474979708123314,0.3860068352912973,0.9999227360673378
343,16.0,7.0,0.7269495166524665,60.0,1148.0,115315.0,18.276318593277416,0.3921825591616178,0.9998907859683587
344,16.0,8.0,0.7745532574479064,84.0,1091.0,115339.0,10.20165614101091,0.3924222975705438,0.6918745866929896
345,16.0,9.0,0.7001704436177745,60.0,1076.0,115315.0,11.864731195634942,0.38490581247538735,0.9996830866554633
346,16.0,10.0,0.6808937389161364,49.0,1078.0,115304.0,23.651671982191633,0.3651162323558098,0.9996931807822833
347,16.0,11.0,0.8156324791538451,58.0,1186.0,115313.0,15.058979169102717,0.4070408183667249,0.999725752870964
348,16.0,12.0,0.8334113862722891,66.0,1060.0,115321.0,13.423564690373931,0.43314115919316065,0.9998559626234632
349,16.0,13.0,0.6835489037179048,54.0,1126.0,115309.0,19.890325741626423,0.39076151517657665,0.9997649416157754
350,16.0,14.0,0.6985025665015601,54.0,1125.0,115309.0,23.82723670296197,0.37633140966945045,0.9997396915686279
351,16.0,15.0,0.6913197168491911,67.0,1157.0,115322.0,12.736102703518387,0.40654701717597086,0.9997201403704193
352,16.0,16.0,0.7204147098519899,49.0,1207.0,115304.0,17.28280707906866,0.3929395183909731,0.9996839229186716
353,16.0,17.0,0.5910393769067257,49.0,1043.0,115304.0,16.93887400722794,0.32605027199687964,0.6284423550016507
354,16.0,18.0,0.5167951950660445,39.0,1040.0,115294.0,31.492318001528144,0.31515469907617544,0.6089760972487215
355,16.0,19.0,0.7246437370886475,62.0,1138.0,115317.0,12.202519251168173,0.3870262779472887,0.9998060257039901
356,16.0,20.0,0.6732550139605572,50.0,1130.0,113608.0,25.886946967094957,0.3808326182620926,0.9997186955366425
357,17.0,0.0,0.6940057386815669,71.0,1182.0,120693.0,14.143299956663222,0.3862266791078348,0.9997133815163536
358,17.0,1.0,0.694017799034518,56.0,1131.0,120678.0,21.276142085079844,0.3930657598155042,0.9998365904782586
359,17.0,2.0,0.7354218863912987,53.0,1200.0,120675.0,22.928545608031047,0.38288177913214916,0.9996645562251076
360,17.0,3.0,0.881241568992964,64.0,1000.0,120686.0,14.627961274762516,0.39036804068876774,0.9997423195692846
361,17.0,4.0,0.5978108879188972,59.0,1143.0,120681.0,17.631882653453435,0.38545202115526656,0.950882613026028
362,17.0,5.0,0.7083534239600848,57.0,1129.0,120679.0,13.795011498641308,0.37701829663508035,0.9997914213393724
363,17.0,6.0,0.7083570243815496,68.0,1122.0,120690.0,14.80007396054016,0.39012480189846144,0.9996658361588744
364,17.0,7.0,0.6878230573096994,51.0,1153.0,120673.0,26.40268453690104,0.360143725799422,0.9997376762993533
365,17.0,8.0,0.76613263504074,39.0,1176.0,120661.0,66.23483456741718,0.3885476574164566,0.9997303483190288
366,17.0,9.0,0.6510402650769925,62.0,1113.0,120684.0,15.154028719213493,0.37193633405425086,0.7701199764892372
367,17.0,10.0,0.6084634895019625,33.0,1245.0,120655.0,25.590890731420032,0.39015551608588794,0.9997321780625928
368,17.0,11.0,0.7708833900642434,58.0,1113.0,120680.0,20.027735821112397,0.3862497909195174,0.9998727634846861
369,17.0,12.0,0.7029369711076334,45.0,1115.0,120667.0,24.09996918240512,0.3861485920675237,0.9997767890738082
370,17.0,13.0,0.7054258568836248,58.0,1090.0,120680.0,20.61107934924908,0.38830388183555453,0.9996823296469655
371,17.0,14.0,0.7089940182987992,59.0,1077.0,120681.0,13.375874970177499,0.3950731849873491,0.9998509413664225
372,17.0,15.0,0.7368279062921314,59.0,1198.0,120681.0,16.458527910812805,0.39169569795603787,0.9997181086745047
373,17.0,16.0,0.7075541371587455,61.0,1230.0,120683.0,21.968228069531108,0.3886214261717369,0.9998151184272309
374,17.0,17.0,0.861408501703063,67.0,1107.0,120689.0,15.689858218007714,0.42081548244304157,0.8859176432892938
375,17.0,18.0,0.8684483089667767,85.0,1137.0,120707.0,10.942237948948517,0.43179339778277803,0.9997792060431993
376,17.0,19.0,0.7772099593230748,41.0,1194.0,120663.0,28.49210344042802,0.39119149016938504,0.9999049066514394
377,17.0,20.0,0.720225680815901,48.0,1172.0,118912.0,21.73088162716681,0.38953769249443004,0.999848392590853
378,18.0,0.0,0.6935946314302721,66.0,1089.0,114744.0,15.694430104186035,0.3931292880142443,0.9997848490202906
379,18.0,1.0,0.7499197745097672,60.0,1062.0,114738.0,15.705525089185883,0.3913882926555481,0.9998415314138723
380,18.0,2.0,0.751398952728434,48.0,1173.0,114726.0,24.626229100927024,0.3916486446813702,0.9998904945745659
381,18.0,3.0,0.6499386701605969,55.0,1126.0,114733.0,23.127038115339943,0.39396773819147635,0.9987778527934931
382,18.0,4.0,0.7038429566665263,43.0,1188.0,114721.0,30.104850345242195,0.37679655821128033,0.9997560190027359
383,18.0,5.0,0.6529824727490272,58.0,1041.0,114736.0,14.373528832934355,0.37288482699931014,0.7652540445876033
384,18.0,6.0,0.7177996789734625,59.0,1162.0,114737.0,26.025851213720596,0.3881415183696042,0.9996672956317241
385,18.0,7.0,0.7398506022333886,55.0,1105.0,114733.0,18.432999467321448,0.39246861476578276,0.9997582740248773
386,18.0,8.0,0.5489671261372913,48.0,1078.0,114726.0,13.488694160156733,0.3306277432586643,0.6228258550587559
387,18.0,9.0,0.7293766260166687,51.0,1180.0,114729.0,15.622376415833372,0.39046665330900443,0.9998394727175538
388,18.0,10.0,0.7443368490553417,56.0,1109.0,114734.0,15.593447709392862,0.3961027877132288,0.9996485682855561
389,18.0,11.0,0.6793448077543596,54.0,1136.0,114732.0,22.01599139494749,0.37917623071829176,0.9996991457080481
390,18.0,12.0,0.7117995476202258,56.0,1175.0,114734.0,20.496162871183202,0.385161296056419,0.9999416440566758
391,18.0,13.0,0.7368009299547438,63.0,1172.0,114741.0,14.565362388869115,0.3994878303660312,0.9996495456628234
392,18.0,14.0,0.6860487526546295,55.0,1068.0,114733.0,13.284702386300262,0.3756665890469385,0.7555236565979795
393,18.0,15.0,0.6001182980049876,49.0,1062.0,114727.0,14.916940852620804,0.33472118913748383,0.6371403640532545
394,18.0,16.0,0.7116498355757501,47.0,1201.0,114725.0,26.832757111981966,0.3912261390240782,0.9997280336631278
395,18.0,17.0,0.9214914434292273,74.0,1138.0,114752.0,14.494241334228727,0.42477999979171177,0.7731272362103893
396,18.0,18.0,0.6650445269077743,46.0,1137.0,114724.0,21.89029880961183,0.36701509972571755,0.9997985609913762
397,18.0,19.0,0.8500287641802142,66.0,1113.0,114744.0,20.398296011162927,0.3948789073230796,0.9997329034923953
398,18.0,20.0,0.7063741156712015,45.0,1138.0,113127.0,26.447799062045362,0.39728386481143396,0.9996993118910744
399,19.0,0.0,0.7137036266380984,64.0,1154.0,120305.0,17.981895744245488,0.3909423355964081,0.9999113799735478
400,19.0,1.0,0.9036170123999147,73.0,1055.0,107146.0,11.600205092741032,0.40864474050346367,0.9997319498171423
401,19.0,2.0,0.634541682748148,63.0,1017.0,109008.0,10.571414469345227,0.37069574518708504,0.7511079563201317
402,19.0,3.0,0.676908002064587,59.0,1063.0,110772.0,11.715944545935203,0.3894164864128862,0.7490980567448561
403,19.0,4.0,0.6900536048904403,61.0,1162.0,119093.0,15.897163684367566,0.4091673779009256,0.9997349491279233
404,19.0,5.0,0.7318595231361007,61.0,1162.0,117905.0,15.559436901979074,0.39083736940559,0.9998772811754583
405,19.0,6.0,0.7568369683675973,53.0,1200.0,120258.0,48.56926613213391,0.37988904511241217,0.9998192153514934
406,19.0,7.0,0.7393850533384029,57.0,1163.0,120070.0,25.167673896053135,0.3856830275710046,0.9997944390517286
407,19.0,8.0,0.7761353796751644,53.0,1188.0,112152.0,31.338536977375682,0.39169440057489757,0.9997442332694749
408,19.0,9.0,0.7341400966759241,45.0,1098.0,112677.0,22.522197337076822,0.39834513384312986,0.9997831213244636
409,19.0,10.0,0.7154781961282792,72.0,1119.0,116819.0,10.332689399224467,0.40399250925360364,0.9998138495792502
410,19.0,11.0,0.62359795797045,59.0,1058.0,115238.0,15.68685442850343,0.358166326445842,0.6874633057122563
411,19.0,12.0,0.7693900315314246,47.0,1089.0,112681.0,26.73606228601355,0.3815133637527347,0.9998274763459051
412,19.0,13.0,0.6737655219490394,58.0,1091.0,117175.0,12.822137689111209,0.38005810233933845,0.845203371879568
413,19.0,14.0,0.7352237168896154,44.0,1158.0,118012.0,24.521373654800158,0.37937099061889556,0.999904693123104
414,19.0,15.0,0.7377710648493583,48.0,1140.0,115139.0,16.750456913161262,0.3968539697043938,0.9997320578717819
415,19.0,16.0,0.7562091786596012,52.0,1139.0,113589.0,15.532790827787363,0.3912943497334246,0.9997267916624416
416,19.0,17.0,0.940513844309444,76.0,1012.0,108480.0,11.74081263823435,0.3620000070934717,0.999869208559254
417,19.0,18.0,0.7692832362801608,52.0,1177.0,117962.0,17.999317555500603,0.39748841339525354,0.9998066486341822
418,19.0,19.0,0.7024875986496516,53.0,1161.0,122057.0,19.27196986209093,0.39195330232216585,0.9997739898568504
419,19.0,20.0,0.7490427776301547,50.0,1171.0,117840.0,18.72719235654774,0.3962399989932005,0.9998431038255471
420,20.0,0.0,0.7496652171960921,55.0,1164.0,117002.0,15.490603258788404,0.3824519406889052,0.9996789281127313
421,20.0,1.0,0.7459240891210297,60.0,1238.0,117007.0,16.017985809648707,0.39203494665707106,0.9997825560627498
422,20.0,2.0,0.6914788166961897,52.0,1121.0,116999.0,23.076330334751802,0.378895123087052,0.9997387549998314
423,20.0,3.0,0.9131395043984585,69.0,1153.0,117016.0,14.729282856732421,0.4173969316215518,0.9998255877807202
424,20.0,4.0,0.7329710800529707,56.0,1156.0,117003.0,16.386883989564435,0.3800681713111054,0.9997649053205935
425,20.0,5.0,0.7342257575594681,50.0,1129.0,116997.0,20.51532516024817,0.4010991987930713,0.9997044998960246
426,20.0,6.0,0.7361354529135594,74.0,1096.0,117021.0,12.589674382356002,0.3898265735213805,0.9998218756533146
427,20.0,7.0,0.731384387100712,60.0,1146.0,117007.0,15.940193996771686,0.3917796678351395,0.9996931664853416
428,20.0,8.0,0.6746695565028511,48.0,1161.0,116995.0,21.71974893900123,0.3892613524698082,0.9996970383384631
429,20.0,9.0,0.7664490140463105,58.0,1106.0,117005.0,15.907531944922336,0.38078598340220937,0.9998693174719429
430,20.0,10.0,0.7535744837539349,71.0,1160.0,117018.0,18.205847322202665,0.39533760987502997,0.9998967150060798
431,20.0,11.0,0.7235956238862182,46.0,1165.0,116993.0,22.909669816960275,0.3844263926790734,0.9997133920921416
432,20.0,12.0,0.7114516683932588,56.0,1136.0,117003.0,21.89196292954371,0.39263199744682453,0.9997345257098436
433,20.0,13.0,0.6936320218626808,61.0,1143.0,117008.0,17.962945494674198,0.3872401721617078,0.9996794197029305
434,20.0,14.0,0.714738673596712,66.0,1116.0,117013.0,15.02707216236408,0.38936082667622707,0.9997022837987617
435,20.0,15.0,0.7023238472290475,56.0,1155.0,117003.0,17.47367127155915,0.3973988144803354,0.9996765405348744
436,20.0,16.0,0.6702456114500953,62.0,1132.0,117009.0,13.616613166813096,0.38197653725932623,0.8922061216764285
437,20.0,17.0,0.9931084981856095,73.0,1065.0,117020.0,10.324334642110761,0.39180471600691247,0.9998644879359456
438,20.0,18.0,0.7016637279430883,43.0,1167.0,116990.0,24.325896368780036,0.39189312088697625,0.9998584410566639
439,20.0,19.0,0.7189927472904499,44.0,1155.0,116991.0,32.694380362809625,0.3890648507012108,0.9996488494773954
440,20.0,20.0,0.7001822460419185,49.0,1137.0,115336.0,22.29727044334572,0.39169736147293344,0.999776074992806
441,21.0,0.0,0.6964363531315294,59.0,1127.0,120341.0,18.46121821319247,0.3983950940643344,0.9996573176353102
442,21.0,1.0,0.8154743722414114,85.0,1109.0,120367.0,21.39979690168548,0.41785050032629867,0.9997707743731916
443,21.0,2.0,0.748913545976143,47.0,1121.0,120329.0,19.844608818094816,0.39278123377620033,0.99985351212368
444,21.0,3.0,0.8092515779660187,70.0,1141.0,120352.0,19.262514423048867,0.4335173313064078,0.99971259055473
445,21.0,4.0,0.6819163061239392,52.0,1159.0,120334.0,20.87604604218802,0.38515240386607585,0.9997947532354375
446,21.0,5.0,0.5309372489706103,53.0,1034.0,120335.0,16.555531487102954,0.2949238479596753,0.5644692973298147
447,21.0,6.0,0.72283049996348,56.0,1085.0,120338.0,24.361583026934493,0.387406318115068,0.9997871768735007
448,21.0,7.0,0.7727679361082194,57.0,1098.0,120339.0,17.929727200164415,0.3959806293889885,0.9996684006351336
449,21.0,8.0,0.6260721729059265,63.0,1057.0,120345.0,12.15380408435805,0.3674080372511114,0.7114709227639521
450,21.0,9.0,0.6899170655816925,78.0,1051.0,120360.0,12.270095718473797,0.41988147910752216,0.9997567002908322
451,21.0,10.0,0.6739117846612002,62.0,1120.0,120344.0,19.96545915804855,0.38864446704929945,0.9996901746310989
452,21.0,11.0,0.676760676222973,56.0,1114.0,120338.0,26.265427963372378,0.3933332069068297,0.9997558057738618
453,21.0,12.0,0.7047823315428828,54.0,1121.0,120336.0,20.35587256957985,0.3890969199706066,0.999653797300814
454,21.0,13.0,0.7065937767059469,51.0,1153.0,120333.0,18.953877235251305,0.3900345726737261,0.8486857090617452
455,21.0,14.0,0.7440657276805049,40.0,1241.0,120322.0,34.44120161954456,0.38560856072271155,0.9997282452851766
456,21.0,15.0,0.7082712798548241,55.0,1131.0,120337.0,18.960167646807257,0.37409298694074633,0.7770955298743892
457,21.0,16.0,0.7258162136516407,44.0,1169.0,120326.0,26.341379334985465,0.3802350835671555,0.999820170169792
458,21.0,17.0,0.6767725614728242,49.0,1157.0,120331.0,23.37423840058713,0.39096710796297174,0.9997328111894284
459,21.0,18.0,0.7058237645497452,57.0,1094.0,120339.0,18.88736690731485,0.3911858484881361,0.9997210362033893
460,21.0,19.0,0.7212749534869963,53.0,1155.0,120335.0,22.208306364628218,0.38859751987996727,0.999792951297274
461,21.0,20.0,0.6862139901499269,44.0,1206.0,118633.0,26.166630182366703,0.38805160519358717,0.9996376214037076
462,22.0,0.0,0.7894465504051036,63.0,1045.0,115077.0,13.015870227696348,0.3785461159321023,0.9998573076455937
463,22.0,1.0,0.6870092248223888,49.0,1183.0,115063.0,22.126960618892323,0.38324194803743716,0.9998529589059747
464,22.0,2.0,0.636248678097887,61.0,1051.0,115075.0,26.181507880999636,0.38349221967784874,0.8585658710263868
465,22.0,3.0,0.6879517739375086,58.0,1123.0,115072.0,21.49915847808788,0.388634039235492,0.9998089035128045
466,22.0,4.0,0.5224153579058498,46.0,1075.0,115060.0,17.29568543746264,0.32557118383679085,0.6039045050886669
467,22.0,5.0,0.6362494437860238,42.0,1175.0,115056.0,23.477719467478796,0.39465011593187926,0.9997402534801794
468,22.0,6.0,0.5905641088321969,47.0,1146.0,115061.0,17.522066908694725,0.39052327668132536,0.9997131300256665
469,22.0,7.0,0.6649835536692195,45.0,1132.0,115059.0,28.69062321198754,0.3813640248767861,0.8432674960670526
470,22.0,8.0,0.6273390738405771,46.0,1147.0,115060.0,20.753075270652545,0.38931490751573916,0.9997081273131737
471,22.0,9.0,0.6689443620132776,46.0,1104.0,115060.0,26.368617007510746,0.37001950637499803,0.7495999885653273
472,22.0,10.0,0.7075404738556772,58.0,1133.0,115072.0,14.022902118946966,0.39237436941926407,0.9997762983669771
473,22.0,11.0,0.7031933906709693,48.0,1175.0,115062.0,27.552499435399042,0.38089140829668056,0.9997555922130678
474,22.0,12.0,0.7138272113543591,43.0,1164.0,115057.0,26.089250503096768,0.3951837562790532,0.9997501540270374
475,22.0,13.0,0.6958841325341842,64.0,1107.0,115078.0,16.37569566217248,0.3657532543407417,0.9996693180244642
476,22.0,14.0,0.5940106235372172,74.0,1029.0,115088.0,8.768423824084216,0.32464152379176825,0.5738313855822794
477,22.0,15.0,0.6089565176005967,53.0,1162.0,115067.0,26.788352586442905,0.38659515973610536,0.9510510746754628
478,22.0,16.0,0.7572131174241427,46.0,1155.0,115060.0,40.58998121912699,0.3919723827737448,0.9997799240892452
479,22.0,17.0,0.8180032355204884,72.0,1022.0,115086.0,11.537584288399463,0.37341752214841895,0.9997535133607405
480,22.0,18.0,0.7342584758456977,37.0,1090.0,115051.0,36.7565955473387,0.3839786373299733,0.9997262184424993
481,22.0,19.0,0.8600266022491858,64.0,1115.0,115078.0,20.440575561555306,0.4223157783834529,0.9997549042516987
482,22.0,20.0,0.6533255268642094,48.0,1116.0,113459.0,16.106036832020095,0.3771038716404135,0.8014404453606505
483,23.0,0.0,0.7352942009988959,88.0,1114.0,123173.0,11.899640221890374,0.39668579355367606,0.9997533491011018
484,23.0,1.0,0.743386828858469,47.0,1168.0,123132.0,24.7676378819544,0.39031125718292703,0.9996811828655985
485,23.0,2.0,0.7224198728529647,55.0,1132.0,123140.0,19.27992960788252,0.3873678014118046,0.9998334397646059
486,23.0,3.0,0.6840515123322198,65.0,1167.0,123150.0,17.09737669454756,0.3919393408771188,0.9997770339423462
487,23.0,4.0,0.7393770642216918,60.0,1146.0,123145.0,26.812761438074556,0.38726666725018877,0.9998819654015637
488,23.0,5.0,0.7778366079172625,73.0,1098.0,123158.0,9.731656242822863,0.40472345768508766,0.9996828770573271
489,23.0,6.0,0.7066638382592433,59.0,1176.0,123144.0,15.193718959511482,0.38917168596876217,0.9998765216286413
490,23.0,7.0,0.7258520283252302,76.0,1135.0,123161.0,13.440788183950303,0.39285179110860136,0.9998558642258236
491,23.0,8.0,0.6810597174769515,47.0,1143.0,123132.0,26.490676530626683,0.38416265274087524,0.9997717336395158
492,23.0,9.0,0.7383544157939003,53.0,1128.0,123138.0,23.893617872998174,0.3834591882335051,0.9998159215691428
493,23.0,10.0,0.8611936318617774,86.0,1125.0,123171.0,11.204972146237338,0.43005935077358104,0.9996963550614276
494,23.0,11.0,0.7113842078715583,59.0,1075.0,123144.0,16.232205786669862,0.38588830579506994,0.99975373339083
495,23.0,12.0,0.70300301349511,48.0,1139.0,123133.0,15.749982692874307,0.3900804348618495,0.9998072814617945
496,23.0,13.0,0.6987523571964442,46.0,1140.0,123131.0,24.878535511808057,0.38288347229789166,0.9997710707459403
497,23.0,14.0,0.716002545962284,44.0,1212.0,123129.0,29.066947634260355,0.39770785919293894,0.9997294216476361
498,23.0,15.0,0.6782100954566097,66.0,1034.0,123151.0,14.70287588419951,0.40522097040827176,0.8434150157753888
499,23.0,16.0,0.7048374890644036,50.0,1071.0,123135.0,39.27825241303659,0.3938843453702514,0.9997476490738777
500,23.0,17.0,0.6686350140310018,54.0,1167.0,123139.0,20.727284856264056,0.3973785907935905,0.9997281193368529
501,23.0,18.0,0.7154504027375207,66.0,948.0,123151.0,13.045043940674304,0.35824600609548907,0.9998696730452007
502,23.0,19.0,0.7429791819994669,45.0,1172.0,123130.0,18.65610202820067,0.39417122925223846,0.9997304524154135
503,23.0,20.0,0.7237641917439044,53.0,1158.0,121389.0,20.986441331885825,0.3869439493487883,0.9997279176873831
504,24.0,0.0,0.7258409249302965,49.0,1134.0,118284.0,25.13372970266377,0.39308161357532523,0.9996579768621632
505,24.0,1.0,0.7114369703344794,57.0,1193.0,118292.0,19.693072135343552,0.3851261155292802,0.999735978199072
506,24.0,2.0,0.6998657936966418,56.0,1152.0,118291.0,19.402362341127528,0.39001251739348963,0.9996667758240837
507,24.0,3.0,0.6933046126355089,68.0,1110.0,118303.0,16.603870087524463,0.39223693589909925,0.9996672432479969
508,24.0,4.0,0.6773301343127927,73.0,1049.0,118308.0,12.828333576889314,0.3939662667393884,0.9997717704388901
509,24.0,5.0,0.7132850909490785,53.0,1134.0,118288.0,18.14927313946218,0.3848357642784147,0.9997466032298142
510,24.0,6.0,0.7041748577509339,52.0,1161.0,118287.0,16.67139458892226,0.39497726433697855,0.9997558688658762
511,24.0,7.0,0.7361197830851836,52.0,1113.0,118287.0,19.738927816678594,0.3867342530733606,0.999824295587046
512,24.0,8.0,0.7971969223784252,78.0,1156.0,118313.0,11.532238609130365,0.4011740983343999,0.9997846685053217
513,24.0,9.0,0.7111372370945983,60.0,1145.0,118295.0,20.12750975421233,0.3845026600383017,0.9997891454368198
514,24.0,10.0,0.7014833940643591,52.0,1031.0,118287.0,18.472200023192613,0.36597807181745634,0.7618749720751887
515,24.0,11.0,0.723208338979134,62.0,1057.0,118297.0,19.629593752605967,0.38605179388310684,0.9996609862089532
516,24.0,12.0,0.5953094476929489,45.0,1115.0,118280.0,18.147593630524515,0.39162425083263075,0.9478035262609971
517,24.0,13.0,0.6991437518168296,49.0,1173.0,118284.0,21.495217205469213,0.38416211353265894,0.9996836292969276
518,24.0,14.0,0.679732756912931,62.0,1138.0,118297.0,15.167334725640712,0.38793221202140127,0.9997541452918667
519,24.0,15.0,0.6500952714341888,51.0,1056.0,118286.0,13.992842280636184,0.35615266065774176,0.6936662326175371
520,24.0,16.0,0.9251437267837237,71.0,1076.0,118306.0,11.658856386636902,0.3921168238305883,0.9997821450454805
521,24.0,17.0,0.7514431023291611,55.0,1152.0,118290.0,26.145979628877196,0.39694608378102103,0.9996785996619845
522,24.0,18.0,0.7053649464328445,50.0,1120.0,118285.0,16.96525290323398,0.39515759265729755,0.999941214423093
523,24.0,19.0,0.6574605242565112,49.0,1189.0,118284.0,27.18344523355947,0.39245945162448925,0.9996844333384786
524,24.0,20.0,0.7070040855737706,41.0,1124.0,116583.0,25.777745629682418,0.38291615029466575,0.9997698612846262
525,25.0,0.0,0.5797394691845854,59.0,1152.0,118605.0,15.29592837206966,0.37967211693914216,0.9510147504641423
526,25.0,1.0,0.6706869386120315,50.0,1166.0,118596.0,21.2148416783385,0.39144160841380626,0.9997576286005541
527,25.0,2.0,0.6923073228813736,60.0,1181.0,118606.0,19.56373290806315,0.3889677533084872,0.9997246086677087
528,25.0,3.0,0.723115388337321,56.0,1200.0,118602.0,39.08493217240071,0.3902323064492801,0.9997090690122826
529,25.0,4.0,0.7433599392551753,51.0,1127.0,118597.0,19.593624624076593,0.3883277273140344,0.9996761414977988
530,25.0,5.0,0.7319339790206218,53.0,1108.0,118599.0,36.975062736238556,0.390534158069638,0.9997628013085578
531,25.0,6.0,0.6671864242274759,49.0,1201.0,118595.0,20.942170017944534,0.3919629197748513,0.9997292919512579
532,25.0,7.0,0.7013518550522835,55.0,1152.0,118601.0,19.67103171598522,0.3857209542695975,0.9997208907551168
533,25.0,8.0,0.7452512989634825,52.0,1195.0,118598.0,29.812476918746242,0.3952239180060396,0.999685640224613
534,25.0,9.0,0.7043856924020236,55.0,1124.0,118601.0,21.2243371254639,0.38783393195674254,0.9997779765834567
535,25.0,10.0,0.6937156329204491,49.0,1090.0,118595.0,22.00922879378758,0.3817754124252112,0.9998227564529257
536,25.0,11.0,0.6654124841959185,55.0,1074.0,118601.0,17.049335084395256,0.39203594069382974,0.9997376040925112
537,25.0,12.0,0.7005575825937889,48.0,1217.0,118594.0,24.786874155877033,0.3799143366651807,0.9997676287676966
538,25.0,13.0,0.7045362973032635,81.0,1147.0,118627.0,11.23688226810603,0.4070327361895967,0.9996573404182164
539,25.0,14.0,0.7064094117624973,62.0,1131.0,118608.0,21.88544720904929,0.38850699178066816,0.9998658349216003
540,25.0,15.0,0.957495660831852,78.0,1029.0,118624.0,11.96299177689476,0.39879024506889893,0.9997902302113648
541,25.0,16.0,0.7122479288268435,48.0,1172.0,118594.0,37.42661267898011,0.3837733496187984,0.9998592575960628
542,25.0,17.0,0.844583320372995,85.0,1110.0,118631.0,11.191972748647895,0.3944419891524521,0.9998363958548134
543,25.0,18.0,0.8622171405392517,80.0,1058.0,118626.0,9.4745062648453,0.40510233692888176,0.6537431118279695
544,25.0,19.0,0.6406313915359969,51.0,1136.0,118597.0,20.75737612659631,0.39165488963934225,0.9996528980276383
545,25.0,20.0,0.699330122149995,52.0,1162.0,116962.0,23.784854144842,0.3926680959019082,0.9996564747570509
546,26.0,0.0,0.7398530910579314,59.0,1172.0,122363.0,15.095218865553736,0.4090033163671909,0.999730375916253
547,26.0,1.0,0.7453147529707752,49.0,1194.0,122353.0,16.47421170783451,0.3904969963521383,0.9997895521616488
548,26.0,2.0,0.7290308351439434,58.0,1140.0,122362.0,19.668232070076527,0.38747208253878085,0.9998014255765267
549,26.0,3.0,0.758466557946421,58.0,1171.0,122362.0,14.510497254978521,0.3911658953257062,0.9997401694156908
550,26.0,4.0,0.7359099748953111,56.0,1147.0,122360.0,19.56652172838353,0.37525957321560166,0.9997924442258261
551,26.0,5.0,0.7814743806031561,54.0,1133.0,122358.0,19.89526202184811,0.38455751961489293,0.9997796097906562
552,26.0,6.0,0.7346040591133471,59.0,1144.0,122363.0,15.765941427217541,0.39848118491436557,0.9997197518527233
553,26.0,7.0,0.7160006217699667,49.0,1127.0,122353.0,20.67849121503399,0.39137144750848674,0.9997636251437327
554,26.0,8.0,0.7157944037298531,54.0,1168.0,122358.0,16.702821263438974,0.39767984838797343,0.9997569196971297
555,26.0,9.0,0.9681826057042546,64.0,1130.0,122368.0,15.664166084900927,0.4330178937038722,0.9998158034250338
556,26.0,10.0,0.8129660980227501,62.0,980.0,122366.0,9.182646196207093,0.380268350372328,0.9998632460719584
557,26.0,11.0,0.6943610401980276,50.0,1176.0,122354.0,23.214783040395872,0.3874075484650855,0.9997450882130485
558,26.0,12.0,0.7298927984925868,52.0,1107.0,122356.0,16.80708186386259,0.3948517582262103,0.9997878314438264
559,26.0,13.0,0.6864200196730225,43.0,1149.0,122347.0,16.219964771319667,0.3828025917249642,0.9997425764383568
560,26.0,14.0,0.7580027410148669,56.0,1101.0,122360.0,14.28846835620041,0.3892613211450371,0.9997250087937205
561,26.0,15.0,0.84024503910935,61.0,993.0,122365.0,14.478093598958452,0.374439268929027,0.9998562584342062
562,26.0,16.0,0.6250246396764645,52.0,1141.0,122356.0,17.832538592637313,0.3954164553731815,0.9996792487833682
563,26.0,17.0,0.6828923304001615,43.0,1088.0,122347.0,25.16410778491562,0.39629484465792963,0.9998387059022759
564,26.0,18.0,0.7110813973323933,54.0,1184.0,122358.0,22.097923474529683,0.3963466779634388,0.9997389739760344
565,26.0,19.0,0.6649165678902329,59.0,1127.0,122363.0,16.931804412896657,0.3917401588396794,0.9996720678874761
566,26.0,20.0,0.6735386359086438,61.0,1120.0,120583.0,16.732308042566967,0.38410059672381125,0.9997969286004823
567,27.0,0.0,0.5878146473988317,69.0,1096.0,116946.0,17.394436392391544,0.38741237055108857,0.9510518445720029
568,27.0,1.0,0.6727166665169744,70.0,1134.0,116947.0,16.29825291092497,0.38247385605125184,0.9997255382929601
569,27.0,2.0,0.8781813248182617,64.0,1120.0,116941.0,14.111260242385205,0.3986960275382666,0.9996575789835132
570,27.0,3.0,0.7613113861765102,58.0,1164.0,116935.0,23.03020369722358,0.4027674569191636,0.9997930711255977
571,27.0,4.0,0.6751719106106676,51.0,1204.0,116928.0,25.308093637048234,0.39425013067893644,0.9996658120822097
572,27.0,5.0,0.7332420162160584,35.0,1138.0,116912.0,57.80519138756287,0.38943835576996966,0.9997212607505704
573,27.0,6.0,0.7881294776217851,60.0,1172.0,116937.0,51.71771637064403,0.38261356220966525,0.9999034820573367
574,27.0,7.0,0.7584343088737397,57.0,1166.0,116934.0,14.275699916578716,0.3979861084170221,0.9996984073864383
575,27.0,8.0,0.6283678414033708,57.0,1134.0,116934.0,17.07437685749768,0.39436980110049613,0.9996464989505809
576,27.0,9.0,0.7851276800993939,50.0,1177.0,116927.0,18.003239143157646,0.3919944377947939,0.999860893510825
577,27.0,10.0,0.7236975549530327,59.0,1155.0,116936.0,21.113606947376564,0.388136598618959,0.9997095108700177
578,27.0,11.0,0.7176445898471032,51.0,1172.0,116928.0,26.82369470451067,0.3917791200563596,0.9997590546036561
579,27.0,12.0,0.7149140123922376,54.0,1121.0,116931.0,18.801937182747576,0.38750650983774615,0.9997282802825274
580,27.0,13.0,0.608944741674345,40.0,1152.0,116917.0,25.28418270477715,0.3835917484288214,0.9340451717923699
581,27.0,14.0,0.7282177711397452,67.0,1017.0,116944.0,8.501812370501067,0.3886181638262254,0.9997348603239419
582,27.0,15.0,0.7767566526019452,51.0,1124.0,116928.0,18.018723940868664,0.3935298782213188,0.9998283646145547
583,27.0,16.0,0.7753853579359974,57.0,1163.0,116934.0,27.475195244348573,0.3884348356077403,0.9998781242727061
584,27.0,17.0,0.7074128692922792,71.0,1113.0,116948.0,12.559099601465874,0.39724448256672906,0.9997272687084572
585,27.0,18.0,0.6104716043583042,47.0,1175.0,116924.0,20.651629119923143,0.38608075687952004,0.9997857662956784
586,27.0,19.0,0.7847227516629227,54.0,1190.0,116931.0,16.60014379752958,0.403069749033245,0.9998048401979878
587,27.0,20.0,0.786227263338348,58.0,1099.0,115171.0,17.805088998799796,0.3711908073366488,0.999807314248588
588,28.0,0.0,0.7061062267929897,61.0,1106.0,115032.0,10.190722915091209,0.3847904427807455,0.9997686126317012
589,28.0,1.0,0.7282047071406814,59.0,1197.0,115030.0,18.199983875023698,0.39529308435885724,0.9997750032555256
590,28.0,2.0,0.7621151062147355,57.0,1113.0,115028.0,35.34997739356495,0.39009546628296665,0.9997164398119406
591,28.0,3.0,0.6701511675101635,42.0,1132.0,115013.0,24.480736372938296,0.38644270127505176,0.9996996473474375
592,28.0,4.0,0.6102753803260211,57.0,1056.0,115028.0,14.083398323812963,0.3615052053650507,0.7182741274636879
593,28.0,5.0,0.6912126483729838,56.0,1103.0,115027.0,18.99398925688676,0.39035737993963515,0.9996599074803293
594,28.0,6.0,0.9453736765629337,70.0,1168.0,115041.0,14.76040497935193,0.43039368595482064,0.9996995132252517
595,28.0,7.0,0.7098773219841169,50.0,1135.0,115021.0,31.33315336908403,0.3857093304630026,0.8524565135761327
596,28.0,8.0,0.6301473059833931,59.0,1216.0,115030.0,17.148402161894165,0.3912960747411096,0.999663620756569
597,28.0,9.0,0.736220196507596,65.0,1133.0,115036.0,17.22147792922294,0.3889525589042062,0.9998006603955917
598,28.0,10.0,0.7452580203822329,37.0,1185.0,115008.0,30.766603206924135,0.38811548528597073,0.9996783182796005
599,28.0,11.0,0.7416321586909146,53.0,1139.0,115024.0,21.01832223327521,0.3957631214678379,0.9998248183057681
600,28.0,12.0,0.7646842359365069,63.0,1135.0,115034.0,16.586831323483644,0.3892853975378988,0.9997258035553828
601,28.0,13.0,0.7139900264324364,68.0,1152.0,115039.0,16.2360934143874,0.38921788796326573,0.9996525306582462
602,28.0,14.0,0.7227490921590035,55.0,1212.0,115026.0,25.04961894042367,0.3915195724755183,0.9996903462585204
603,28.0,15.0,0.6353029579647704,62.0,1002.0,115033.0,9.8238577433674,0.32530768192656434,0.6322527037539718
604,28.0,16.0,0.6975671812257151,55.0,1208.0,115026.0,18.064692944382234,0.3899684966526453,0.9998330177619019
605,28.0,17.0,0.6691730125809603,47.0,1182.0,115018.0,16.80724099487472,0.3969099172330891,0.9997548968841902
606,28.0,18.0,0.7286112623334962,32.0,1193.0,115003.0,46.56496526385204,0.39467819340315735,0.9996427211540176
607,28.0,19.0,0.7250967633536429,50.0,1166.0,115021.0,47.09214156943599,0.3873128914953876,0.9998748071340852
608,28.0,20.0,0.6777000153551765,49.0,1115.0,113451.0,23.266916609786897,0.3837668495969161,0.8685543201073367
609,29.0,0.0,0.7521199070028246,48.0,1223.0,115244.0,27.370330024518008,0.38447112037487674,0.9998304206598582
610,29.0,1.0,0.7208547148626616,63.0,1204.0,125297.0,19.1223611431404,0.3930969689404813,0.9997181374692707
611,29.0,2.0,0.7669148569845221,63.0,1159.0,122363.0,16.478985056655812,0.3926404467156289,0.99976398075758
612,29.0,3.0,0.8871256608144854,103.0,1137.0,120727.0,8.508960688419714,0.4222413391824561,0.9998483078821693
613,29.0,4.0,0.6611042295286103,53.0,1169.0,118767.0,17.34579771931273,0.3858146823370119,0.9997487500282717
614,29.0,5.0,0.7526308759692739,54.0,1204.0,119281.0,17.701151621249657,0.39766513542115556,0.9997291457769868
615,29.0,6.0,0.6416926961734795,56.0,1169.0,120652.0,14.434489534718713,0.38089771875094247,0.9242430042050606
616,29.0,7.0,0.6597847955774586,58.0,1161.0,120789.0,15.743354801330932,0.3850311404957083,0.999635021774235
617,29.0,8.0,0.7399916656841259,71.0,1187.0,124596.0,17.18588120687637,0.3892291682346739,0.9997918032230628
618,29.0,9.0,0.8528934335647775,52.0,1158.0,114537.0,17.64626878849467,0.4291760204869468,0.9998019919114096
619,29.0,10.0,0.6679592062718799,63.0,1134.0,118496.0,20.804446015819465,0.390642430041947,0.9996682194034415
620,29.0,11.0,0.7143959244865755,57.0,1180.0,127737.0,18.55235007326047,0.39014924623530634,0.9997630671132139
621,29.0,12.0,0.6583288517292568,63.0,1176.0,121169.0,15.160225577332573,0.3796322608854439,0.9997246925506346
622,29.0,13.0,0.6746060939958364,54.0,1158.0,121073.0,20.119410238792526,0.3870508579349766,0.9997133270670198
623,29.0,14.0,0.6966278544606919,51.0,1152.0,118124.0,19.620760827147663,0.37536187700786083,0.787452332611978
624,29.0,15.0,0.7553251350682567,47.0,1143.0,123521.0,25.967554690802103,0.3888475892834653,0.999749566532167
625,29.0,16.0,0.6240888140524059,43.0,1217.0,120609.0,33.16210880312246,0.39280851142932594,0.9997217384977148
626,29.0,17.0,0.7735085623142404,47.0,1177.0,120344.0,23.077783798411957,0.3856165930641927,0.9997818432083504
627,29.0,18.0,0.6529759516277538,49.0,1151.0,122620.0,18.882309626816234,0.38569952587055933,0.999749063581339
628,29.0,19.0,0.7217045029035002,51.0,1158.0,121734.0,19.796387195582025,0.38482078127789876,0.9997131081188422
629,29.0,20.0,0.8288419153055363,61.0,1114.0,119542.0,14.757963785323255,0.4010435179227154,0.851483847725981
630,30.0,0.0,0.631048609782684,49.0,1170.0,120001.0,19.621038110262486,0.3810921786575535,0.9997505379438877
631,30.0,1.0,0.7189114804976037,54.0,1043.0,120006.0,15.48056038415863,0.3931818582762653,0.9997843380045007
632,30.0,2.0,0.6347271197986026,73.0,1136.0,120025.0,9.613834888309931,0.3959041384387054,0.9489309498772245
633,30.0,3.0,0.7190019181570595,43.0,1108.0,119995.0,19.19461836316566,0.38768301738523636,0.908719151690289
634,30.0,4.0,0.6445640061738072,59.0,1148.0,120011.0,16.321392723871654,0.3856200712281922,0.99976470561966
635,30.0,5.0,0.7085783046245674,61.0,1127.0,120013.0,14.226980054831179,0.3882843918986183,0.844916330718495
636,30.0,6.0,0.7381198158240192,55.0,1161.0,120007.0,16.44059849611486,0.3875760315089819,0.9997395590335894
637,30.0,7.0,0.8301922292983298,74.0,1111.0,120026.0,14.706543998353371,0.37815963837084765,0.9999149691589502
638,30.0,8.0,0.7282719448969569,70.0,1189.0,120022.0,13.048392571818585,0.3925954555350748,0.9996473377243478
639,30.0,9.0,0.7265753693235624,55.0,1166.0,120007.0,22.872990336392604,0.3821000714307883,0.9997302268209756
640,30.0,10.0,0.7209462398422708,72.0,1122.0,120024.0,13.340881678311783,0.39117736730248864,0.9997027750199955
641,30.0,11.0,0.696167325095696,70.0,1068.0,120022.0,9.641890602090042,0.39893548614707686,0.8886681512697926
642,30.0,12.0,0.789316243171345,62.0,1130.0,120014.0,17.85508161543354,0.3879612884195651,0.9997538904211576
643,30.0,13.0,0.6317119349042448,52.0,1123.0,120004.0,16.525628065531027,0.39355699047865056,0.9997403856736673
644,30.0,14.0,0.7519995333614116,54.0,1133.0,120006.0,15.181043327697882,0.38452593867743357,0.8455010958399144
645,30.0,15.0,0.7712941252140758,58.0,1144.0,120010.0,12.857698497689038,0.39336343887266856,0.9997086577784532
646,30.0,16.0,0.7458888941341061,62.0,1147.0,120014.0,13.973558876412048,0.3931486874109563,0.9997209164705296
647,30.0,17.0,0.6695342059963639,62.0,1151.0,120014.0,9.491559080276978,0.389998496208521,0.9997577830156603
648,30.0,18.0,0.640893526560872,48.0,1180.0,120000.0,14.077415071213888,0.3865065793546407,0.9997319257493669
649,30.0,19.0,0.7384083086916757,57.0,1144.0,120009.0,17.306507712416426,0.39191336326567827,0.9998410107471831
650,30.0,20.0,0.7820659953584859,80.0,1113.0,118370.0,9.780421804199268,0.42472340058820046,0.999815927191158
651,31.0,0.0,0.7002488723303518,67.0,1133.0,118752.0,14.780464220994892,0.3826855186313103,0.8594845991224148
652,31.0,1.0,0.6086992007268142,53.0,1143.0,118738.0,20.642105319467433,0.37416276615176636,0.9510492054628942
653,31.0,2.0,0.7066995133583465,52.0,1198.0,118737.0,15.509164405907875,0.39687348730048455,0.9997232086735097
654,31.0,3.0,0.7406182387821288,66.0,1125.0,118751.0,13.598791537632913,0.3990402974067274,0.9997419307582106
655,31.0,4.0,0.7154643332433404,48.0,1155.0,118733.0,26.06843467401833,0.3811458918912428,0.8969957067637424
656,31.0,5.0,0.7487783614556951,53.0,1161.0,118738.0,26.33328545978684,0.39128162190868354,0.9997323582003792
657,31.0,6.0,0.6677847839200868,64.0,1059.0,118749.0,14.155891610798273,0.3778733339117444,0.9998321224624738
658,31.0,7.0,0.6678877466316254,49.0,1288.0,118734.0,19.906357125348364,0.39226210846154586,0.9997013127630564
659,31.0,8.0,0.7330793923644434,48.0,1121.0,118733.0,20.218730487228466,0.39124703932500093,0.9997045105879406
660,31.0,9.0,0.7833813252182977,58.0,1130.0,118743.0,17.1535860026031,0.39884472939234683,0.999904246332031
661,31.0,10.0,0.7782680861481492,46.0,1159.0,118731.0,33.18910605602564,0.38533509234500085,0.999868889068319
662,31.0,11.0,0.6902974846197929,59.0,1160.0,118744.0,22.093158288471443,0.39236525826951474,0.9998200633492447
663,31.0,12.0,0.7062119889225865,50.0,1142.0,118735.0,15.63418085124337,0.39294185765774825,0.9997483702875385
664,31.0,13.0,0.6982148718301344,45.0,1135.0,118730.0,21.974975227308438,0.38668540430437026,0.9997037584626427
665,31.0,14.0,0.717814369757028,48.0,1111.0,118733.0,30.69319191531643,0.3911866330374145,0.9997427247375041
666,31.0,15.0,0.6310883175150015,72.0,1222.0,118757.0,16.468130804834125,0.39086770067282983,0.9997000764379386
667,31.0,16.0,0.7091754892486019,53.0,1162.0,118738.0,20.270705376609175,0.3978446526456091,0.9997946897007927
668,31.0,17.0,0.6683140017138169,53.0,1107.0,118738.0,16.15150330637659,0.38397273377820906,0.8673139750465462
669,31.0,18.0,0.8266596689353904,77.0,1120.0,118762.0,12.276501973644885,0.37057235892628504,0.9998225452420938
670,31.0,19.0,0.6632001941311572,61.0,1180.0,118746.0,13.365452659164113,0.39533199095672866,0.9997036503351967
671,31.0,20.0,0.7082135588289722,39.0,1191.0,117058.0,33.037565606380674,0.3802622820300434,0.841119972296785
672,32.0,0.0,0.7389554461804555,72.0,1152.0,121950.0,13.392771165599454,0.3774617735404948,0.9996799248013601
673,32.0,1.0,0.6235112218188381,49.0,1215.0,121927.0,18.117932527658112,0.387366592402421,0.9998376635363941
674,32.0,2.0,0.7396307922161962,51.0,1159.0,121929.0,20.29680560834743,0.38970925268874745,0.9996853047973897
675,32.0,3.0,0.7040828104456356,51.0,1155.0,121929.0,17.782666619412485,0.3880039767481367,0.9997198556474508
676,32.0,4.0,0.7732349258427125,63.0,1042.0,121941.0,20.48444853056501,0.3829638037956281,0.7773226580240203
677,32.0,5.0,0.7337507675933055,62.0,1176.0,121940.0,18.05553261284084,0.3931531135307099,0.9997313693654364
678,32.0,6.0,0.7095536136754635,70.0,1107.0,121948.0,15.996703248553251,0.3864777325326194,0.9996776231884484
679,32.0,7.0,0.7360468743144263,49.0,1243.0,121927.0,29.349300173726892,0.3920735809777609,0.9998471076376335
680,32.0,8.0,0.6765485518261997,61.0,1160.0,121939.0,16.32671201796424,0.39665436994105907,0.9997365682894432
681,32.0,9.0,0.7142608499260614,51.0,1195.0,121929.0,21.06181681022993,0.3924312339680318,0.9997821744280612
682,32.0,10.0,0.6645282457615056,59.0,1119.0,121937.0,20.467377161504572,0.3845496092373971,0.911413372291632
683,32.0,11.0,0.8698684813288218,68.0,1174.0,121946.0,18.284695469164582,0.4089571303803097,0.841480800825416
684,32.0,12.0,0.7454888674275907,52.0,1134.0,121930.0,22.35131630904068,0.395205295872334,0.9997807614342344
685,32.0,13.0,0.7084604797427019,56.0,1187.0,121934.0,20.320202494916465,0.38958394294165555,0.9997006236953426
686,32.0,14.0,0.6996001282961086,46.0,1173.0,121924.0,23.19836970501701,0.38523743789889553,0.8493870486283507
687,32.0,15.0,0.7189730817411984,46.0,1244.0,121924.0,35.50237555447436,0.3941601873101329,0.9997826969712281
688,32.0,16.0,0.6144717051188853,51.0,1137.0,121929.0,23.04632033083847,0.38170480469021784,0.9998510076140679
689,32.0,17.0,0.6274370336771098,39.0,1219.0,121917.0,30.283317456953235,0.3847572966835081,0.9996498945684514
690,32.0,18.0,0.7266272189241101,63.0,1159.0,121941.0,20.575436594354283,0.3866808578405474,0.9996647621141965
691,32.0,19.0,0.780094778920738,56.0,1233.0,121934.0,29.596237782778953,0.3914921525719045,0.9998326532515472
692,32.0,20.0,0.6067392059733976,62.0,1145.0,120208.0,12.291303504637535,0.37885030238840434,0.9509609905174962
693,33.0,0.0,0.6841182223668771,48.0,1132.0,120060.0,18.83223538823967,0.38608242252705705,0.9997233433638226
694,33.0,1.0,0.8208220163400052,79.0,1143.0,120091.0,10.88887879507743,0.4259435454665583,0.9997645417766372
695,33.0,2.0,0.6478959601043097,83.0,1100.0,120095.0,8.277278304626334,0.3982467346558498,0.9443177595862385
696,33.0,3.0,0.7198905865441741,66.0,1155.0,120078.0,16.714262811856944,0.39329437875161877,0.9997987472720723
697,33.0,4.0,0.7043410139862016,58.0,1138.0,120070.0,15.738977726902384,0.3817959931229391,0.8640650028558741
698,33.0,5.0,0.6781062540985223,59.0,1084.0,120071.0,14.857336720118811,0.3879050056761566,0.920001297975084
699,33.0,6.0,0.7528014665003497,67.0,1118.0,120079.0,17.621881664794326,0.3911046316094847,0.9997419416484691
700,33.0,7.0,0.7270188785214365,54.0,1167.0,120066.0,18.84918795872591,0.39577719504867015,0.9997581596975964
701,33.0,8.0,0.6541821335326876,52.0,1167.0,120064.0,17.172999436860113,0.3848488708158049,0.922502908141508
702,33.0,9.0,0.7494332458497389,67.0,1183.0,120079.0,16.08050481722557,0.3944856400964497,0.9997540541801654
703,33.0,10.0,0.6775932801237966,58.0,1176.0,120070.0,17.374534575637608,0.3840364352415171,0.9076431159704162
704,33.0,11.0,0.6932406740446917,50.0,1121.0,120062.0,17.838545292604568,0.38761181302355474,0.999764204392038
705,33.0,12.0,0.709373616724311,56.0,1217.0,120068.0,17.566655407947646,0.392638645558381,0.9997678732650418
706,33.0,13.0,0.6307771879731826,71.0,1158.0,120083.0,15.102994676520018,0.3809485247884017,0.9286941441954357
707,33.0,14.0,0.8446887485432066,80.0,1125.0,120092.0,14.024721155340053,0.390078212344236,0.9997621428881401
708,33.0,15.0,0.7248419570413294,49.0,1244.0,120061.0,22.479764627460302,0.3923787489115427,0.9996733918015644
709,33.0,16.0,0.7147101615345961,54.0,1177.0,120066.0,20.15188716854708,0.38123489049455117,0.9996568989529782
710,33.0,17.0,0.7186203168237515,63.0,1206.0,120075.0,14.545049743904862,0.3951867873442805,0.9997901033668147
711,33.0,18.0,0.73931102166814,55.0,1170.0,120067.0,22.93256656019043,0.3851060429981601,0.8782397751353822
712,33.0,19.0,0.6340152775393768,51.0,1233.0,120063.0,18.69818616266149,0.39013121295335496,0.9998499442845077
713,33.0,20.0,0.7255387201775851,50.0,1122.0,118324.0,20.190456745605804,0.38873517495591847,0.9996831838673224
714,34.0,0.0,0.7073617835853149,54.0,1191.0,126676.0,27.29840096911566,0.3901540480907466,0.9997828714416523
715,34.0,1.0,0.6951074018789565,59.0,1184.0,126681.0,19.735016185294693,0.38940253283114057,0.9998022403237405
716,34.0,2.0,0.6941804003330398,68.0,1199.0,126690.0,22.18553484743414,0.38986565098615245,0.9996769312566611
717,34.0,3.0,0.6985268477422963,64.0,1148.0,126686.0,8.971169404774264,0.3904809476193837,0.9997123001615806
718,34.0,4.0,0.6241772994603898,58.0,1166.0,126680.0,13.236767647761617,0.39161086360380526,0.9997213900298562
719,34.0,5.0,0.6546175337478812,58.0,1209.0,126680.0,17.395058796602076,0.38569844346766213,0.9997445704659017
720,34.0,6.0,0.9111619535635765,74.0,1161.0,126696.0,13.275198474185675,0.4089297958419248,0.9997640098678512
721,34.0,7.0,0.6225053562881397,59.0,1209.0,126681.0,22.087110626670487,0.38512536986619816,0.9997454171687403
722,34.0,8.0,0.7865260066405246,84.0,1233.0,126706.0,8.631650724025443,0.42840516154439734,0.9996528576634597
723,34.0,9.0,0.7191904730120138,61.0,1193.0,126683.0,16.132981336423253,0.38708172204620017,0.9998355957274403
724,34.0,10.0,0.6693871733089596,60.0,1153.0,126682.0,14.906124795370038,0.3825133030068092,0.9243949644437961
725,34.0,11.0,0.7442760123481618,59.0,1217.0,126681.0,22.773829668255402,0.3888910655687249,0.9997297195513362
726,34.0,12.0,0.6901791122808296,58.0,1157.0,126680.0,19.07414918818071,0.38822870638428053,0.9997966999812115
727,34.0,13.0,0.6361798489764036,48.0,1228.0,126670.0,19.059557712018634,0.3880192934238279,0.9996796013556367
728,34.0,14.0,0.6815881602530183,71.0,1134.0,126693.0,14.17857657211791,0.39329061443594737,0.9998357882552593
729,34.0,15.0,0.7281637342110423,51.0,1120.0,126673.0,20.24870167903556,0.3827489137736565,0.8844818695662777
730,34.0,16.0,0.6236882285231159,55.0,1219.0,126677.0,16.11665838155273,0.3902519300733167,0.9502958100341377
731,34.0,17.0,0.6447945840519925,49.0,1232.0,126671.0,24.466642800028154,0.38986662040143316,0.9996790609817909
732,34.0,18.0,0.8384737390131711,81.0,1035.0,126703.0,10.817911997515548,0.3967656953992773,0.9997628494169473
733,34.0,19.0,0.8886842403281107,67.0,1253.0,126689.0,16.286882449458403,0.4204314812186434,0.9998741270509356
734,34.0,20.0,0.6905023116828403,68.0,1138.0,124892.0,12.975750631275337,0.39083832021885145,0.9997537427249493
735,35.0,0.0,0.7615830167584867,62.0,1205.0,126096.0,18.482661877871696,0.3914675182602493,0.9999475065688095
736,35.0,1.0,0.7360553575498201,63.0,1124.0,126097.0,16.06718626140508,0.39038755262228986,0.9998016934770404
737,35.0,2.0,0.645044723065036,63.0,1201.0,126097.0,16.998872006778203,0.3861290958432303,0.9510579774812933
738,35.0,3.0,0.6609732306915511,49.0,1216.0,126083.0,18.98597175095699,0.3869798992785839,0.951044276951978
739,35.0,4.0,0.7712513312280802,74.0,1163.0,126108.0,11.243227396564222,0.40144880879159917,0.9997578777637136
740,35.0,5.0,0.6499519336733616,52.0,1163.0,126086.0,10.504529202343257,0.397432851769024,0.9402273487035231
741,35.0,6.0,0.7377799936243004,59.0,1174.0,126093.0,18.113006760819218,0.38572590004691465,0.8964644715671543
742,35.0,7.0,0.8086688653175154,63.0,1129.0,126097.0,15.527769904840378,0.3810570812330413,0.9997931707223093
743,35.0,8.0,0.621251084201869,60.0,1196.0,126094.0,19.866487882035024,0.3860716491057624,0.9998117639042092
744,35.0,9.0,0.6396505239851459,50.0,1201.0,126084.0,15.557876413796684,0.3930066289984797,0.9997785450061616
745,35.0,10.0,0.7277752948912439,59.0,1118.0,126093.0,11.849955097643411,0.39109673963400204,0.999791399438033
746,35.0,11.0,0.848895696578559,82.0,1159.0,126116.0,12.724667658334079,0.4027704795547945,0.9997740266750154
747,35.0,12.0,0.6616283749441865,54.0,1169.0,126088.0,17.334532581370937,0.3862588277841733,0.9996571681771838
748,35.0,13.0,0.6130099318394688,56.0,1137.0,126090.0,19.989758027388167,0.39059976122421436,0.9996347479763978
749,35.0,14.0,0.7607794037877733,68.0,1113.0,126102.0,14.392574321995667,0.40936348994096705,0.9998918073133671
750,35.0,15.0,0.6447945840519925,39.0,1232.0,126073.0,31.334268398949117,0.3806588978322606,0.9997358588593765
751,35.0,16.0,0.6218903952934343,49.0,1161.0,126083.0,23.853910032513134,0.3927674081884729,0.9510589922448209
752,35.0,17.0,0.6460723530009312,40.0,1202.0,126074.0,24.688853745863838,0.39301084407611686,0.9998692313385235
753,35.0,18.0,0.633637919401032,31.0,1221.0,126065.0,27.88886615522415,0.40153928481291956,0.9997306643026548
754,35.0,19.0,0.798094562994762,81.0,1192.0,126115.0,10.759825981101871,0.3965555074146534,0.9999094421980042
755,35.0,20.0,0.7357971124118974,56.0,1201.0,124368.0,25.495004603040808,0.39624667524888846,0.9998354510631464
756,36.0,0.0,0.7082241364009085,63.0,1189.0,126600.0,17.11851351973986,0.39430948649830033,0.9997197843408755
757,36.0,1.0,0.6308160564928516,60.0,1165.0,126597.0,13.40875696318706,0.39018428234606084,0.9997506757923763
758,36.0,2.0,0.6757377798797191,68.0,1159.0,126605.0,12.236095728142276,0.3943865233510263,0.9106516456714542
759,36.0,3.0,0.6164165422277601,43.0,1213.0,126580.0,28.324343296229614,0.3877402563242668,0.9510489792678627
760,36.0,4.0,0.7613182576594002,70.0,1149.0,126607.0,10.790517758407601,0.386825242820376,0.9999780363452911
761,36.0,5.0,0.724083530867528,68.0,1168.0,126605.0,13.016907516338573,0.3924172458277476,0.999765138290433
762,36.0,6.0,0.6412698944773148,55.0,1187.0,126592.0,13.88641038128351,0.40007842416528927,0.9485484593432595
763,36.0,7.0,0.6237819319872665,64.0,1174.0,126601.0,10.096967102159564,0.39479904196464655,0.9998052827661179
764,36.0,8.0,0.7719016524627638,52.0,1187.0,126589.0,16.448727263387642,0.39034880511857906,0.9998428307937832
765,36.0,9.0,0.7016066509717778,44.0,1226.0,126581.0,18.425251693854936,0.38910576400657193,0.9998445432048134
766,36.0,10.0,0.6469686006957844,63.0,1139.0,126600.0,8.349437934569478,0.39187506804639893,0.9997493356080811
767,36.0,11.0,0.6909522714995897,46.0,1189.0,126583.0,17.02270361224297,0.39406515272874043,0.9998248117637735
768,36.0,12.0,0.6164783581205693,48.0,1229.0,126585.0,25.47574528614084,0.39017378314047946,0.9510580164079235
769,36.0,13.0,0.7062128421197955,50.0,1212.0,126587.0,27.954290618699705,0.3975885843975394,0.999737795279745
770,36.0,14.0,0.6356512785066953,66.0,1141.0,126603.0,9.09358202323302,0.39558338631555734,0.9501876151836041
771,36.0,15.0,0.6560806312424933,56.0,1207.0,126593.0,15.982439597083316,0.39403468771804895,0.9997413329972162
772,36.0,16.0,0.8978974623358148,70.0,1187.0,126607.0,14.36181271100942,0.42601266163094287,0.9997696780917893
773,36.0,17.0,0.7452397516078401,56.0,1160.0,126593.0,14.357262863981138,0.39170675615448924,0.9997867778869917
774,36.0,18.0,0.7281305957964858,57.0,1184.0,126594.0,23.696250623223232,0.3916814212024953,0.9997962609248486
775,36.0,19.0,0.6703814662861509,50.0,1230.0,126587.0,21.54756377258067,0.3932307834552462,0.9998605187653146
776,36.0,20.0,0.7155627919585293,55.0,1266.0,124910.0,17.970582592329514,0.4025670324153865,0.9997339956727924
777,37.0,0.0,0.656855981748902,49.0,1210.0,126427.0,45.8352077160606,0.3932091398453281,0.9996715162744038
778,37.0,1.0,0.7032404396948668,57.0,1259.0,126435.0,17.982018047689387,0.39576700252959274,0.9998013407747045
779,37.0,2.0,0.6515865608983763,72.0,1122.0,126450.0,9.945484753026234,0.40809190069556966,0.9997278363213916
780,37.0,3.0,0.768138579241825,71.0,1205.0,126449.0,10.565427923116838,0.4107509817653745,0.9997714585272348
781,37.0,4.0,0.7040412018654223,49.0,1149.0,126427.0,23.496624158030006,0.3892756289361359,0.9997866275198959
782,37.0,5.0,0.6445076345250007,52.0,1167.0,126430.0,23.204850292492235,0.38239417911004536,0.9510500761667564
783,37.0,6.0,0.6227081600636685,45.0,1208.0,126423.0,29.449178577183677,0.39088293574562694,0.9997464229238475
784,37.0,7.0,0.6989777793590822,79.0,1242.0,126457.0,11.985640594997,0.4023085195888918,0.9996632971477372
785,37.0,8.0,0.634344508981446,67.0,1163.0,126445.0,14.226823893303903,0.3860603306489414,0.9336976975143956
786,37.0,9.0,0.7151516438813601,60.0,1197.0,126438.0,18.865862101330322,0.3903428780029279,0.9997469768846938
787,37.0,10.0,0.6616497459814452,50.0,1191.0,126428.0,21.551788859038208,0.3900720741076795,0.9997269495434856
788,37.0,11.0,0.6736204129536265,60.0,1106.0,126438.0,15.773103845637522,0.3880614198250466,0.9996745655104898
789,37.0,12.0,0.6418981841703566,59.0,1111.0,126437.0,12.733325662146719,0.38386078260295575,0.9438525307614049
790,37.0,13.0,0.6656897813297848,66.0,1176.0,126444.0,12.998548630170538,0.37646511053200027,0.9997219872998626
791,37.0,14.0,0.6228496380053942,51.0,1166.0,126429.0,22.883025285097887,0.39224859077903684,0.951045612183063
792,37.0,15.0,0.7085601028748414,65.0,1250.0,126443.0,18.02256346443836,0.3958644967998649,0.999747359009744
793,37.0,16.0,0.8530082401098675,75.0,1339.0,126453.0,17.053928795791368,0.42119044941703354,0.9998178471052782
794,37.0,17.0,0.6723334207600422,72.0,1187.0,126450.0,12.521161614764809,0.3897347967662981,0.9998182938266301
795,37.0,18.0,0.7265207107752598,55.0,1123.0,126433.0,17.388871414006392,0.38608549711852147,0.9037094706923482
796,37.0,19.0,0.6352510759493153,46.0,1104.0,126424.0,23.29823548305916,0.37870510935713053,0.951058215400762
797,37.0,20.0,0.6260014457662753,43.0,1220.0,124684.0,27.805938436770695,0.38642092137957074,0.9510435538104375
798,38.0,0.0,0.6341786357122057,67.0,1100.0,126991.0,16.91541932624187,0.388045746761039,0.999640762010428
799,38.0,1.0,0.6370975009918737,58.0,1185.0,126982.0,13.474419782070813,0.3767852715699821,0.9996941452567004
800,38.0,2.0,0.6810741550595427,74.0,1179.0,126998.0,10.189910299127263,0.3970284806029596,0.9508768948222571
801,38.0,3.0,0.8138352604178205,54.0,1246.0,126978.0,17.294669632149837,0.40174162257611057,0.9999279672874485
802,38.0,4.0,0.6832253549451505,67.0,1217.0,126991.0,8.955014818623837,0.38651350869849865,0.9997673524100076
803,38.0,5.0,0.6417527090587234,60.0,1161.0,126984.0,18.848565138124606,0.38877324048400186,0.9998344104394923
804,38.0,6.0,0.827611137624672,60.0,1193.0,126984.0,13.660478923659637,0.3986764353138007,0.999834805167226
805,38.0,7.0,0.621000345844092,62.0,1146.0,126986.0,17.82674854979618,0.38540917525998886,0.9510570633601413
806,38.0,8.0,0.688687860375043,72.0,1114.0,126996.0,12.914838556470036,0.38563960918259865,0.9997279630213498
807,38.0,9.0,0.6584378654709722,51.0,1143.0,126975.0,16.97382961946386,0.392382924159275,0.9393410612903967
808,38.0,10.0,0.7709696953491831,53.0,1223.0,126977.0,18.056366027887417,0.40003405791481483,0.9996816734410459
809,38.0,11.0,0.6890787375236951,66.0,1229.0,126990.0,15.980496250964071,0.39429895922602143,0.9997354023991867
810,38.0,12.0,0.6684292626340097,64.0,1257.0,126988.0,9.176652040380151,0.3954462426335993,0.9998013270660822
811,38.0,13.0,0.6803785467865902,47.0,1244.0,126971.0,19.636478035769603,0.396778421063569,0.999755049136383
812,38.0,14.0,0.612650005238699,64.0,1132.0,126988.0,16.999994562501854,0.38826182881272475,0.9510534060352863
813,38.0,15.0,0.6305150452431812,65.0,1108.0,126989.0,16.508766870662654,0.3891609849962855,0.9510503638573913
814,38.0,16.0,0.8360215078629836,75.0,1155.0,126999.0,11.501406757800728,0.39752144766658914,0.9999552751881708
815,38.0,17.0,0.7672217171559961,58.0,1098.0,126982.0,15.3683843366226,0.39170533480215697,0.9996581191100133
816,38.0,18.0,0.6498499942961016,46.0,1181.0,126970.0,25.23609979442772,0.3858452783544678,0.9997558793475602
817,38.0,19.0,0.9922222730395488,86.0,1191.0,127010.0,10.961327008792415,0.44714298084407555,0.9998110858438206
818,38.0,20.0,0.6494274253169182,52.0,1164.0,125158.0,15.15554637675529,0.38070116853131464,0.9479497397118208
819,39.0,0.0,0.6603740431236305,55.0,1203.0,127247.0,13.193602638890981,0.39083935022867977,0.9410717065952772
820,39.0,1.0,0.6439549131232327,69.0,1134.0,120172.0,9.784912468138184,0.4122858339776625,0.9436741587147036
821,39.0,2.0,0.6890423834599131,52.0,1174.0,121390.0,18.544306782936527,0.3850026836733882,0.8540075437334664
822,39.0,3.0,0.6419675631077659,48.0,1196.0,125691.0,16.984302857630244,0.3872526831689239,0.9470716102798229
823,39.0,4.0,0.7948686023327932,58.0,1219.0,124459.0,23.726457310617548,0.3932903867195161,0.9998048582762056
824,39.0,5.0,0.706432260544396,56.0,1158.0,125264.0,19.740702263543422,0.38872770511289734,0.8703992993524289
825,39.0,6.0,0.7713050501607887,65.0,1149.0,126912.0,11.321663581182783,0.3925438503620513,0.9997046528643285
826,39.0,7.0,0.7049621159177115,62.0,1193.0,122068.0,11.036726634480397,0.4025334415006099,0.9997559988852996
827,39.0,8.0,0.6579906088914307,64.0,1182.0,126318.0,10.352257272385511,0.4021792732803574,0.999683394236149
828,39.0,9.0,0.7025339215190171,52.0,1205.0,124909.0,19.756182380271646,0.39960322914373947,0.9997402566839763
829,39.0,10.0,1.0130737174217486,88.0,1096.0,117593.0,9.314899600732316,0.4025069301476728,0.9998775313787521
830,39.0,11.0,0.8680086713488473,71.0,1195.0,120400.0,11.218744628018303,0.4263084935443532,0.9998711317977813
831,39.0,12.0,0.6739231503451142,73.0,1170.0,128101.0,13.017426862758848,0.3908032657974432,0.9998219073753686
832,39.0,13.0,0.6773411817693864,47.0,1253.0,123362.0,17.087101924411908,0.39874174410158225,0.9998362648399162
833,39.0,14.0,0.6238922119599207,59.0,1199.0,126017.0,13.30310001740277,0.38746161081532104,0.9996670515488608
834,39.0,15.0,0.6361261242228586,45.0,1193.0,125277.0,25.844988669505028,0.3955791032553374,0.9510601149608802
835,39.0,16.0,0.7350590044802635,52.0,1197.0,127169.0,14.303991870001159,0.3834572878935515,0.9998277669169943
836,39.0,17.0,0.7004805672365094,61.0,1181.0,118758.0,13.661298693092599,0.42909553494080266,0.9998450996890177
837,39.0,18.0,0.7507216473566568,49.0,1235.0,126800.0,20.53177218298183,0.39526822819300467,0.999893250906454
838,39.0,19.0,0.6503588111489753,59.0,1212.0,125757.0,13.755887283144782,0.38709936497772424,0.9504956720457399
839,39.0,20.0,0.7103903209720888,53.0,1225.0,125540.0,10.669426129330994,0.3976115214373128,0.9099039839925841
840,40.0,0.0,0.623454064952468,51.0,1217.0,125738.0,25.729742839733966,0.3926835212518094,0.9510537457816035
841,40.0,1.0,0.6817841842980694,47.0,1275.0,125734.0,19.549181592300823,0.39467733116579173,0.9998293273618223
842,40.0,2.0,0.6811679881000753,67.0,1176.0,125754.0,14.042923993535952,0.3897513041468835,0.9997766302573285
843,40.0,3.0,0.8788164227528179,89.0,1054.0,125776.0,9.629460950815295,0.3975315832862527,0.9997822925014638
844,40.0,4.0,0.6484276543075387,68.0,1154.0,125755.0,9.613623460844888,0.3930227558696896,0.9998497946936463
845,40.0,5.0,0.744114618033185,43.0,1247.0,125730.0,19.25068547788343,0.40490770786890606,0.999661114701894
846,40.0,6.0,0.6581154495594909,63.0,1181.0,125750.0,13.271921746793419,0.42474787973399974,0.9997532216355584
847,40.0,7.0,0.6681627317871668,67.0,1113.0,125754.0,10.649978805848704,0.39258586471075485,0.9411246393769652
848,40.0,8.0,0.6618756895405363,63.0,1247.0,125750.0,12.886551776744055,0.40261060726401887,0.9998007046959456
849,40.0,9.0,0.7058677143645989,63.0,1228.0,125750.0,11.202206086896044,0.40330035300778855,0.9997779754806957
850,40.0,10.0,0.7158785390021165,57.0,1162.0,125744.0,13.553548233063562,0.39036395771201915,0.9068833327860808
851,40.0,11.0,0.624352308901401,60.0,1120.0,125747.0,13.014896731570408,0.38786880369885357,0.9510487117446056
852,40.0,12.0,0.6695988966234347,52.0,1145.0,125739.0,13.255066358381994,0.3972793021466269,0.9997533380516755
853,40.0,13.0,0.6117191658118946,47.0,1186.0,125734.0,24.085443983003756,0.39423833200223846,0.9510503344759627
854,40.0,14.0,0.830641524565481,65.0,1061.0,125752.0,14.723802340820301,0.38421680539950753,0.9998763250273756
855,40.0,15.0,0.6941396873003153,43.0,1242.0,125730.0,17.590349405259573,0.4007670041168405,0.9997716796570627
856,40.0,16.0,0.9167899323363209,57.0,1183.0,125744.0,16.678334866971944,0.42248161195382705,0.9998487038802787
857,40.0,17.0,0.6517542772114893,58.0,1162.0,125745.0,15.479879387114508,0.3958354043766873,0.9382378196914252
858,40.0,18.0,0.6775690727167293,41.0,1200.0,125728.0,22.007503931973513,0.39779377879489397,0.9997025624214236
859,40.0,19.0,0.6693213940263939,45.0,1253.0,125732.0,21.938436213230773,0.4011833675176044,0.9996834397557508
860,40.0,20.0,0.603306011136433,47.0,1229.0,124066.0,25.04606739871729,0.3973124684056796,0.9997919839536623
861,41.0,0.0,0.7300017986762928,54.0,1250.0,123471.0,15.450338954918504,0.40528289758545133,0.9998603067880899
862,41.0,1.0,0.6646018031542382,62.0,1243.0,123479.0,15.73145053411585,0.4026301485159043,0.9997012502259274
863,41.0,2.0,0.6942459042145381,69.0,1174.0,123486.0,8.860585921209113,0.39799530379895864,0.9507851981760609
864,41.0,3.0,0.7903989463985438,102.0,1190.0,123519.0,8.371524668550851,0.40517476548442055,0.9997995016297326
865,41.0,4.0,0.667673749866422,56.0,1225.0,123473.0,11.524885439374511,0.40593013748071016,0.9997685217742944
866,41.0,5.0,0.6895740347812183,65.0,1152.0,123482.0,16.469689948566955,0.3999773617144021,0.9997205320477707
867,41.0,6.0,0.6829718122195836,60.0,1236.0,123477.0,16.31352314870666,0.39883684408182196,0.9997340578227275
868,41.0,7.0,0.6447449215459722,61.0,1105.0,123478.0,9.173004046409051,0.3888267980944492,0.9445533325799925
869,41.0,8.0,0.7111015631183413,63.0,1217.0,123480.0,20.068875515039633,0.4019506446564388,0.9998218358562782
870,41.0,9.0,0.7090506501166589,57.0,1216.0,123474.0,15.285859441919115,0.3930595972675831,0.9997902073149811
871,41.0,10.0,0.6438510887689546,63.0,1169.0,123480.0,12.641018141131944,0.3926136446091104,0.9997759993078764
872,41.0,11.0,0.6440701288582472,54.0,1149.0,123471.0,22.2828843951319,0.3936789191244341,0.9996734727488773
873,41.0,12.0,0.9228186117165724,73.0,1108.0,123490.0,11.918643713113031,0.4186535886429963,0.9997712255530776
874,41.0,13.0,0.6796225044055063,45.0,1215.0,123462.0,22.334200169314368,0.39941293077376094,0.9997359961592798
875,41.0,14.0,0.6213926449775362,54.0,1125.0,123471.0,20.167639315401104,0.39539708126582995,0.9998116352228217
876,41.0,15.0,0.6429870619191536,34.0,1245.0,123451.0,42.4182298211424,0.39544288882220036,0.9997285198474896
877,41.0,16.0,0.7023928751880806,59.0,1187.0,123476.0,15.295429525749997,0.4015647200371104,0.9997172515245365
878,41.0,17.0,0.646789030830927,70.0,1179.0,123487.0,12.867874527243833,0.3918095937511583,0.9510479358202816
879,41.0,18.0,0.6270178948304048,43.0,1218.0,123460.0,27.785700338443036,0.3906493058874728,0.9998278396020785
880,41.0,19.0,0.720514975210468,75.0,1219.0,123492.0,11.778608887484246,0.4364057495145043,0.9998130177634217
881,41.0,20.0,0.6763373853494615,45.0,1179.0,121717.0,15.405533375874175,0.39199430662250045,0.9998245911698097
882,42.0,0.0,0.691072335696787,74.0,1171.0,123116.0,11.44456348714472,0.3963069577329068,0.9997775224843893
883,42.0,1.0,0.7343050184788416,54.0,1176.0,123096.0,14.209978002583293,0.4044014987832899,0.9998721951730853
884,42.0,2.0,0.7628889462686723,86.0,1115.0,123128.0,7.651107376607639,0.40801888229567296,0.9998314361849037
885,42.0,3.0,0.6494526836436055,55.0,1220.0,123097.0,15.559081607993178,0.3974343861077858,0.9996501165359992
886,42.0,4.0,0.6637242670921186,70.0,1121.0,123112.0,10.788401676923785,0.3960164565810582,0.9997783577972753
887,42.0,5.0,0.6209225579737536,51.0,1204.0,123093.0,23.578560705235148,0.3952756318841053,0.9510490655238527
888,42.0,6.0,0.7364143205332698,55.0,1218.0,123097.0,18.231137684098695,0.3959971945313353,0.9996537541304463
889,42.0,7.0,0.6540548103069317,61.0,1260.0,123103.0,14.291661197918982,0.3982691189089289,0.9997530297104633
890,42.0,8.0,0.7780159870403311,83.0,1166.0,123125.0,10.437738664574912,0.4169640777987558,0.9997628094661866
891,42.0,9.0,0.637459981625244,51.0,1216.0,123093.0,15.96411354966718,0.39574704459478427,0.9508882403453696
892,42.0,10.0,0.625202821002377,59.0,1202.0,123101.0,21.47237404258309,0.39850017169427643,0.9997326850411052
893,42.0,11.0,0.6378063751683427,48.0,1244.0,123090.0,17.344841202284062,0.38595607096306406,0.9997174147568348
894,42.0,12.0,0.6816052775085855,46.0,1272.0,123088.0,16.67838494471331,0.3928528792781,0.9997893605361975
895,42.0,13.0,0.7856504771844852,41.0,1219.0,123083.0,38.3659840880604,0.39471833473862894,0.9998376361446385
896,42.0,14.0,0.6620998979959591,69.0,1263.0,123111.0,11.402150639997856,0.39781517699750024,0.999788145296085
897,42.0,15.0,0.6634051742999854,60.0,1216.0,123102.0,11.517358249705357,0.3967080104737496,0.9997859690095141
898,42.0,16.0,0.7223636239250548,58.0,1266.0,123100.0,19.61301169153837,0.39836911916091,0.9997470748237535
899,42.0,17.0,0.6817459487281499,38.0,1196.0,123080.0,24.3539144821771,0.3941094350247757,0.9997527872195464
900,42.0,18.0,0.8023392297869437,74.0,1224.0,123116.0,13.115303976394229,0.44739727816454467,0.9996774135927936
901,42.0,19.0,0.6068959570242618,64.0,1168.0,123106.0,19.354158142365694,0.39906719074102726,0.9997117775350816
902,42.0,20.0,0.6497464136385007,56.0,1142.0,121353.0,14.724352096589007,0.3940908442314509,0.9504663769528091
903,43.0,0.0,0.7171667366790629,73.0,1173.0,124658.0,9.878740573328656,0.40574420554302415,0.9997525424589486
904,43.0,1.0,0.6566042312097103,56.0,1225.0,124641.0,16.14283491173359,0.3964313589025603,0.9997384258520569
905,43.0,2.0,0.6535497468603861,45.0,1214.0,124630.0,19.432957816635682,0.3939105629710479,0.9510469938098263
906,43.0,3.0,0.6391823500919245,63.0,1191.0,124648.0,13.100323605931386,0.3936705066067048,0.9998736730863494
907,43.0,4.0,0.6757680802883895,62.0,1260.0,124647.0,12.80806067435727,0.3984945756108075,0.9997504398478071
908,43.0,5.0,0.6946654619512335,55.0,1209.0,124640.0,15.98575968909041,0.4026763104529094,0.9997779373028848
909,43.0,6.0,0.6910601039722947,74.0,1177.0,124659.0,12.406777496170351,0.4064367230997462,0.9510553832236731
910,43.0,7.0,0.6182783884511119,40.0,1259.0,124625.0,22.145007229799674,0.39046980828041744,0.9510450280159799
911,43.0,8.0,0.6419745700882936,73.0,1195.0,124658.0,16.357911694769022,0.3835960729138329,0.951049737444572
912,43.0,9.0,0.6877153185870967,67.0,1231.0,124652.0,11.655917593950191,0.4025723877846983,0.9997036509382249
913,43.0,10.0,0.6655005608644827,78.0,1198.0,124663.0,7.1764316201082385,0.4292041999207319,0.9997524321614322
914,43.0,11.0,0.8065577337963274,54.0,1131.0,124639.0,14.472626664919911,0.40359780928651234,0.999664019409211
915,43.0,12.0,0.7037636408294993,67.0,1196.0,124652.0,22.565837120616212,0.39408075290675004,0.9997187737950899
916,43.0,13.0,0.6807463917169405,61.0,1174.0,124646.0,12.28151688585578,0.39390495580819096,0.9997794023264451
917,43.0,14.0,0.6590969686497274,58.0,1237.0,124643.0,13.14060233806836,0.4000541919882509,0.9997523928087163
918,43.0,15.0,0.6506312731653021,43.0,1196.0,124628.0,22.618721146371012,0.3969933687948902,0.9510473947088937
919,43.0,16.0,0.6230174368837049,49.0,1216.0,124634.0,26.30019913012777,0.40036072705315906,0.999652987168532
920,43.0,17.0,0.6515477534365008,47.0,1208.0,124632.0,25.335443876979717,0.3923717134145832,0.999759189047002
921,43.0,18.0,0.663648627396751,57.0,1235.0,124642.0,15.872203280073947,0.3949971861065804,0.9996765061016117
922,43.0,19.0,0.625775461874059,58.0,1218.0,124643.0,24.145285616635775,0.40055384170702824,0.9996617339658243
923,43.0,20.0,0.7524202738231471,39.0,1237.0,122955.0,31.089867883354966,0.40001026467069445,0.999842440882217
924,44.0,0.0,0.6380015592663986,55.0,1234.0,129717.0,21.946658799113955,0.4025105391270165,0.999726268390532
925,44.0,1.0,0.6225420829261653,72.0,1212.0,129734.0,16.762195200725625,0.4023912449395325,0.9510489789831462
926,44.0,2.0,0.6583960628443342,54.0,1165.0,129716.0,15.637549971674206,0.393403438916647,0.9510439866969733
927,44.0,3.0,0.6521759822670568,60.0,1228.0,129722.0,15.340152547659978,0.39379715827320605,0.9997544801823183
928,44.0,4.0,0.6376718039009921,52.0,1191.0,129714.0,15.133327384129396,0.39556023838461163,0.9998047301937841
929,44.0,5.0,0.6127593583153753,35.0,1244.0,129697.0,42.35709895413842,0.3948151170596369,0.9510571413426159
930,44.0,6.0,0.6393423776961378,54.0,1209.0,129716.0,23.869219069434727,0.39902966184613375,0.999737415713042
931,44.0,7.0,0.6678755961995335,52.0,1206.0,129714.0,17.939660072785692,0.387716227497915,0.9997498279400804
932,44.0,8.0,0.6449708885151275,41.0,1179.0,129703.0,28.557129015652972,0.3956972921656515,0.9510463267448677
933,44.0,9.0,0.8127689824146521,88.0,1054.0,129750.0,9.055350887024801,0.4116084803853617,0.9997621041606305
934,44.0,10.0,0.6116981340009413,60.0,1216.0,129722.0,19.502385620295065,0.3892261404583025,0.9510457391250512
935,44.0,11.0,0.6707272404523796,61.0,1164.0,129723.0,13.044632139930332,0.41531530959420837,0.9997154777116823
936,44.0,12.0,0.7207036546845247,64.0,1099.0,129726.0,10.971612165222364,0.38899533059247926,0.9997138707675265
937,44.0,13.0,0.6351624028409317,61.0,1203.0,129723.0,14.583323546438324,0.4026678400929513,0.9997114590428163
938,44.0,14.0,0.6216864682806119,55.0,1229.0,129717.0,22.201050177804476,0.40172278204473744,0.9997773239803026
939,44.0,15.0,0.6011703811163476,71.0,1208.0,129733.0,11.01629302097225,0.38908495347826355,0.951057425734863
940,44.0,16.0,0.8646459375318136,81.0,1214.0,129743.0,14.220605625129867,0.4197338267245003,0.9510483487702797
941,44.0,17.0,0.6762550533071869,62.0,1178.0,129724.0,15.845727654666524,0.39538351669378213,0.9998154911973163
942,44.0,18.0,0.6257157478187618,46.0,1234.0,129708.0,17.854158216150182,0.4013454030147464,0.9997758741903487
943,44.0,19.0,0.631776691637441,50.0,1192.0,129712.0,17.569787672684367,0.4037955256734306,0.999816905129738
944,44.0,20.0,0.7792963955735164,47.0,1263.0,127873.0,17.948142831754097,0.39655708319571437,0.9999016290702848
945,45.0,0.0,0.6201345464184654,50.0,1195.0,130547.0,15.867027344034952,0.389998171555095,0.9530179394231559
946,45.0,1.0,0.632900242284927,61.0,1170.0,130558.0,20.22592715532408,0.3905038339382292,0.9997347510201604
947,45.0,2.0,0.6143215252865863,48.0,1187.0,130545.0,25.684601332722618,0.39834041238642137,0.999797746931239
948,45.0,3.0,0.6766549189076718,65.0,1210.0,130562.0,15.228759723995703,0.4012356129005976,0.9997390473380813
949,45.0,4.0,0.6271807018210567,49.0,1161.0,130546.0,23.269291182068002,0.39647599237130116,0.9997150452350874
950,45.0,5.0,0.8176297162059616,85.0,1038.0,130582.0,9.02107641743373,0.40297867511330243,0.9998444635994915
951,45.0,6.0,0.6441857770863766,41.0,1247.0,130538.0,29.705299651749208,0.39946039113546183,0.9996973089380414
952,45.0,7.0,0.7461897302139469,62.0,1212.0,130559.0,12.100093183526653,0.40330995906213507,0.999690376199844
953,45.0,8.0,0.6422569411533235,48.0,1252.0,130545.0,25.414275109188225,0.3914456551906692,0.9997223233071536
954,45.0,9.0,0.6569620896502454,44.0,1258.0,130541.0,20.127761154966404,0.3912660014268662,0.9998127179118491
955,45.0,10.0,0.6754383519470293,54.0,1188.0,130551.0,14.011683502768605,0.39358892548245006,0.9510500024030969
956,45.0,11.0,0.678764038039658,52.0,1209.0,130549.0,18.57415092587853,0.39268575524311755,0.999782741139142
957,45.0,12.0,0.626441720997181,51.0,1271.0,130548.0,32.85314708966058,0.3928104742918421,0.9996855484699105
958,45.0,13.0,0.6561614015146524,57.0,1162.0,130554.0,14.787087405349986,0.38744815278229416,0.9510487137325198
959,45.0,14.0,0.6107922969434896,58.0,1177.0,130555.0,19.539890028136202,0.39954653573709553,0.9510514063864468
960,45.0,15.0,0.7147165813808761,73.0,1178.0,130570.0,11.483246352742443,0.4014310651321752,0.9999278771845734
961,45.0,16.0,0.9935774619036655,81.0,1090.0,130578.0,8.237615127372942,0.40287595452993596,0.9999532177937853
962,45.0,17.0,0.6287193893499325,53.0,1197.0,130550.0,23.021948958386403,0.3959176122593667,0.9510509343676687
963,45.0,18.0,0.9337634312897102,103.0,1176.0,130600.0,7.378459236496494,0.3995067641234127,0.999748016875183
964,45.0,19.0,0.6700596143226405,48.0,1309.0,130545.0,20.320144372763494,0.391928977316517,0.9997702639180259
965,45.0,20.0,0.6376271919268467,47.0,1239.0,128814.0,27.30626268626365,0.3969964549393308,0.9997478760905285
966,46.0,0.0,0.9001037373081711,70.0,1092.0,127347.0,9.883000639748692,0.38990093613460297,0.999908518873693
967,46.0,1.0,0.6635531990198262,59.0,1197.0,127336.0,15.206541123866055,0.3974826659567776,0.9998596959573323
968,46.0,2.0,0.6274684027192011,56.0,1219.0,127333.0,11.819847678960475,0.40008870801948304,0.9997871300024465
969,46.0,3.0,0.6225004686554798,58.0,1208.0,127335.0,16.161409839181776,0.391436004303533,0.9510437576622877
970,46.0,4.0,0.6896293465026251,64.0,1243.0,127341.0,11.682220510658759,0.3954846999302071,0.9997812764362359
971,46.0,5.0,0.750733047008475,59.0,1281.0,127336.0,11.828461774996175,0.41690245668248205,0.9997342806062656
972,46.0,6.0,0.7318850666001748,73.0,1248.0,127350.0,13.034672707961567,0.392675814465662,0.9997003086071359
973,46.0,7.0,0.6395529712006802,54.0,1199.0,127331.0,24.38927290141106,0.39203045869367215,0.9510582828737146
974,46.0,8.0,0.6706137664945391,52.0,1208.0,127329.0,10.971291781420112,0.3993060284619765,0.9998087455406954
975,46.0,9.0,0.6806771464206562,47.0,1227.0,127324.0,21.553187107150368,0.39162232024146615,0.9998381495255332
976,46.0,10.0,0.7726413783209334,61.0,1158.0,127338.0,11.258309540944623,0.39624408076533035,0.9997098228906737
977,46.0,11.0,0.6606425178573279,41.0,1203.0,127318.0,23.131627452673058,0.38589736253198936,0.9413703107709697
978,46.0,12.0,0.7097687817884532,47.0,1259.0,127324.0,17.671392356383144,0.3928298946261859,0.9997352639881643
979,46.0,13.0,0.6508758893207082,52.0,1218.0,127329.0,14.574543174929065,0.39359008518934036,0.9997958138241179
980,46.0,14.0,0.6920277857311256,59.0,1236.0,127336.0,12.680753792480592,0.4230509333699862,0.9997923091430363
981,46.0,15.0,0.7086877279752073,61.0,1116.0,127338.0,20.515784825098606,0.3954928724255218,0.9996764585800562
982,46.0,16.0,0.7330765838933392,46.0,1182.0,127323.0,20.30679254596858,0.3856627387057371,0.9204122945381316
983,46.0,17.0,0.6400865320636682,49.0,1208.0,127326.0,12.51064285184557,0.3886654823346384,0.9449632033023943
984,46.0,18.0,0.7531979149454033,51.0,1164.0,127328.0,12.202242232297245,0.39987072803136114,0.9490155680256345
985,46.0,19.0,0.6950011697619728,50.0,1158.0,127327.0,16.12063741802509,0.4009662339641683,0.9997758746677338
986,46.0,20.0,0.6745832873238582,58.0,1204.0,125585.0,18.380911750904435,0.3959317207730404,0.999725712305457
987,47.0,0.0,0.6373038489683984,58.0,1166.0,130843.0,20.533324889818765,0.38956198478967374,0.9510552597731949
988,47.0,1.0,0.6342911162798097,60.0,1141.0,130845.0,14.17925082986811,0.3873506802742197,0.9510448347442715
989,47.0,2.0,0.6342135161881036,68.0,1218.0,130853.0,19.823520888124353,0.3939697089055445,0.9510510941097464
990,47.0,3.0,0.6308290684891942,48.0,1251.0,130833.0,25.906237929693756,0.3943930852413309,0.999719664560258
991,47.0,4.0,0.6293380357063625,61.0,1197.0,130846.0,19.55304153371062,0.39686582044913354,0.999667718668927
992,47.0,5.0,0.7128055596768821,63.0,1219.0,130848.0,11.322307454057134,0.3969782009600602,0.9997856429558963
993,47.0,6.0,0.6541077965133552,71.0,1196.0,130856.0,16.68181324571627,0.3953147981767262,0.9997530929142212
994,47.0,7.0,0.8254114667892234,96.0,1093.0,130881.0,7.360457651794762,0.41013572320844927,0.9997726907494735
995,47.0,8.0,1.0140065194220087,105.0,1025.0,130890.0,6.571755388544944,0.4049953510830915,0.7920980633214437
996,47.0,9.0,0.8031890072174823,69.0,1261.0,130854.0,16.766331772527895,0.41651173829535404,0.9997197333673151
997,47.0,10.0,0.6591914885686658,47.0,1238.0,130832.0,20.079233217379436,0.39879697167798966,0.9997945339361599
998,47.0,11.0,0.6452699474929752,72.0,1238.0,130857.0,11.695918282414462,0.3865489189397253,0.9997738278262244
999,47.0,12.0,0.6451604646305107,60.0,1152.0,130845.0,18.770826964701325,0.39013217348959883,0.9998241184383128
1000,47.0,13.0,0.6655928028600673,60.0,1256.0,130845.0,16.545585146842424,0.3957083422608294,0.9997582508836447
1001,47.0,14.0,0.6252270378378029,49.0,1312.0,130834.0,27.678557137763743,0.3992958609673628,0.9997627332100201
1002,47.0,15.0,0.7052935884712129,47.0,1221.0,130832.0,21.042219572247976,0.39758416354873305,0.9997990003832143
1003,47.0,16.0,0.6391533820107407,52.0,1226.0,130837.0,17.730998128512187,0.39388475805376455,0.9997674990490286
1004,47.0,17.0,0.6292512314226189,49.0,1216.0,130834.0,24.75093551522561,0.4010213932204041,0.9997203666621111
1005,47.0,18.0,0.637651853709585,54.0,1212.0,130839.0,23.292752437354203,0.3929214688754159,0.9996683471431063
1006,47.0,19.0,0.6776104492419964,48.0,1267.0,130833.0,15.340358867362282,0.40225744875970604,0.9997545116798842
1007,47.0,20.0,0.6392486694354511,48.0,1251.0,129086.0,17.343542819667576,0.3968035575874109,0.9996584657084879
1008,48.0,0.0,0.6716015922876116,62.0,1230.0,127408.0,12.843338234127184,0.3977006862706721,0.9997463155227574
1009,48.0,1.0,0.6861552461125491,75.0,1171.0,127421.0,10.581889094358543,0.3952602454493286,0.9406290162466233
1010,48.0,2.0,0.6402890937503571,69.0,1190.0,127415.0,9.540939754921723,0.3950710719494026,0.9439095509298272
1011,48.0,3.0,0.6576787988819495,45.0,1254.0,127391.0,27.4907281875917,0.38585822385335455,0.9997553233164592
1012,48.0,4.0,0.6559267495957205,66.0,1225.0,127412.0,11.24442989947517,0.39846605041356,0.9997763239879612
1013,48.0,5.0,0.7793153425271179,76.0,1166.0,127422.0,9.260681396636706,0.4202748425171786,0.9998083520052374
1014,48.0,6.0,0.7524634043935446,72.0,1278.0,127418.0,11.107846374991404,0.4259659073187003,0.9998355545086948
1015,48.0,7.0,0.6437366641205962,45.0,1235.0,127391.0,18.3333247276731,0.3989451581198624,0.9997652811510869
1016,48.0,8.0,0.6239212031329086,55.0,1221.0,127401.0,21.819620827859897,0.3952363986039864,0.9998202575247818
1017,48.0,9.0,0.7284111727757123,49.0,1260.0,127395.0,17.269493254486882,0.4042487598698524,0.9997419689879578
1018,48.0,10.0,0.6765879790426843,57.0,1163.0,127403.0,12.699345541447313,0.3970114536159818,0.9998206387215902
1019,48.0,11.0,0.7478172546072124,57.0,1238.0,127403.0,15.523780461384213,0.40435018926424837,0.9998453310972266
1020,48.0,12.0,0.8366522318297368,67.0,1209.0,127413.0,13.101383902967095,0.4336886169820807,0.9390828171705405
1021,48.0,13.0,0.6766326553854842,67.0,1167.0,127413.0,11.144861566210869,0.411823454007322,0.948619986603672
1022,48.0,14.0,0.6299023256801268,53.0,1188.0,127399.0,22.88259089902793,0.3912863235736054,0.9510593057272582
1023,48.0,15.0,0.686795914336991,56.0,1240.0,127402.0,13.06663861549013,0.3983963670238141,0.9997505413174196
1024,48.0,16.0,0.6090151841057236,45.0,1205.0,127391.0,18.3888732037756,0.3971843539239911,0.9997838843266615
1025,48.0,17.0,0.6465345274014275,46.0,1228.0,127392.0,20.812820127171644,0.39566701105359703,0.9997463981161266
1026,48.0,18.0,0.6922119882354913,49.0,1195.0,127395.0,22.475398085005136,0.39893269742361803,0.9267734573713314
1027,48.0,19.0,0.9301284329333903,84.0,995.0,127430.0,7.694722716537007,0.39987012252784127,0.9999264814838508
1028,48.0,20.0,0.7066934581256037,55.0,1262.0,125744.0,15.927736603491944,0.397301644360477,0.9997767627604959
1029,49.0,0.0,0.6985428149712822,45.0,1229.0,125029.0,24.706588742598342,0.39140488612361934,0.9997832812727319
1030,49.0,1.0,0.693588960521613,42.0,1258.0,126269.0,17.77712316267347,0.400949007191014,0.9996580014142128
1031,49.0,2.0,0.6299841906391753,69.0,1198.0,126625.0,12.063893648420034,0.3884288307718532,0.938188011495642
1032,49.0,3.0,0.8446400151570247,70.0,1158.0,123570.0,10.565674785532227,0.40377934708054297,0.9998670158465245
1033,49.0,4.0,0.750142265328331,55.0,1257.0,123728.0,12.659982927206254,0.4103181836674388,0.999773009231669
1034,49.0,5.0,0.6161759681839111,53.0,1175.0,125116.0,17.53509563580602,0.3906133985054613,0.9510447036370958
1035,49.0,6.0,0.624541279756831,50.0,1281.0,128065.0,26.652764044871653,0.39978620609461835,0.9997634660039781
1036,49.0,7.0,0.6757922600984165,62.0,1235.0,129307.0,15.051198943320653,0.3990826408393834,0.9997783626604426
1037,49.0,8.0,0.7022156113260939,56.0,1242.0,125510.0,13.299194991472543,0.40353065878297145,0.9998664181600384
1038,49.0,9.0,0.6914900569184647,69.0,1145.0,120084.0,6.575740148674492,0.3968326664142042,0.999767752882456
1039,49.0,10.0,0.6533205704051295,49.0,1187.0,125580.0,17.23780686128839,0.3932914437636541,0.9510575692176129
1040,49.0,11.0,0.7350217297236862,64.0,1218.0,132302.0,8.49255801252545,0.4042602042318253,0.9997552432771292
1041,49.0,12.0,0.6815936115245551,53.0,1215.0,124357.0,14.742824096068723,0.3928849338089131,0.9364977758172954
1042,49.0,13.0,0.93600846483761,76.0,1033.0,111444.0,7.972234940681488,0.39562432342122844,0.9615212876908711
1043,49.0,14.0,0.6574728666418146,48.0,1190.0,125257.0,17.621258489006546,0.39839775932027677,0.9308262839891236
1044,49.0,15.0,0.8058632626416846,90.0,1220.0,122922.0,9.403427760677424,0.4417719500606404,0.999663064775218
1045,49.0,16.0,0.918434788178931,72.0,1105.0,114707.0,9.800902490025345,0.4069087426944952,0.999813904624776
1046,49.0,17.0,0.6292754587214782,59.0,1154.0,124813.0,12.837413890071886,0.3931638803129659,0.9996480552706193
1047,49.0,18.0,0.6745918987617514,53.0,1223.0,126010.0,14.407717804946044,0.40417503246086983,0.9996776355829272
1048,49.0,19.0,0.7011532723188789,50.0,1161.0,118863.0,13.537040557821879,0.3946341925128444,0.9193821540798663
1049,49.0,20.0,0.7033074118128977,62.0,1243.0,124816.0,13.456142051991373,0.4053064814358812,0.9998739212783966
