,round,tube,sp_div_H,tot_pop_0,tot_final_pop,tot_auc,mean_fc,deg_score,nut_score
0,0.0,0.0,0.8109695669563118,40.0,682.0,51651.0,17.04998295001705,0.45439696069849533,0.6652018821688277
1,0.0,1.0,0.8020834056678929,40.0,764.0,45622.0,19.0999809000191,0.42209966381677066,0.9998557454048277
2,0.0,2.0,0.887515806067259,40.0,691.0,71680.0,17.274982725017274,0.3209874337852573,0.9998896229029651
3,0.0,3.0,0.6795760600755213,40.0,694.0,77389.0,17.34998265001735,0.30407760135982653,0.9997992459803849
4,0.0,4.0,0.7351869519461806,40.0,339.0,30554.0,8.474991525008475,0.367585762811808,0.42456864510505576
5,0.0,5.0,0.7569801544706936,40.0,358.0,25814.0,8.94999105000895,0.35926194610444373,0.4876685793555371
6,0.0,6.0,0.7480749730136107,40.0,566.0,23580.0,14.14998585001415,0.46589520940843465,0.9411988000066612
7,0.0,7.0,0.9472180486614785,40.0,477.0,39446.0,11.924988075011926,0.3097832591122619,0.5757980860302788
8,0.0,8.0,0.780352409786368,40.0,200.0,10026.0,4.999995000005001,0.4666975831581457,0.44556919448113164
9,0.0,9.0,0.2171093452626795,40.0,533.0,56734.0,13.324986675013326,0.2317053403857272,0.4999999700080937
10,0.0,10.0,0.7513823491589653,40.0,942.0,93681.0,23.54997645002355,0.32721990459315076,0.9998363474903363
11,0.0,11.0,0.19134962352139281,40.0,438.0,53556.0,10.949989050010949,0.20806757619983773,0.5208539613121298
12,0.0,12.0,0.7733851681494273,40.0,292.0,22242.0,7.2999927000073,0.38384492532307635,0.3293027858899332
13,0.0,13.0,0.9416436508116446,40.0,360.0,22476.0,8.999991000009,0.554072125424848,0.49999994827476313
14,0.0,14.0,0.58462935329342,40.0,800.0,67399.0,19.999980000020003,0.43487432822514993,0.49999988142108853
15,0.0,15.0,0.17624581169883222,40.0,492.0,57331.0,12.299987700012299,0.1955277700469661,0.546559237556445
16,0.0,16.0,0.8103811083736623,40.0,762.0,70608.0,19.049980950019048,0.35579757374185206,0.9997741708750225
17,0.0,17.0,0.8445300963379354,40.0,721.0,57989.0,18.02498197501803,0.4194832208196123,0.6677048572135429
18,0.0,18.0,0.8368139788319192,40.0,437.0,26500.0,10.924989075010926,0.4088160025415196,0.4929294789039462
19,0.0,19.0,0.27830544549695446,40.0,635.0,40838.0,15.874984125015875,0.4937711067123659,0.5921965861470414
20,0.0,20.0,0.6063646289310257,40.0,773.0,65543.0,19.324980675019326,0.3921223615613295,0.9999466868526695
21,1.0,0.0,0.6027240857936024,21.0,406.0,18165.0,13.533319800013535,0.5519319287048254,0.4999727810470215
22,1.0,1.0,0.6226017685062908,14.0,388.0,17690.0,27.71424612250554,0.5523128941098059,0.49999995128225205
23,1.0,2.0,0.6893811542573124,21.0,395.0,21333.0,10.809509151117028,0.5566472320858007,0.4999999553226091
24,1.0,3.0,-0.0,12.0,431.0,35061.0,35.916636736136056,0.2502188194319712,0.2928932120398854
25,1.0,4.0,-0.0,31.0,420.0,37096.0,13.548382726328153,0.25009897073981935,0.2928931860065278
26,1.0,5.0,-0.0,30.0,440.0,38932.0,14.666661777779408,0.25092421097297324,0.29289318833196165
27,1.0,6.0,0.5352171607276706,10.0,225.0,5331.0,20.874959895913456,0.348514094366719,0.3289610286595125
28,1.0,7.0,0.6869615765973234,9.0,9.0,636.0,1.5357076275828534,0.048838692139576256,0.04986720533130917
29,1.0,8.0,0.536131953992997,11.0,234.0,9483.0,14.920591489271066,0.3823936693857698,0.35003797958270855
30,1.0,9.0,0.5915207203263981,25.0,553.0,26092.0,16.7592233438431,0.39667378313592094,0.9076265616033548
31,1.0,10.0,0.5791107020404519,21.0,504.0,24163.0,22.143736952622124,0.38749600791353156,0.7548683645365932
32,1.0,11.0,0.8292704009273497,22.0,587.0,27960.0,30.284643109335708,0.44782095011352885,0.9322182009462652
33,1.0,12.0,0.4576568287852075,37.0,634.0,53834.0,9.177488038413866,0.35959691573983565,0.5302583628648414
34,1.0,13.0,0.16000839978269982,26.0,558.0,51485.0,8.694434104992549,0.24110647253689577,0.3329216502083787
35,1.0,14.0,0.013855986408914892,24.0,524.0,52897.0,8.25756882234902,0.22513822143910334,0.2932743297788588
36,1.0,15.0,0.4974218611108578,39.0,770.0,65492.0,10.199390996986155,0.4431687017952072,0.4999999104902333
37,1.0,16.0,0.5172150240117073,38.0,767.0,65170.0,11.900848374727321,0.44297189463622977,0.4999998956390195
38,1.0,17.0,0.5178351213435516,44.0,754.0,66508.0,11.936807735883269,0.4457169796947925,0.49999992835299756
39,1.0,18.0,0.6412195543713334,35.0,720.0,52187.0,14.002516309885308,0.373138580477659,0.9246349654984738
40,1.0,19.0,0.6726536055996081,40.0,675.0,50249.0,11.789464505576483,0.36750813595254195,0.9349723292187238
41,1.0,20.0,0.6809581743596843,45.0,658.0,51898.0,10.467253506891913,0.367852843625301,0.9135001433217192
42,2.0,0.0,0.6292249347288719,23.0,393.0,21504.0,17.382560356131666,0.5523486066360819,0.49999991375428254
43,2.0,1.0,0.6575555516663301,21.0,411.0,23030.0,23.224964721938576,0.5530095400660239,0.499999943729173
44,2.0,2.0,0.6290853389309184,21.0,418.0,22655.0,19.749979005126875,0.5509049876272605,0.4999998883802189
45,2.0,3.0,0.5861865070831431,16.0,381.0,16505.0,22.516638372260147,0.5611807704718409,0.4999987902527977
46,2.0,4.0,0.5995833961783522,28.0,397.0,22293.0,14.684604478509115,0.5546652177625455,0.499999938726146
47,2.0,5.0,0.6213388462150591,26.0,390.0,22796.0,14.660118551422945,0.5524501003492492,0.4999999285877197
48,2.0,6.0,0.6444488910171988,27.0,420.0,21679.0,15.208322187508271,0.5564950798681949,0.4999998882846183
49,2.0,7.0,0.6490685401749132,21.0,397.0,18800.0,25.058775333156976,0.5534654179502874,0.49995253493617
50,2.0,8.0,0.6541655569867245,15.0,429.0,18178.0,37.24990437529496,0.5500753406670904,0.49999956373863763
51,2.0,9.0,0.5184772411597541,37.0,506.0,26386.0,9.717560862120449,0.39020948485390794,0.9297475444549324
52,2.0,10.0,0.5886170365789715,19.0,432.0,16347.0,17.418157328965194,0.3710795845277376,0.6858608625931522
53,2.0,11.0,0.754558356318501,25.0,570.0,25364.0,23.416619807215085,0.4181990311585446,0.8870396406229928
54,2.0,12.0,0.5432727813369008,42.0,780.0,69715.0,21.542836130639472,0.4451588045725223,0.49999987555050884
55,2.0,13.0,0.4711187461057047,39.0,773.0,70567.0,18.28887678643046,0.4438631580974378,0.49999995819981413
56,2.0,14.0,0.5126216855965455,26.0,756.0,63242.0,30.038056858116317,0.4349526570087795,0.4999999348685018
57,2.0,15.0,0.530155859270802,36.0,790.0,68395.0,18.544416151931284,0.4398405030963851,0.4999999151233082
58,2.0,16.0,0.4924511770501246,42.0,777.0,72246.0,16.960401060498118,0.44156332335540904,0.49999993085165106
59,2.0,17.0,0.49772811621717267,26.0,833.0,70608.0,30.449968733375705,0.44322231603861384,0.499999964533018
60,2.0,18.0,0.49321050466996713,41.0,780.0,69869.0,21.63807156375474,0.4440040913933042,0.499999891652546
61,2.0,19.0,0.5579568187680696,29.0,760.0,63995.0,30.63745762611854,0.4462357108703726,0.4999999848488961
62,2.0,20.0,0.5103589051632844,39.0,767.0,69612.0,34.94435376572719,0.44026122128276945,0.49999991297990964
63,3.0,0.0,0.6481185289709773,24.0,413.0,21878.0,19.527753503122284,0.5566688520582675,0.49999992766924806
64,3.0,1.0,0.6381753251212727,18.0,414.0,21397.0,23.041637812540134,0.5569480702116528,0.4999999108990141
65,3.0,2.0,0.634679363863486,18.0,381.0,18445.0,24.857096977143904,0.5541105578547483,0.49999989649463417
66,3.0,3.0,0.6346497543514713,34.0,375.0,20633.0,10.738590259221889,0.5512954799922192,0.49999989186561644
67,3.0,4.0,0.6206546708584532,22.0,343.0,19410.0,17.22647799293264,0.5552031434621214,0.4999978437225169
68,3.0,5.0,0.6521105686814621,23.0,355.0,21028.0,15.537485011474114,0.5496610970247122,0.49999994718711005
69,3.0,6.0,0.6663698917355845,27.0,395.0,22192.0,20.722694362458636,0.551961647493543,0.4999999147576176
70,3.0,7.0,0.6555980972488764,20.0,437.0,18385.0,47.472019183094886,0.5478711477386063,0.4999999114019049
71,3.0,8.0,0.6264037019788224,17.0,454.0,20586.0,27.374960270900274,0.5551699800111007,0.4999999121796046
72,3.0,9.0,0.6692834741590374,25.0,432.0,25744.0,17.21665237223457,0.5494706908759673,0.499999915505307
73,3.0,10.0,0.6466183526418104,20.0,413.0,21694.0,20.208312743077403,0.5555963157169328,0.49999966824597986
74,3.0,11.0,0.6643556378907752,19.0,402.0,19957.0,27.42494665428989,0.553498580843824,0.4999999207670419
75,3.0,12.0,0.6477824243801082,15.0,368.0,17807.0,24.151753879187552,0.5541477468506233,0.4998581026368266
76,3.0,13.0,0.6493444050833683,15.0,371.0,17838.0,25.099961800064403,0.5541369804715199,0.4999936372059055
77,3.0,14.0,0.6435900727319719,16.0,410.0,19008.0,25.199966966712758,0.5567523664689844,0.49999996068222274
78,3.0,15.0,0.62914000509172,25.0,421.0,24350.0,16.29998686667769,0.5573585360743046,0.4999999430651727
79,3.0,16.0,0.6468212168108125,14.0,447.0,24016.0,31.187455599022865,0.5559871166132254,0.49999991974651836
80,3.0,17.0,0.6681842145115421,13.0,391.0,20864.0,48.86343648856228,0.5520050456884155,0.4999999291204308
81,3.0,18.0,0.6445873236218831,20.0,440.0,23727.0,22.952352494371503,0.5542579843865495,0.4999999230965394
82,3.0,19.0,0.6270904153451295,13.0,409.0,16508.0,35.73324665581205,0.5482107751613086,0.49876286004483383
83,3.0,20.0,0.6140785977235286,24.0,339.0,17526.0,13.588877286430314,0.5522432337019278,0.4999999564284019
84,4.0,0.0,0.6342135161881036,27.0,406.0,23725.0,16.371411497980418,0.552418601784137,0.4999999759442564
85,4.0,1.0,0.6605124630997954,12.0,429.0,20135.0,36.81242898452627,0.5529839840674255,0.499999960304083
86,4.0,2.0,0.6405605590923158,21.0,392.0,24031.0,18.749979821452676,0.557962643922925,0.4999999306698969
87,4.0,3.0,0.632425261103507,23.0,403.0,23536.0,17.02306230533821,0.5543429038631282,0.4999999049654993
88,4.0,4.0,0.6593217068076083,23.0,348.0,18458.0,14.98808168841042,0.5517321430746769,0.4972266589119284
89,4.0,5.0,0.6744881924670899,24.0,431.0,25450.0,24.163119535251532,0.5541400046254602,0.4999999335542247
90,4.0,6.0,0.6630227369696228,23.0,389.0,20919.0,18.062480273461883,0.552897338103187,0.4999999464391335
91,4.0,7.0,0.6247441512901983,15.0,372.0,19509.0,24.30353954404711,0.5567317171884618,0.49999990101829794
92,4.0,8.0,0.6249706469436442,11.0,400.0,18610.0,38.22907478324795,0.554897066351638,0.49999992876814203
93,4.0,9.0,0.6269442509963432,22.0,403.0,22293.0,17.866650702792157,0.5499296381124059,0.4999998990444734
94,4.0,10.0,0.6527472995630165,22.0,379.0,22628.0,17.178554604609545,0.5542169741774228,0.49999993237527207
95,4.0,11.0,0.6110797453418934,17.0,393.0,20275.0,22.65275158374952,0.5550953449659906,0.49999991283594136
96,4.0,12.0,0.689294893666163,17.0,399.0,14533.0,38.083226686848924,0.5499581930183153,0.4999999504374817
97,4.0,13.0,0.6548764915574874,18.0,422.0,22212.0,28.732088182522396,0.5592073007151996,0.49999989140740464
98,4.0,14.0,0.6110797453418934,19.0,393.0,21098.0,21.1777549024939,0.5585792350237594,0.49999993896815886
99,4.0,15.0,0.6340278556561093,18.0,376.0,17663.0,20.31166524543149,0.5569140971977851,0.49998973290748716
100,4.0,16.0,0.6121688684126125,21.0,388.0,22936.0,17.735559764718037,0.5546964892546258,0.4999999034800422
101,4.0,17.0,0.6598217746572137,14.0,409.0,19610.0,37.015056451163495,0.5527468126413513,0.4999999426602155
102,4.0,18.0,0.6323940209773681,8.0,400.0,17286.0,57.93315768943944,0.5502637787302904,0.4998781715260816
103,4.0,19.0,0.6323940209773681,17.0,400.0,18242.0,23.1439100838329,0.5573654740485091,0.49999993120886055
104,4.0,20.0,0.683835027791938,12.0,433.0,18952.0,38.74992234392012,0.5513683682123975,0.4999999206473391
105,5.0,0.0,0.627877576171803,21.0,417.0,17849.0,20.240889403738194,0.552653656961845,0.4999999753387516
106,5.0,1.0,0.6511397694543424,23.0,410.0,17851.0,19.931347703804267,0.5545036597427353,0.49999993226726847
107,5.0,2.0,0.6441857770863766,19.0,406.0,17847.0,21.777754358049936,0.5558224504285172,0.49999987545048075
108,5.0,3.0,0.6683036337387199,19.0,455.0,17847.0,25.44227488416959,0.5518773528403441,0.49999996977984407
109,5.0,4.0,0.6160534210018755,22.0,369.0,17850.0,18.829384735687945,0.5551228870841747,0.4999999569522132
110,5.0,5.0,0.6445348498704329,12.0,443.0,17840.0,36.01422552255245,0.5516036949149058,0.49999989824660884
111,5.0,6.0,0.6564286558765713,25.0,427.0,17853.0,20.131553527277237,0.5540155133688678,0.4999999230922132
112,5.0,7.0,0.62387642600984,21.0,367.0,17849.0,16.902761902021393,0.5521569673009181,0.49960696323134424
113,5.0,8.0,0.6611021368056342,19.0,417.0,17847.0,23.038432149943432,0.5546806374091395,0.49999995600490355
114,5.0,9.0,0.648980515799227,24.0,400.0,17852.0,18.94442086423239,0.5555192738177981,0.49999991571754776
115,5.0,10.0,0.6481804772996035,15.0,336.0,17843.0,22.699965500058102,0.5221750456194452,0.4808061258230292
116,5.0,11.0,0.5907270604691023,14.0,461.0,17842.0,32.64994335011665,0.5406322948020462,0.49999995915688045
117,5.0,12.0,0.6421622453710949,22.0,398.0,17850.0,18.447599347869513,0.550782186572194,0.49999993545421906
118,5.0,13.0,0.614845225458249,16.0,420.0,17844.0,25.26663428893312,0.5515419159550126,0.4999777291923606
119,5.0,14.0,0.6119898033040059,18.0,375.0,17846.0,19.980497123487268,0.5580099135143832,0.4999989766220433
120,5.0,15.0,0.6473698013294892,19.0,403.0,17847.0,20.988071753146052,0.5514152765298349,0.49999996527384605
121,5.0,16.0,0.6533625837957919,14.0,414.0,17842.0,36.87869415088276,0.5556773178638691,0.4999999473121788
122,5.0,17.0,0.6559951247466362,16.0,395.0,17844.0,25.809051737257114,0.5542091432054507,0.4999999265449965
123,5.0,18.0,0.6673233891777541,21.0,411.0,17849.0,27.286710658647547,0.556092845501391,0.4999999160676807
124,5.0,19.0,0.6661055841887825,16.0,419.0,17844.0,49.46407788366401,0.5603051783870654,0.499999955206892
125,5.0,20.0,0.6319396857048982,19.0,361.0,17563.0,18.553550950279334,0.5510480970581937,0.49997978339939353
126,6.0,0.0,0.6298328503348758,22.0,392.0,19303.0,17.90474305671178,0.555186364917803,0.4999999398205651
127,6.0,1.0,0.5935698888766958,18.0,367.0,19299.0,19.3571214378728,0.5442930341968997,0.49549362920421813
128,6.0,2.0,0.6298328503348758,16.0,392.0,19297.0,24.74541819510208,0.5557888455302902,0.4999999225148486
129,6.0,3.0,0.6282055222444249,13.0,404.0,19294.0,31.472164683762333,0.5513989676330802,0.4999898157734509
130,6.0,4.0,0.6370887964180685,26.0,401.0,19307.0,15.119036155054093,0.5585870090696823,0.49999993697807943
131,6.0,5.0,0.6837616935781183,16.0,424.0,19297.0,39.76912197273096,0.5566648973369203,0.499999916931556
132,6.0,6.0,0.6185220408842138,16.0,388.0,19297.0,24.181783107496088,0.5536510492068416,0.49999988984876187
133,6.0,7.0,0.613669353527579,16.0,389.0,19297.0,23.484098214951384,0.5555372102753819,0.49999992607821186
134,6.0,8.0,0.5949553374442654,21.0,319.0,19302.0,15.540893921915657,0.5131439074689153,0.47673602991920305
135,6.0,9.0,0.6267059301949277,30.0,369.0,19311.0,12.174990962507469,0.5544540876565814,0.499999957146511
136,6.0,10.0,0.639590900918687,14.0,370.0,19295.0,26.428533673523326,0.5569194346323737,0.49999988557646935
137,6.0,11.0,0.6501639772145331,14.0,426.0,19295.0,30.3777306025484,0.5537726936709635,0.4999999662065542
138,6.0,12.0,0.6288689479941039,13.0,344.0,19294.0,25.892817950739932,0.5509239056669963,0.49804623563476835
139,6.0,13.0,0.6462323708709015,19.0,385.0,19300.0,19.784070068462597,0.5513045100068585,0.49999989854100046
140,6.0,14.0,0.5623351446188083,18.0,360.0,19299.0,21.37497440628087,0.5443220577480329,0.49884223321461774
141,6.0,15.0,0.6392135323691093,14.0,338.0,19295.0,23.844407817344916,0.529815567251372,0.48728418212714897
142,6.0,16.0,0.6378188838917034,21.0,352.0,19302.0,19.112471829737558,0.5564031260329696,0.4999998985425449
143,6.0,17.0,0.6273697624622726,21.0,421.0,19302.0,20.783308227813265,0.5485766855241719,0.49999993980875157
144,6.0,18.0,0.6397189022705627,25.0,426.0,19306.0,16.616869972602892,0.5523605937005931,0.49999992421768213
145,6.0,19.0,0.6756650018636826,24.0,413.0,19305.0,23.24733142776982,0.5559170972986021,0.4999999158104719
146,6.0,20.0,0.6050212054214787,16.0,399.0,19023.0,24.023780177663006,0.552994665612358,0.4999999335599893
147,7.0,0.0,0.6508180758715587,19.0,405.0,20276.0,22.038433816607323,0.54497082863447,0.4999999234736744
148,7.0,1.0,0.6376894694396162,21.0,391.0,20278.0,18.368164524396484,0.5580397760166866,0.49999992942693205
149,7.0,2.0,0.6383321646610722,19.0,378.0,20276.0,19.346570615336915,0.554901527504486,0.49999994130097936
150,7.0,3.0,0.6730116670092565,20.0,425.0,20277.0,23.273779407640372,0.5515637571880665,0.49999995375888473
151,7.0,4.0,0.6143283116805034,19.0,411.0,20276.0,21.244422428417934,0.5525128408838629,0.49999996432583615
152,7.0,5.0,0.6376805697882679,19.0,394.0,20276.0,21.076896992146974,0.5555628597382962,0.49999993991267555
153,7.0,6.0,0.6272554031002651,22.0,390.0,20279.0,18.69789412980648,0.5564316631170823,0.4999999421038237
154,7.0,7.0,0.6162982203713957,14.0,398.0,20271.0,27.416628159777417,0.5487568477222455,0.49999990534665373
155,7.0,8.0,0.5818464964982951,16.0,417.0,20273.0,24.944414188749768,0.5525474404223043,0.49999994208150556
156,7.0,9.0,0.5996826753721499,23.0,369.0,20280.0,15.415371534330813,0.5557701880080694,0.4999999326532274
157,7.0,10.0,0.6442963757652278,12.0,400.0,20269.0,33.33327777787037,0.5473799574383664,0.4999999389394152
158,7.0,11.0,0.6164356056202664,16.0,388.0,20273.0,23.44441569668483,0.5543265894019918,0.49999992475495736
159,7.0,12.0,0.6393423776961378,20.0,403.0,20277.0,20.86902191897059,0.5499193493895834,0.4999999499170129
160,7.0,13.0,0.6150414544493459,18.0,400.0,20275.0,21.35062541409468,0.5515817117281792,0.4998740073729324
161,7.0,14.0,0.6157406830893712,25.0,376.0,20282.0,14.863957088303247,0.5556516615633316,0.4999998910116803
162,7.0,15.0,0.6353288332990517,15.0,392.0,20272.0,26.83924882339273,0.5536072922353412,0.499999914882323
163,7.0,16.0,0.6497723362983784,17.0,407.0,20274.0,28.115331834438013,0.5523412570117441,0.4999999131434384
164,7.0,17.0,0.668831623187355,22.0,428.0,20279.0,24.376432672733817,0.5525739732066788,0.4999999308715566
165,7.0,18.0,0.6320897998595393,12.0,373.0,20269.0,30.937442265744828,0.531895418103328,0.4890438758957232
166,7.0,19.0,0.6469539532366189,24.0,378.0,20281.0,17.833311203736372,0.5601642771337554,0.49999991981626857
167,7.0,20.0,0.642724968920626,17.0,397.0,20033.0,23.196940022998128,0.551874063177257,0.4999891434432129
168,8.0,0.0,0.6448603221891901,21.0,425.0,20860.0,21.51664007226037,0.556463895075684,0.4999998940548285
169,8.0,1.0,0.6562206587160366,20.0,411.0,20859.0,23.699964200063867,0.5499992090383841,0.49999989859065586
170,8.0,2.0,0.6547637248662604,10.0,356.0,20849.0,35.04159482654222,0.5328491040802248,0.48707238151331955
171,8.0,3.0,0.6490685401749132,22.0,397.0,20861.0,18.566646669865484,0.560516440511411,0.4999999348081232
172,8.0,4.0,0.6694696933452617,27.0,406.0,20866.0,21.51360201204823,0.5602362529170676,0.4999999170171978
173,8.0,5.0,0.6643134591152671,20.0,431.0,20859.0,25.299961266736222,0.5514078263354348,0.4999999349260741
174,8.0,6.0,0.6424634786285945,18.0,415.0,20857.0,27.4999486608302,0.5496181289025724,0.49999990606002276
175,8.0,7.0,-0.0,12.0,179.0,20851.0,14.91665423612147,0.3283411095410913,0.29289318197137093
176,8.0,8.0,0.6313727800636019,17.0,414.0,20856.0,23.931787902934296,0.5447348163909802,0.49999994541873516
177,8.0,9.0,0.6449095273690426,15.0,396.0,20854.0,28.8976737578647,0.5546609062392852,0.49999990706040753
178,8.0,10.0,0.6850826465860866,17.0,410.0,20856.0,38.08322799636744,0.5574661401008018,0.4999999141659439
179,8.0,11.0,0.6508861694757068,15.0,388.0,20854.0,28.613582908175054,0.5522286914648094,0.4999999497368097
180,8.0,12.0,0.6331378387632067,12.0,417.0,20851.0,33.69994402866705,0.5555160717552938,0.49999979396777605
181,8.0,13.0,0.6329830707338222,22.0,399.0,20861.0,18.290456867596767,0.5560408719207532,0.499999906676342
182,8.0,14.0,0.6614076802145548,18.0,411.0,20857.0,28.428516747573976,0.5497037931549724,0.49999989433481373
183,8.0,15.0,0.6787466382613125,17.0,443.0,20856.0,32.96147329896621,0.5555349586753122,0.4999999521965818
184,8.0,16.0,0.6715331377129177,23.0,391.0,20862.0,25.58547460971423,0.554509442334274,0.49999987532004464
185,8.0,17.0,0.6233414378322204,17.0,390.0,20856.0,22.386335520010952,0.5502191996589557,0.49999990902041724
186,8.0,18.0,0.6467238528694028,20.0,387.0,20859.0,18.937480703145475,0.5544756450250853,0.4999999121638349
187,8.0,19.0,0.6258498405177857,21.0,386.0,20860.0,18.740890858282235,0.5481626754819497,0.49999992318447395
188,8.0,20.0,0.6397869808365589,17.0,417.0,20612.0,24.145805280703996,0.5531376344852853,0.4999998988868961
189,9.0,0.0,0.652544773153785,15.0,371.0,14400.0,30.44994575010185,0.5569031528514994,0.49549831567770264
190,9.0,1.0,0.6461609176200502,11.0,388.0,16804.0,47.80537118913271,0.5527967914745244,0.49999887205149607
191,9.0,2.0,0.6614106539911312,14.0,419.0,21056.0,32.72493783763576,0.5511138121603678,0.4999999460900949
192,9.0,3.0,0.6272817935270038,23.0,365.0,18090.0,15.65150170570487,0.5562507784646988,0.49979642170185123
193,9.0,4.0,0.6319396857048982,17.0,361.0,17780.0,20.874975781278188,0.5493788349312447,0.49939638914018736
194,9.0,5.0,0.6202760843034123,20.0,366.0,17239.0,17.787861337635896,0.5507803742963593,0.49948960679321297
195,9.0,6.0,0.6474466390346325,20.0,400.0,23019.0,22.66663288894874,0.555846060791739,0.4999999029015183
196,9.0,7.0,0.6267883802722471,22.0,372.0,20397.0,16.473198534773886,0.5562367559905675,0.4999999669764301
197,9.0,8.0,0.5950114747521905,22.0,365.0,19775.0,17.391649990293857,0.5535185316262083,0.49999993340246274
198,9.0,9.0,0.6045364845808017,21.0,410.0,18171.0,19.66664355558763,0.5573299732370927,0.4999998777209387
199,9.0,10.0,0.6251495897087561,16.0,406.0,19890.0,29.533288411181683,0.5553952544611528,0.499906492683174
200,9.0,11.0,0.6404570147909251,20.0,345.0,15839.0,16.86361971994313,0.5536197426050232,0.49535677061782013
201,9.0,12.0,0.6229785981078482,30.0,362.0,22790.0,11.70812582565111,0.5518604203397304,0.49999988857582733
202,9.0,13.0,0.6928497090635346,22.0,492.0,23596.0,46.63144212417666,0.5472626508239832,0.4999999428869747
203,9.0,14.0,0.6359716981093169,16.0,427.0,20260.0,26.6874666406667,0.5532830864337672,0.4999999320101124
204,9.0,15.0,0.6528653240802247,17.0,376.0,18979.0,23.541631298672087,0.5513335365614493,0.49999991884217865
205,9.0,16.0,0.6454389652079771,31.0,421.0,25848.0,13.254264940925397,0.5555461569569817,0.49999997167815446
206,9.0,17.0,0.6702294878418076,14.0,422.0,16324.0,29.833290277841208,0.5500342144632984,0.4974716359994954
207,9.0,18.0,0.6544519576420951,15.0,398.0,20483.0,27.0999585000703,0.548461863195929,0.4999999143426054
208,9.0,19.0,0.6484442986099135,27.0,401.0,23972.0,16.57141093369565,0.552771198267149,0.49999992960887873
209,9.0,20.0,0.6352714562364941,19.0,374.0,17224.0,19.113616345579352,0.5554173817659349,0.49874687899416936
210,10.0,0.0,0.6280756165626482,20.0,398.0,17457.0,19.249980625020314,0.5537716761542899,0.4999999019872189
211,10.0,1.0,0.6381753251212727,18.0,414.0,17455.0,22.437475390652324,0.5500066479438569,0.4999999543943794
212,10.0,2.0,0.6341242859493988,25.0,391.0,17462.0,15.35415358652825,0.556067484947653,0.4999651596957624
213,10.0,3.0,0.6342135161881036,13.0,406.0,17450.0,30.399951950080165,0.5612247374489814,0.4999999562175683
214,10.0,4.0,0.637115726002814,15.0,383.0,17452.0,25.080324159801215,0.5533814687545883,0.49999677271481036
215,10.0,5.0,0.6608727887194519,22.0,372.0,17459.0,17.695218733810563,0.5616750098676726,0.4999996626965463
216,10.0,6.0,0.6226665575346086,22.0,372.0,17459.0,16.41962721143189,0.551486574161395,0.49999991832538304
217,10.0,7.0,0.6618800909047641,32.0,402.0,17469.0,19.748116226672835,0.5483667578368285,0.49999992590577036
218,10.0,8.0,0.5733887088050712,13.0,315.0,17450.0,22.762465396930555,0.5108213963367922,0.4778621317257953
219,10.0,9.0,0.6216040895849184,23.0,380.0,17460.0,16.13748490314049,0.5560537418051639,0.49999879869046715
220,10.0,10.0,0.667190934170159,14.0,432.0,17451.0,52.79144871632919,0.5568538575439097,0.49999988941386475
221,10.0,11.0,0.6576710146556494,16.0,389.0,17453.0,24.216634505600958,0.5535529911362098,0.4999894243001358
222,10.0,12.0,0.6623388607198248,17.0,409.0,17454.0,26.024960345902315,0.5536798162657413,0.4999999061223146
223,10.0,13.0,0.6248233914651491,18.0,416.0,17455.0,22.833305138927663,0.5573020671628612,0.49999997916785877
224,10.0,14.0,0.6300370328501479,23.0,404.0,17460.0,17.02776272708627,0.5545595865792081,0.49999995991485613
225,10.0,15.0,0.6765664070202564,22.0,413.0,17459.0,20.204739237669976,0.5552963186832203,0.4999999460261084
226,10.0,16.0,0.6237610570589409,22.0,383.0,17459.0,16.91962672036098,0.5499455087048708,0.4999998841936396
227,10.0,17.0,0.6207226476842879,18.0,407.0,17455.0,22.249972638926387,0.5516955514789033,0.4999999717386091
228,10.0,18.0,0.6578936405905849,25.0,394.0,17462.0,16.386013775697926,0.552114528541034,0.4999998860765109
229,10.0,19.0,0.6261857730265481,23.0,398.0,17460.0,20.227748195732136,0.5538316219060062,0.4999999295393419
230,10.0,20.0,0.6359518962020501,16.0,412.0,17233.0,28.583280972337214,0.5546202445253441,0.49998761022407623
231,11.0,0.0,0.650390640876698,20.0,403.0,22241.0,19.76260669168369,0.5584973010494177,0.4999999579322426
232,11.0,1.0,0.6421622453710949,18.0,398.0,22239.0,21.62335191940899,0.5579561945566057,0.49999991257182586
233,11.0,2.0,0.6897523336955567,6.0,170.0,22227.0,30.999873750559374,0.31797002746442493,0.2817458315885397
234,11.0,3.0,0.6056680543946888,30.0,398.0,22251.0,12.680547156641598,0.5568340887262541,0.4999999350329203
235,11.0,4.0,0.6745772386828,17.0,406.0,22238.0,49.06645628991747,0.5574661187410364,0.49999995561111854
236,11.0,5.0,0.6670679605896513,20.0,409.0,22241.0,22.130924033487858,0.5530851886021508,0.499999948098071
237,11.0,6.0,0.6325456248372909,23.0,415.0,22244.0,18.433016387539176,0.559788072182559,0.49999993831775813
238,11.0,7.0,0.6907996872305049,17.0,438.0,22238.0,58.79973980127846,0.5580105921809339,0.4999999448086352
239,11.0,8.0,0.6262262845584756,23.0,376.0,22244.0,16.033318269459954,0.5557795377907075,0.4999999037443391
240,11.0,9.0,0.6546227361993158,19.0,417.0,22240.0,27.741613568177467,0.5626669754108954,0.49999993561246003
241,11.0,10.0,0.6581765468501707,19.0,426.0,22240.0,23.42945741539421,0.5584727550236162,0.49999989225131847
242,11.0,11.0,0.6318048730200054,19.0,401.0,22240.0,20.607120114822827,0.5438555529664311,0.4999999093025469
243,11.0,12.0,0.6565819383739603,23.0,413.0,22244.0,22.37774353463055,0.5557063367781814,0.49999991618560047
244,11.0,13.0,0.6701234321636695,10.0,407.0,22231.0,55.43728070414912,0.561618918477478,0.4999596225558972
245,11.0,14.0,0.6283600230280735,16.0,382.0,22237.0,23.874970156287308,0.5514307133280583,0.49964124981486346
246,11.0,15.0,0.5731778036227768,23.0,346.0,22244.0,14.757563149689393,0.5487865324096501,0.49751357450814604
247,11.0,16.0,0.6430945029771711,25.0,408.0,22246.0,15.935052313216417,0.5547247630584293,0.4999998863066366
248,11.0,17.0,0.6754340830816981,10.0,389.0,22231.0,42.833221984453246,0.5519836407342302,0.4998368518670451
249,11.0,18.0,0.6462243795136936,22.0,408.0,22243.0,18.11964148441933,0.5544760068864032,0.4999999650217424
250,11.0,19.0,0.647683798703623,18.0,391.0,22239.0,21.99997215281684,0.5545476920701866,0.4999999538749228
251,11.0,20.0,0.6521535229993944,13.0,422.0,21990.0,32.03744862821187,0.5531824404519579,0.49999992754243916
252,12.0,0.0,0.6329282800797367,29.0,393.0,17363.0,13.19696029232422,0.5593708817646847,0.49999992378812996
253,12.0,1.0,0.6006876381470195,22.0,430.0,17356.0,18.678553934966665,0.5537132873285637,0.49999989535665035
254,12.0,2.0,0.6572428406797329,12.0,428.0,17346.0,52.79979020099479,0.5620727497600309,0.49999995345583204
255,12.0,3.0,0.611824068168437,18.0,352.0,17352.0,18.92497941877265,0.5603208861796345,0.4999954134784578
256,12.0,4.0,0.591444480335528,19.0,352.0,17353.0,18.14442569508115,0.5581401125372544,0.49996448844203933
257,12.0,5.0,0.6613700238938122,18.0,331.0,17352.0,18.09997996252246,0.5564005125199218,0.49549530136573694
258,12.0,6.0,0.6179859468138744,25.0,418.0,17359.0,16.56248492189054,0.5539134411093443,0.49999996518132783
259,12.0,7.0,0.641599073724813,18.0,399.0,17352.0,22.291638645872425,0.550309993471328,0.4999998907891423
260,12.0,8.0,0.6063639607822283,15.0,363.0,17349.0,25.011319620444453,0.5595739638129527,0.49991378435585665
261,12.0,9.0,0.6055429842059223,32.0,405.0,17366.0,12.378423780012362,0.5615491529592527,0.4999998949610812
262,12.0,10.0,0.6122582962978766,20.0,484.0,17354.0,24.238066337908435,0.5495231769278148,0.49999990738446476
263,12.0,11.0,0.6792695614395325,19.0,367.0,17353.0,22.942821083738572,0.5550003827984952,0.49992922023272923
264,12.0,12.0,0.6316943984324563,26.0,392.0,17360.0,14.761893582774954,0.5548371108679102,0.49999991978373726
265,12.0,13.0,0.6622179775115847,19.0,388.0,17353.0,26.31661566400654,0.5485940400220619,0.4999984939302593
266,12.0,14.0,0.6420013838572223,23.0,410.0,17357.0,17.420619390919033,0.5562557653982172,0.4999999362149088
267,12.0,15.0,0.6165564926698526,17.0,365.0,17351.0,20.833307323267753,0.5566532780822846,0.49999439569211235
268,12.0,16.0,0.6214473421931842,16.0,409.0,17350.0,33.91812032904283,0.5529341489042863,0.4999998750741875
269,12.0,17.0,0.671656631151833,19.0,426.0,17353.0,26.078531072521265,0.5559562462988907,0.4999999097108204
270,12.0,18.0,0.6706479611169469,13.0,459.0,17347.0,44.06655221146019,0.5509397719891251,0.49999996337943275
271,12.0,19.0,0.6228259269005081,15.0,394.0,17349.0,25.899961700063102,0.5571611506516407,0.49999993703859746
272,12.0,20.0,0.6295540328429734,14.0,411.0,17121.0,44.833157431394845,0.5538206688274938,0.4999948447446809
273,13.0,0.0,0.6117489160551606,23.0,382.0,20216.0,16.352258704385324,0.556024537768619,0.49999996652768863
274,13.0,1.0,-0.0,8.0,223.0,20201.0,15.928548673501895,0.33071141997929976,0.2934317627796382
275,13.0,2.0,0.6875591856279588,15.0,445.0,20208.0,43.41654756982008,0.5609337674151416,0.49999992847958985
276,13.0,3.0,0.6007216083808814,14.0,371.0,20207.0,25.36662897043128,0.5555457010185648,0.49998586309419213
277,13.0,4.0,0.6331912421532278,17.0,353.0,20210.0,21.474968570886592,0.5577395416299067,0.49884597220169136
278,13.0,5.0,0.6857916611751746,20.0,421.0,20213.0,30.499937578272412,0.5586763636166586,0.49999989733150385
279,13.0,6.0,0.5833120212475233,18.0,374.0,20211.0,19.962478459398515,0.5592777873023005,0.49999991942153577
280,13.0,7.0,0.6673931899451416,21.0,385.0,20214.0,25.56612582516206,0.5575933094332115,0.499999910660734
281,13.0,8.0,0.6470729260607117,11.0,249.0,20204.0,22.446384853407913,0.44420371793279667,0.4087692203575718
282,13.0,9.0,0.6359559713979586,16.0,415.0,20209.0,26.390870044693706,0.553070028977229,0.49999984802177744
283,13.0,10.0,0.653770542059833,16.0,391.0,20209.0,44.17838880190621,0.5661028188579369,0.4999649607243434
284,13.0,11.0,0.6544190948064483,12.0,434.0,20205.0,41.55545123487764,0.5558455640911354,0.4995369606703649
285,13.0,12.0,0.6658563550133182,19.0,430.0,20212.0,29.45827588207728,0.5624542098753189,0.4999999310722638
286,13.0,13.0,0.632425261103507,12.0,403.0,20205.0,37.05546549409019,0.5516619158103282,0.4989571820757279
287,13.0,14.0,0.6444488910171988,20.0,420.0,20213.0,21.90473475060547,0.560982991285347,0.4999999415724057
288,13.0,15.0,0.6214620173645067,14.0,393.0,20207.0,28.874948062609597,0.5565603787473379,0.4999625590910144
289,13.0,16.0,0.6160534210018755,16.0,369.0,20209.0,28.67941682795999,0.5568638428346887,0.49982015923878276
290,13.0,17.0,0.6288689479941039,10.0,344.0,20203.0,33.291599618196216,0.5527579103408564,0.4954938239803979
291,13.0,18.0,0.6327532106005813,17.0,375.0,20210.0,22.799966650056493,0.560614205899451,0.49998738992052305
292,13.0,19.0,0.6193056695593322,20.0,390.0,20213.0,18.77081453995016,0.559826022950019,0.4999999470669019
293,13.0,20.0,0.6213388462150591,20.0,390.0,19952.0,18.959577354370033,0.5546378222502233,0.49999994825691796
294,14.0,0.0,0.593413440473913,20.0,410.0,17290.0,19.56041909795851,0.5663126428442797,0.4999999532726366
295,14.0,1.0,0.5958730535061996,22.0,385.0,17292.0,16.949984966680102,0.5642060809903875,0.4999999023557876
296,14.0,2.0,0.6738495072338582,15.0,383.0,17285.0,29.659033321409908,0.5666141140740508,0.4999999158734999
297,14.0,3.0,0.5992460840241463,17.0,401.0,17287.0,24.263859446409278,0.5584158447468848,0.4999998942745505
298,14.0,4.0,0.6387940626553973,21.0,401.0,17291.0,21.81246780474475,0.5576257661117822,0.49999993654098474
299,14.0,5.0,0.5998171604898256,14.0,421.0,17284.0,32.562448880289594,0.5633488777706037,0.4999999130739855
300,14.0,6.0,0.6508180758715587,29.0,405.0,17299.0,16.217515077396143,0.5596668964483049,0.4999999493748428
301,14.0,7.0,0.6423408142434098,16.0,424.0,17286.0,26.03329924449196,0.5588026419606789,0.4999999324483697
302,14.0,8.0,0.6400097476078505,13.0,390.0,17283.0,30.83327615752823,0.5591134255090394,0.4999999049030348
303,14.0,9.0,0.5936669464079654,17.0,317.0,17287.0,19.194421138145653,0.5495786549081549,0.49427375405247964
304,14.0,10.0,0.6631422992877449,22.0,439.0,17292.0,20.957119851728926,0.5603874289612756,0.49999992212528965
305,14.0,11.0,0.634619173567444,21.0,369.0,17291.0,17.327256420676537,0.5623057546132773,0.4999999008668965
306,14.0,12.0,0.6321699893038213,17.0,434.0,17287.0,26.36662812784303,0.5594933218090711,0.49999991816207623
307,14.0,13.0,0.6341242859493988,19.0,391.0,17289.0,22.23861056433828,0.5648996621236335,0.4999960320322312
308,14.0,14.0,0.6790625413211595,13.0,430.0,17283.0,42.38322133923292,0.5534690112998955,0.4999999020663398
309,14.0,15.0,0.6685001865552003,14.0,398.0,17284.0,31.524939412633245,0.5566933695902254,0.4999979801558976
310,14.0,16.0,0.6683247407301585,9.0,329.0,17279.0,37.92491158770824,0.5072268479159721,0.46993402055365485
311,14.0,17.0,0.6503023321046719,27.0,437.0,17297.0,21.909056995931092,0.5609438907903954,0.4999999196822531
312,14.0,18.0,0.6635464602862523,24.0,380.0,17294.0,18.555531913615603,0.5583323393682802,0.49999994225508193
313,14.0,19.0,0.6663878855946959,13.0,330.0,17283.0,27.152725559526722,0.5310421344329492,0.48040205328842556
314,14.0,20.0,0.6764842512163083,13.0,401.0,17065.0,91.87417177904011,0.5606575961248546,0.49999992618152256
315,15.0,0.0,0.6365141682948128,17.0,351.0,22054.0,20.386337716978026,0.5643313111918071,0.49999994210620835
316,15.0,1.0,0.6014240982053619,8.0,370.0,22045.0,44.133221289192235,0.5581251861748566,0.4954877504882128
317,15.0,2.0,0.6206101722129822,14.0,311.0,22051.0,21.588856279065823,0.5435489579448549,0.4891155455611723
318,15.0,3.0,0.6779091063970555,17.0,402.0,22054.0,29.826864219809615,0.5635711327426494,0.49999992950521066
319,15.0,4.0,0.689906791701363,13.0,435.0,22050.0,60.6815584723332,0.5658383887498055,0.49951386434477874
320,15.0,5.0,0.6359216140251389,19.0,391.0,22056.0,29.822839347032122,0.5631914155949731,0.4999999392903389
321,15.0,6.0,0.6682484776645385,21.0,378.0,22058.0,18.749979107168496,0.5591596445858253,0.49999996813648984
322,15.0,7.0,0.6446727225997786,16.0,408.0,22053.0,33.769144536756336,0.5651728184498499,0.4999998801353889
323,15.0,8.0,0.6692378990889634,17.0,427.0,22054.0,30.874940120328695,0.5529418387866987,0.49999991216029294
324,15.0,9.0,0.5890026049647302,23.0,377.0,22060.0,16.74240935033466,0.5642243398743658,0.499970041551805
325,15.0,10.0,0.613669353527579,20.0,389.0,22057.0,23.218707832126746,0.5600032217611761,0.49999993132313036
326,15.0,11.0,0.6074369177669534,15.0,375.0,22052.0,23.916634953747504,0.5606563887622742,0.4999917985924258
327,15.0,12.0,0.6522731986743897,24.0,405.0,22061.0,21.342072662109757,0.5541205137388294,0.4999999297103759
328,15.0,13.0,0.6426574665554625,23.0,365.0,22060.0,17.475468682749565,0.5614920791420381,0.4999999164841453
329,15.0,14.0,0.6403314227573478,20.0,416.0,22057.0,20.270812769118947,0.5575037953480761,0.499999947740436
330,15.0,15.0,0.6277158624663445,16.0,355.0,22053.0,25.7832941611726,0.5588354755777973,0.4985566284644156
331,15.0,16.0,0.6383465819821483,17.0,375.0,22054.0,22.974966154224273,0.5578786980494981,0.4999999117472709
332,15.0,17.0,0.6139698579328221,16.0,405.0,22053.0,24.34996881670924,0.5619322753858098,0.49999954551492065
333,15.0,18.0,0.6343278014304992,22.0,427.0,22059.0,19.60474116147604,0.566803113389104,0.49999993798453624
334,15.0,19.0,0.6002715981683887,21.0,455.0,22058.0,20.649018641384814,0.5494694687769514,0.49999989857934013
335,15.0,20.0,0.6507554179531928,19.0,422.0,21824.0,22.04759429708189,0.5671284046089228,0.4999999275380278
336,16.0,0.0,0.6513906359112049,24.0,460.0,20007.0,18.977761076558842,0.5616523197514924,0.499999892420148
337,16.0,1.0,0.6387285182503852,25.0,413.0,20008.0,17.53966412763662,0.5602605521984327,0.49999989738410766
338,16.0,2.0,0.5870695127531071,20.0,398.0,20003.0,19.8999801000199,0.566122900382557,0.49999991073797356
339,16.0,3.0,0.578058956418369,18.0,438.0,20001.0,22.922052779587112,0.5481315004239855,0.49999991610021377
340,16.0,4.0,0.5957819685306915,20.0,477.0,20003.0,23.464258239833402,0.5623112958427695,0.49999993576640256
341,16.0,5.0,0.625491359725573,22.0,418.0,20005.0,18.524983454181566,0.5651076015423686,0.4999999420165032
342,16.0,6.0,0.6260715510763175,26.0,417.0,20009.0,16.038449201192922,0.5620228707538347,0.49999992505655
343,16.0,7.0,0.6365141682948128,10.0,270.0,19993.0,36.42846224524441,0.45357854093536154,0.40919678799819204
344,16.0,8.0,0.606486326614545,22.0,373.0,20005.0,16.954530041336326,0.564627047765869,0.4999999334304772
345,16.0,9.0,0.6674644925523469,24.0,452.0,20007.0,22.277749197573748,0.5622788344780174,0.49999991835633206
346,16.0,10.0,0.6595976418701713,14.0,396.0,19997.0,30.824941612627292,0.5665040154129908,0.49998640285396834
347,16.0,11.0,0.6609014133791071,19.0,388.0,20002.0,20.48211962375266,0.5671568389411492,0.499995075115374
348,16.0,12.0,0.6365141682948128,20.0,426.0,20003.0,21.97616350910834,0.5645849956846318,0.4999998737275273
349,16.0,13.0,0.6307773388449653,19.0,372.0,20002.0,19.737155255622152,0.5656146583488837,0.49999992979029284
350,16.0,14.0,0.6161558687630508,10.0,346.0,19993.0,41.499848750685935,0.5379931045536528,0.4865711697251096
351,16.0,15.0,0.651864417729686,21.0,389.0,20004.0,30.111030031123747,0.5602866689333095,0.49999990379475234
352,16.0,16.0,0.6645845254294219,14.0,412.0,19997.0,88.30689977116933,0.5597514894559974,0.4999999248801763
353,16.0,17.0,0.6370887964180685,21.0,401.0,20004.0,21.74371798521311,0.5658168599823283,0.4999992268525528
354,16.0,18.0,0.6150742199488566,23.0,377.0,20006.0,16.401768862424298,0.5642751794874049,0.4999999298077694
355,16.0,19.0,0.5683274518306991,19.0,407.0,20002.0,22.033309429655613,0.5619498701585561,0.49999988682963403
356,16.0,20.0,0.6285134527933299,18.0,419.0,19793.0,24.423041520770525,0.5651004626756778,0.4999999241812778
357,17.0,0.0,0.6400097476078505,23.0,455.0,14237.0,20.09846706326186,0.5653446590102789,0.4999999466680568
358,17.0,1.0,0.6627788674250502,21.0,416.0,14235.0,21.71663910559574,0.5678604971946439,0.49999989590074767
359,17.0,2.0,0.6691833019458007,17.0,399.0,14231.0,28.846097906932144,0.5508101275504425,0.4999998938517527
360,17.0,3.0,0.6709321847375349,16.0,400.0,14230.0,25.266632622270897,0.563071200241084,0.49999990801633576
361,17.0,4.0,0.6582682835600926,16.0,358.0,14230.0,21.984099564156686,0.5595839682685964,0.49969967673090987
362,17.0,5.0,0.6788582415779248,19.0,421.0,14233.0,26.285673010278565,0.563914142135459,0.49999991623582907
363,17.0,6.0,0.6297219733478994,15.0,491.0,14229.0,32.107100695208665,0.5615845131090313,0.4999999450021948
364,17.0,7.0,0.6360107058259403,13.0,460.0,14227.0,40.84989965029868,0.5627047051113085,0.4999999155153537
365,17.0,8.0,0.6441275144071077,20.0,380.0,14234.0,18.999981000018998,0.5645717254838538,0.49999990307781206
366,17.0,9.0,0.6284905777017793,22.0,388.0,14236.0,18.358315843072322,0.5631109677423025,0.49748583677643077
367,17.0,10.0,0.6432568405674943,23.0,431.0,14237.0,20.656837293385852,0.5678269115174893,0.4999999260497725
368,17.0,11.0,0.6003132728220804,19.0,382.0,14233.0,19.190455521565855,0.5612458610865196,0.49999992161263795
369,17.0,12.0,0.6316943984324563,14.0,392.0,14228.0,27.1666282639443,0.5640870691044022,0.49999988478705437
370,17.0,13.0,0.6247441512901983,23.0,372.0,14237.0,16.366054426837906,0.5668340128868258,0.49999994320903174
371,17.0,14.0,0.6228641774834008,17.0,413.0,14231.0,23.435686870441266,0.5610032595002923,0.4999999181966107
372,17.0,15.0,0.5972458938931001,12.0,513.0,14226.0,41.187425703274904,0.5453994698428631,0.49999988282919583
373,17.0,16.0,0.6091854936072226,23.0,406.0,14237.0,17.549089229533237,0.5628889667886432,0.49999993234227746
374,17.0,17.0,0.6098058820750725,27.0,482.0,14241.0,18.73569536685984,0.5471350706305167,0.49999991118762965
375,17.0,18.0,0.6033631618967621,24.0,405.0,14238.0,18.564268354098132,0.5587609685183522,0.49999994616210486
376,17.0,19.0,0.5952989985142176,17.0,400.0,14231.0,22.42140269084715,0.5627284902435034,0.4999999222943107
377,17.0,20.0,0.594752779279681,16.0,376.0,13998.0,22.33330511114915,0.5579338007938746,0.4954307498624001
378,18.0,0.0,0.641674748832105,20.0,393.0,18524.0,19.21715274310636,0.5587129019757417,0.499999909907487
379,18.0,1.0,0.6612709758707389,21.0,438.0,18525.0,34.94434910524432,0.5604401401665333,0.4999999450032203
380,18.0,2.0,0.662061349361912,29.0,383.0,18533.0,13.97498812362248,0.563227040740816,0.4999999287264091
381,18.0,3.0,0.6341786357122057,27.0,400.0,18531.0,14.482341704507597,0.5644288116255263,0.4999999106506682
382,18.0,4.0,0.6508180758715587,21.0,405.0,18525.0,22.556216102404537,0.5680058793688736,0.4999999320645946
383,18.0,5.0,0.6191775773630255,21.0,416.0,18525.0,19.100942969231408,0.5662152937835143,0.49999989118639354
384,18.0,6.0,0.5958283603131779,16.0,378.0,18520.0,23.018149219887693,0.5652173134227299,0.4999999332695818
385,18.0,7.0,0.6446199572800766,21.0,356.0,18525.0,17.107124362267072,0.5587126711811488,0.49999995606669057
386,18.0,8.0,0.6177257438867515,13.0,386.0,18517.0,29.708279664463134,0.5651951734121747,0.4999980292696282
387,18.0,9.0,0.6837757023521253,22.0,417.0,18526.0,50.92477203862648,0.5628205209620565,0.4999999191036254
388,18.0,10.0,0.6588649732582437,20.0,411.0,18524.0,21.916638948452604,0.5662704134833527,0.4999979535285327
389,18.0,11.0,0.6286303333535803,18.0,425.0,18522.0,24.776887156274373,0.5608036055320422,0.4999998914405883
390,18.0,12.0,0.6602025637440194,16.0,427.0,18520.0,36.807596045665434,0.5494756364024539,0.49999994252866464
391,18.0,13.0,0.6359559713979586,15.0,415.0,18519.0,26.888852623507734,0.5753227246449408,0.4999998969067584
392,18.0,14.0,0.6640873782224401,25.0,421.0,18529.0,17.045123914703588,0.5628010850544904,0.49999992019280315
393,18.0,15.0,0.6547853492883704,26.0,367.0,18530.0,16.93331193614336,0.5633674282616421,0.4999999681526398
394,18.0,16.0,0.6376894694396162,22.0,391.0,18526.0,17.383317755569628,0.5692157061128247,0.49999992506171753
395,18.0,17.0,0.5850092269146535,15.0,379.0,18519.0,25.42041095308671,0.5621558918797497,0.4999999415155022
396,18.0,18.0,0.6705475882979419,22.0,373.0,18526.0,17.258911321765922,0.5689790283030053,0.4999996940571608
397,18.0,19.0,0.6753753022114868,16.0,399.0,18520.0,36.11528760385569,0.5637023709085947,0.49999992847057306
398,18.0,20.0,0.6453191334973598,15.0,427.0,18302.0,27.833295555608952,0.5602029971712279,0.4999999276889159
399,19.0,0.0,0.6017372389667692,26.0,411.0,20649.0,15.386893180989489,0.5613247227574166,0.49999990195991395
400,19.0,1.0,0.6543912549266473,18.0,376.0,17870.0,20.623352828499073,0.5750047053271881,0.499980999552597
401,19.0,2.0,0.6557421975126803,17.0,390.0,16936.0,27.288409826300015,0.5755656260209552,0.49999709120652536
402,19.0,3.0,0.622613150203588,16.0,353.0,12310.0,21.34997248337113,0.5591995647688637,0.4954461440964981
403,19.0,4.0,0.6418741655075033,14.0,378.0,13194.0,32.8180998625072,0.5638255422498384,0.49548919903931044
404,19.0,5.0,0.627941588739906,15.0,364.0,15598.0,29.791593090501593,0.5635086927545587,0.49999993105122853
405,19.0,6.0,0.6694621057555916,20.0,429.0,23680.0,21.19694854149669,0.5605712038405921,0.49999989183038085
406,19.0,7.0,0.6451604646305107,14.0,384.0,16679.0,27.428532244953935,0.5556940546245037,0.4997094051628256
407,19.0,8.0,0.6170688674430451,14.0,361.0,15682.0,31.166609814922428,0.5518356649579232,0.4953343229345575
408,19.0,9.0,0.5764782008972956,23.0,376.0,18942.0,16.041652957713755,0.5667998977317741,0.4999999438659761
409,19.0,10.0,0.6160428166250872,19.0,418.0,21220.0,21.61108870989982,0.560950330307554,0.4999999336597546
410,19.0,11.0,0.6088924845392105,20.0,346.0,19498.0,17.299982700017303,0.5639473404103537,0.49999995350837645
411,19.0,12.0,0.6746071733703844,27.0,448.0,23255.0,24.16814285999101,0.5574092078066071,0.4999999328131355
412,19.0,13.0,0.6657655390022765,18.0,425.0,22444.0,24.499968263934203,0.5589558149371604,0.49999997374836325
413,19.0,14.0,0.6453027437620489,20.0,453.0,24300.0,22.649977350022652,0.5674333766473667,0.49999995608255543
414,19.0,15.0,0.6275686533061371,18.0,430.0,22744.0,27.67852085470497,0.5650927396675579,0.49999992613485345
415,19.0,16.0,0.6672189864478711,11.0,419.0,16100.0,54.777559414610366,0.5675514340079166,0.4999516303543824
416,19.0,17.0,0.6376380194389768,19.0,409.0,21493.0,21.11902419503918,0.5667907907815455,0.4999999491196764
417,19.0,18.0,0.6255781537000079,20.0,399.0,20443.0,29.16659140546671,0.5630064506755683,0.49999997206716607
418,19.0,19.0,0.6398103208890007,19.0,414.0,21610.0,26.63328349455788,0.5668427454246363,0.499999925345222
419,19.0,20.0,0.5882969610665877,16.0,378.0,15457.0,22.65076612500246,0.5608667543371563,0.4998283679300023
420,20.0,0.0,0.621970193874683,13.0,389.0,19641.0,34.324937068868714,0.5697748901227122,0.49996337899383203
421,20.0,1.0,0.6162662499246283,18.0,385.0,19646.0,20.958307673646154,0.5705914139521071,0.4999999297808041
422,20.0,2.0,0.6507842690440746,20.0,391.0,19648.0,20.58330759924312,0.5744098993596277,0.4999998943465862
423,20.0,3.0,0.6756044775474798,14.0,423.0,19642.0,53.45810961913781,0.5705838805396675,0.4999999185554449
424,20.0,4.0,0.637080347804998,16.0,407.0,19644.0,24.7698106639336,0.551476705709653,0.49999990903586866
425,20.0,5.0,0.6734263955162971,17.0,389.0,19645.0,23.590877796188117,0.5706515038749117,0.49980378196671094
426,20.0,6.0,0.6376546615345302,19.0,403.0,19647.0,20.899978266689327,0.5640242434031182,0.4999988201727913
427,20.0,7.0,0.6072109212263772,18.0,399.0,19646.0,21.201275048939884,0.564489869737001,0.4999999445898713
428,20.0,8.0,0.6473657870575799,12.0,383.0,19640.0,32.312438672004006,0.5663260477404892,0.4986252013481641
429,20.0,9.0,0.6534681015922386,26.0,461.0,19654.0,21.20830659031805,0.5536574738044043,0.4999998988974975
430,20.0,10.0,0.652637373327912,18.0,474.0,19646.0,26.833299166714816,0.5510383154633807,0.4999999291508088
431,20.0,11.0,0.667070458722301,21.0,453.0,19649.0,30.051411091186264,0.5618600878765108,0.4999999529771856
432,20.0,12.0,0.5909800748243529,19.0,385.0,19647.0,19.323843789406222,0.564748476729757,0.49999992294603
433,20.0,13.0,0.5623351446188083,26.0,356.0,19654.0,13.244037717552793,0.5696441925481356,0.4999999682181667
434,20.0,14.0,0.6389186110504586,22.0,380.0,19650.0,18.541643967046596,0.5631004482804636,0.4999999283115133
435,20.0,15.0,0.6278032396191523,21.0,386.0,19649.0,20.587470082865302,0.5673882345560259,0.49999995730493374
436,20.0,16.0,0.6371019529267538,21.0,392.0,19649.0,19.61664267225641,0.5677400110561655,0.49999993785350627
437,20.0,17.0,0.6626207014746825,11.0,419.0,19639.0,42.645725165248635,0.5623726740680184,0.4999999101713948
438,20.0,18.0,0.6375760399421303,20.0,433.0,19648.0,22.36902013325877,0.5670504237785203,0.499999889761055
439,20.0,19.0,0.641674748832105,17.0,393.0,19645.0,31.583252281998895,0.5687955845698542,0.49999991697854573
440,20.0,20.0,0.6430945029771711,19.0,408.0,19455.0,26.43328362789113,0.568640760778659,0.49999998035840276
441,21.0,0.0,0.6365141682948128,17.0,345.0,15199.0,20.763863821403806,0.5690979808483574,0.49547952850161603
442,21.0,1.0,0.6600910324824134,28.0,395.0,15210.0,14.69296994717512,0.5741265073112607,0.4999999582685678
443,21.0,2.0,0.6402520460497659,16.0,425.0,15198.0,27.17268686122518,0.5698722089768551,0.49999994036755147
444,21.0,3.0,0.6569626415656571,18.0,374.0,15200.0,20.558417785490164,0.5751976113951638,0.4999814101029626
445,21.0,4.0,0.6810861122266477,14.0,400.0,15196.0,32.674935637643586,0.5638415669908117,0.49806327037017906
446,21.0,5.0,0.6541756935449438,21.0,393.0,15203.0,19.107121964310988,0.5777725248710683,0.49999975947266295
447,21.0,6.0,0.6376718039009921,20.0,397.0,15202.0,20.511879555024258,0.5710857545600359,0.4999999434947062
448,21.0,7.0,0.6449095273690426,20.0,396.0,15202.0,19.747231104964882,0.5727676539439113,0.4999998933980421
449,21.0,8.0,0.6572988435134068,15.0,387.0,15197.0,26.44995935006905,0.5697579276159235,0.4999738985042306
450,21.0,9.0,0.6630227369696228,26.0,389.0,15208.0,15.899986733344603,0.5717020270033429,0.4999999141513489
451,21.0,10.0,0.6382902424424506,21.0,387.0,15203.0,19.694424066379415,0.5675788665963317,0.49999802499204715
452,21.0,11.0,0.622088276464692,27.0,392.0,15209.0,14.738999892684369,0.5748987980587872,0.4999999398992744
453,21.0,12.0,0.6864960521666441,15.0,434.0,15197.0,104.64189097899207,0.5761160913957484,0.49999992109766933
454,21.0,13.0,0.6500863753142359,26.0,381.0,15208.0,15.27081899017733,0.5735960260419062,0.4999999318431575
455,21.0,14.0,0.6452132771397605,23.0,407.0,15205.0,21.488856584009298,0.5738561961622338,0.49999992269925564
456,21.0,15.0,0.6748736614891779,23.0,425.0,15205.0,49.02359165640515,0.565245571149694,0.49999994923329194
457,21.0,16.0,0.6381995584805047,11.0,408.0,15193.0,49.30536757803533,0.561356663127945,0.49999966021692255
458,21.0,17.0,0.5879022692042225,21.0,364.0,15203.0,16.40383053071104,0.5614217077600661,0.49880816619558876
459,21.0,18.0,0.6365141682948128,10.0,360.0,15192.0,37.14276598665177,0.5400750333887174,0.4882358544026245
460,21.0,19.0,0.6131369340306272,13.0,370.0,15195.0,28.333282407512606,0.5610778047733793,0.49965366812537115
461,21.0,20.0,0.6120529603589664,13.0,355.0,14986.0,27.152729031736406,0.5642353042452919,0.49971528800949117
462,22.0,0.0,0.6704776487973955,26.0,363.0,19866.0,14.415020046361743,0.5702092608107104,0.4999999189738771
463,22.0,1.0,0.6059258718951361,14.0,401.0,19854.0,27.5207948351244,0.5669483187737271,0.49972120254437746
464,22.0,2.0,0.6216040895849184,16.0,380.0,19856.0,22.999971746066997,0.5706299066412289,0.49999995441252565
465,22.0,3.0,0.6565366343580459,22.0,383.0,19862.0,18.09998031430972,0.573701744811558,0.49999995176187384
466,22.0,4.0,0.6575555516663301,21.0,411.0,19861.0,19.437480510837972,0.5699147641305415,0.499999886010559
467,22.0,5.0,0.6076122966040723,22.0,395.0,19862.0,18.774982037517287,0.5749981187573093,0.4999997967556097
468,22.0,6.0,0.6079142118700996,12.0,290.0,19852.0,26.542807567441074,0.5210768697313213,0.46833722085738216
469,22.0,7.0,0.6772895343212528,16.0,411.0,19856.0,27.899956200076694,0.575779800957624,0.4999983010209549
470,22.0,8.0,0.6636449575838326,16.0,422.0,19856.0,36.74349310352382,0.5717601272199948,0.4999999076086411
471,22.0,9.0,0.6434915530192904,19.0,416.0,19859.0,22.416638728671796,0.5648819757829461,0.49999994107228674
472,22.0,10.0,0.6849407261692159,15.0,383.0,19855.0,91.21344521243547,0.5715340957530248,0.49999992439822594
473,22.0,11.0,0.6554817739013927,14.0,385.0,19854.0,34.46960906822071,0.5713779293060139,0.49999992927775194
474,22.0,12.0,0.6353811460143673,21.0,410.0,19861.0,18.972204313288863,0.5771489784946312,0.49999990671170247
475,22.0,13.0,0.6341056029074276,18.0,388.0,19858.0,21.499973194481598,0.5712835704049506,0.49999087758701855
476,22.0,14.0,0.6274725090199137,13.0,399.0,19853.0,29.737453228202668,0.5706189349122914,0.4999999189022475
477,22.0,15.0,0.6460168068323036,17.0,371.0,19857.0,21.506919428077037,0.5688627059854763,0.4999328351902137
478,22.0,16.0,0.6340866254825417,16.0,385.0,19856.0,24.427236666176196,0.5770008771939436,0.49999989938114675
479,22.0,17.0,0.65433095738699,21.0,401.0,19861.0,20.616640838926244,0.5801604615541152,0.49999989439563297
480,22.0,18.0,0.6206915638874382,17.0,375.0,19857.0,21.47724581615248,0.5738300596565682,0.4999997715504192
481,22.0,19.0,0.6522731986743897,21.0,324.0,19861.0,16.38887202162256,0.5496080023858008,0.487433351259681
482,22.0,20.0,0.6455309973239547,19.0,392.0,19657.0,22.742823412303963,0.5731138597100085,0.4999999437349991
483,23.0,0.0,0.66754416565312,30.0,395.0,17326.0,13.699989325009163,0.5757095170704282,0.4999999013431844
484,23.0,1.0,0.6617306022632424,14.0,381.0,17310.0,45.66647965367841,0.572653443102954,0.4999999224012174
485,23.0,2.0,0.6607239611669524,19.0,383.0,17315.0,25.874949979281944,0.5737620921002633,0.49999988915150806
486,23.0,3.0,0.6612280142641727,30.0,382.0,17326.0,19.079969488057966,0.5753879819411296,0.499999913480098
487,23.0,4.0,0.6312558229907491,20.0,405.0,17316.0,30.029333708436383,0.5695403038132398,0.4999999356792949
488,23.0,5.0,0.6388458248786305,20.0,392.0,17316.0,19.42855026690114,0.5724646963800861,0.4999999802077386
489,23.0,6.0,0.6348389899526258,17.0,417.0,17313.0,25.424962712563275,0.5806036441921649,0.4999998975987059
490,23.0,7.0,0.6738495072338582,17.0,383.0,17313.0,22.449972835748184,0.5788950383372864,0.4999999192734188
491,23.0,8.0,0.6889217729587485,18.0,381.0,17314.0,29.053512060087925,0.5739266833558216,0.4999999528435415
492,23.0,9.0,0.6486759339353328,30.0,375.0,17326.0,13.772714449910726,0.5763829576917173,0.49999989771651765
493,23.0,10.0,0.6411721448599514,25.0,388.0,17321.0,15.743576949385822,0.5707853654626465,0.4999994514834948
494,23.0,11.0,0.6172417697303416,16.0,377.0,17312.0,22.785686337903293,0.5668858285754068,0.4981237934125906
495,23.0,12.0,0.6730116670092565,21.0,410.0,17317.0,27.735238611722327,0.5724294736227735,0.4999999475681808
496,23.0,13.0,0.6552282265389586,20.0,402.0,17316.0,20.274702802828706,0.5788682514071871,0.49999993844081614
497,23.0,14.0,0.643215850105976,20.0,367.0,17316.0,17.916648454880388,0.5728630324717383,0.49999990307872033
498,23.0,15.0,0.6607890812270347,18.0,415.0,17314.0,25.499961307760223,0.572447006677534,0.4999999662677137
499,23.0,16.0,0.6747811665779977,16.0,403.0,17312.0,89.49917967482013,0.5748316758298202,0.49999993072638993
500,23.0,17.0,0.6649681074696495,10.0,419.0,17306.0,41.58324736129607,0.5700796340818746,0.49999902533929375
501,23.0,18.0,0.6388283116380824,14.0,395.0,17310.0,27.458294392417486,0.5781587686805353,0.4999825239396214
502,23.0,19.0,0.6326591066986156,18.0,366.0,17314.0,19.79997832502402,0.5754754536995765,0.4999935609299754
503,23.0,20.0,0.6227147556689541,8.0,391.0,17087.0,56.96649317832327,0.5685501858687313,0.499933362658157
504,24.0,0.0,0.6327532106005813,27.0,375.0,18922.0,13.524990129173958,0.5745121260280939,0.4999999136381006
505,24.0,1.0,0.6615632381579821,16.0,416.0,18911.0,27.418139874452333,0.5695731747703701,0.4999999503803355
506,24.0,2.0,0.6557497419612072,22.0,379.0,18917.0,17.89045675331167,0.5748831238716847,0.499999936147684
507,24.0,3.0,0.672397232040002,16.0,399.0,18911.0,25.249965916715475,0.5714805493727206,0.4999999320000541
508,24.0,4.0,0.6595564682044968,17.0,388.0,18912.0,27.384563165798525,0.5749690684939411,0.4999999524296188
509,24.0,5.0,0.6728342106899772,17.0,458.0,18912.0,29.758287184803383,0.572570767817142,0.4999999320867544
510,24.0,6.0,0.6686914313746743,24.0,395.0,18919.0,19.5277526697908,0.574001128699605,0.4999998915509636
511,24.0,7.0,0.6002073855413491,15.0,403.0,18910.0,27.74996165183888,0.570905680793123,0.49992762659819456
512,24.0,8.0,0.6705811310698673,23.0,378.0,18918.0,21.261077777222056,0.5727953184262449,0.4999999115728406
513,24.0,9.0,0.6209512964892032,17.0,365.0,18912.0,20.909064703892568,0.5739925002867752,0.49999952289429694
514,24.0,10.0,0.6401471218926597,20.0,375.0,18915.0,18.3282647408608,0.5708293504947497,0.49999995106335415
515,24.0,11.0,0.6170906489544493,19.0,413.0,18914.0,20.9880723483828,0.5773601667974879,0.49999993384699803
516,24.0,12.0,0.6581830620185702,24.0,388.0,18919.0,15.899986600011614,0.575511432795188,0.4999999728215141
517,24.0,13.0,0.6066022151752788,18.0,383.0,18913.0,21.68458479650105,0.5754719143515994,0.49996280366961054
518,24.0,14.0,0.6417134368889108,23.0,390.0,18918.0,16.56744555147513,0.5703685477846621,0.49999990819113715
519,24.0,15.0,0.613524211604207,17.0,442.0,18912.0,25.486081630049643,0.5627240808392908,0.4999873622952846
520,24.0,16.0,0.6412076117889294,17.0,385.0,18912.0,22.057116789827717,0.5723939110014824,0.4999999529289576
521,24.0,17.0,0.61600416286504,21.0,405.0,18916.0,22.33170514749698,0.572325967445354,0.49999992698221374
522,24.0,18.0,0.6322303777785205,20.0,385.0,18915.0,18.77270879248853,0.5704478354493427,0.49999991990343096
523,24.0,19.0,0.6359518962020501,14.0,412.0,18909.0,45.70815253558642,0.573391400758401,0.49999991449484626
524,24.0,20.0,0.653935554347651,17.0,399.0,18709.0,25.024962345898313,0.571288184313899,0.4999999240332067
525,25.0,0.0,0.5986128103091474,19.0,381.0,19224.0,19.176116608362804,0.5736113473002483,0.4998148722634017
526,25.0,1.0,0.6664532298236838,18.0,413.0,19223.0,47.687296290059344,0.5721200616449111,0.49998364749439383
527,25.0,2.0,0.6595693195294545,17.0,423.0,19222.0,24.590249092433268,0.573456793366502,0.4999997728300789
528,25.0,3.0,0.6412076117889294,18.0,385.0,19223.0,21.499972986148784,0.5699033545599799,0.49999991632749996
529,25.0,4.0,0.6339013459285596,12.0,358.0,19217.0,32.99991962986461,0.5701805523306144,0.49938618337318064
530,25.0,5.0,0.6427068237903137,22.0,362.0,19227.0,16.249984241087876,0.5714505587230325,0.4999022421870323
531,25.0,6.0,0.6232117636547544,16.0,368.0,19221.0,23.05451184137818,0.5718405511176156,0.4999838179259025
532,25.0,7.0,0.6244976773521754,14.0,385.0,19219.0,27.49996071434184,0.5620026953779835,0.4947813754717518
533,25.0,8.0,0.6376805697882679,16.0,394.0,19221.0,23.984097341936938,0.5727249584099274,0.4999999438989834
534,25.0,9.0,0.6194584582691349,19.0,335.0,19224.0,17.327759808043375,0.5722432522685612,0.49907583414684975
535,25.0,10.0,0.6623661685183813,14.0,316.0,19219.0,22.229134748310678,0.5101849870587378,0.46182350403901173
536,25.0,11.0,0.6146036836557593,18.0,358.0,19223.0,21.01247509690477,0.5763406289369134,0.4999609181590855
537,25.0,12.0,0.6159629337538381,20.0,343.0,19225.0,16.653828398161046,0.5852036868211777,0.4999998754781443
538,25.0,13.0,0.667823082675983,19.0,415.0,19224.0,23.185867560036478,0.5762758249109403,0.4999998659189835
539,25.0,14.0,0.6410688875521895,16.0,397.0,19221.0,24.34996815004435,0.575943254902161,0.499999893835836
540,25.0,15.0,0.6381066332117156,19.0,432.0,19224.0,22.315451429309487,0.5748482800466557,0.4999999411066609
541,25.0,16.0,0.6225473139147795,15.0,369.0,19220.0,24.09818268339621,0.5710976717273739,0.4999995678612299
542,25.0,17.0,0.6890092384766586,12.0,429.0,19217.0,108.13537897670084,0.5801406651241443,0.499999897286712
543,25.0,18.0,0.6506249160637139,12.0,411.0,19217.0,33.528515187852136,0.5784625740798821,0.4999949160214735
544,25.0,19.0,0.642724968920626,27.0,397.0,19232.0,15.368406812688315,0.57331004438027,0.4999999263285021
545,25.0,20.0,0.6150414544493459,24.0,400.0,19021.0,16.237748971598762,0.5745827252464664,0.49999989706358505
546,26.0,0.0,0.6750929079596768,14.0,417.0,17665.0,39.43928980289344,0.5740515538496462,0.49999992096870227
547,26.0,1.0,0.6509604380979149,16.0,371.0,17667.0,24.063600087665087,0.570576972871429,0.49999993526644093
548,26.0,2.0,0.6526002061987045,11.0,396.0,17662.0,39.541567934315545,0.5594003845769652,0.4935224176450025
549,26.0,3.0,0.6021274156588705,26.0,369.0,17677.0,14.73808341129071,0.5717164737094381,0.4999999431868227
550,26.0,4.0,0.6602983877487646,14.0,408.0,17665.0,28.666625555615745,0.5737169829735067,0.4999999202629275
551,26.0,5.0,0.6571123148896552,24.0,401.0,17675.0,17.199285854333393,0.5716771826433518,0.4999999268752723
552,26.0,6.0,0.6524272551805747,23.0,374.0,17674.0,18.225467432751646,0.5753072023473815,0.4999999468663877
553,26.0,7.0,0.6501093083171257,17.0,412.0,17668.0,25.68329489728832,0.5734849874847054,0.4999999185470596
554,26.0,8.0,0.6072415465680875,17.0,355.0,17668.0,19.999976785742092,0.5711207775709486,0.49887461787599174
555,26.0,9.0,0.6327835661017759,17.0,378.0,17668.0,21.878760160736135,0.5705786706946321,0.49974532021341356
556,26.0,10.0,0.6728124089263177,10.0,408.0,17661.0,56.06227711041767,0.5701696162861636,0.4999999278527283
557,26.0,11.0,0.6330098430693639,13.0,335.0,17664.0,64.37444219300646,0.4348387094152484,0.4256841611465624
558,26.0,12.0,0.6289735406561907,21.0,412.0,17672.0,19.0432505857257,0.576866727769004,0.4999999328099384
559,26.0,13.0,0.6287395455553453,19.0,400.0,17670.0,20.38066054173249,0.5737376955347198,0.49999994948472426
560,26.0,14.0,0.6241689393508717,15.0,395.0,17666.0,27.098176969120445,0.5752730787633799,0.4999999133702262
561,26.0,15.0,0.6753193037226564,13.0,409.0,17664.0,39.816562294764,0.5755785949101335,0.49999995037491174
562,26.0,16.0,0.6451008858984444,20.0,361.0,17671.0,18.845214713752057,0.5767774414181761,0.49999996939163804
563,26.0,17.0,0.6192289656548646,15.0,374.0,17666.0,24.4999639000593,0.5634332968607618,0.4955077045970253
564,26.0,18.0,0.6251299811219334,20.0,384.0,17671.0,20.933303111163795,0.5746651577943815,0.49999991374834163
565,26.0,19.0,0.6151470054347923,16.0,390.0,17667.0,23.555526684339284,0.5693115247349274,0.4999999675177407
566,26.0,20.0,0.6341426814049055,18.0,394.0,17470.0,23.153812343253275,0.5733713154050799,0.49999993587506186
567,27.0,0.0,0.6735533667322575,18.0,446.0,22410.0,38.733227955890996,0.5771665363949335,0.4999999400317794
568,27.0,1.0,0.6789878379414105,15.0,411.0,22407.0,51.98054838125172,0.5760197837266487,0.4999999117221622
569,27.0,2.0,0.6371064733371969,19.0,389.0,22411.0,20.88886640125883,0.576207774807683,0.4999999669314571
570,27.0,3.0,0.620673940766382,20.0,359.0,22412.0,18.813111438139707,0.5731684488182714,0.4994459537872813
571,27.0,4.0,0.6478696077448557,21.0,365.0,22413.0,16.986094980725515,0.5769826306296555,0.4999999477113619
572,27.0,5.0,0.6192999948847846,16.0,361.0,22408.0,28.243520154716688,0.5755270107771144,0.49999994438793127
573,27.0,6.0,0.6876794221118472,19.0,402.0,22411.0,29.899938816810582,0.5762597978741919,0.49999989759864116
574,27.0,7.0,0.5606845313922831,23.0,334.0,22415.0,16.908712547574787,0.5778658681829788,0.4999071368763094
575,27.0,8.0,0.655213520400399,20.0,380.0,22412.0,20.142831802757442,0.5748958405725614,0.4999998839211516
576,27.0,9.0,0.6581099875431143,14.0,380.0,22406.0,44.9998166675486,0.5782065740571303,0.49998923250692273
577,27.0,10.0,0.6103980347291162,21.0,364.0,22413.0,17.04089310373404,0.5747710838052607,0.4999998949668586
578,27.0,11.0,0.6460905050608089,22.0,391.0,22414.0,18.214266170091634,0.5746305469628092,0.49999991436726043
579,27.0,12.0,0.6454563502907239,17.0,346.0,22409.0,21.416634819498984,0.5770336798421146,0.4999998664669316
580,27.0,13.0,0.6449171488527168,22.0,422.0,22414.0,20.791640998301055,0.569082707278634,0.49999992910528646
581,27.0,14.0,0.6579687046891769,21.0,402.0,22413.0,19.642835561250692,0.5716681478112675,0.49999989710347514
582,27.0,15.0,0.6430480235646461,23.0,411.0,22415.0,18.50890891025982,0.5710726788336133,0.49999989552190083
583,27.0,16.0,0.6930115342881225,17.0,425.0,22409.0,111.24895079170253,0.5802502123383216,0.49999992097458146
584,27.0,17.0,0.6473657870575799,21.0,383.0,22413.0,21.18121833677539,0.5735851810107208,0.49999992100874713
585,27.0,18.0,0.5829802482588531,20.0,393.0,22412.0,19.64998035001965,0.5742965592916105,0.4999998746440083
586,27.0,19.0,0.6627788674250502,15.0,416.0,22407.0,27.401749459550732,0.57753612847505,0.49999991241594255
587,27.0,20.0,0.6540136341721287,19.0,385.0,22184.0,19.86929715717674,0.5733115832638409,0.4999999223788715
588,28.0,0.0,0.6401759023504383,19.0,434.0,20698.0,22.45830836808529,0.5721536481470799,0.4999998840749871
589,28.0,1.0,0.6276603570171826,25.0,380.0,20704.0,15.442295124517145,0.5697824498870112,0.49999990661890137
590,28.0,2.0,0.6158103386392006,22.0,438.0,20701.0,22.042712312829803,0.5678434049864557,0.49999996539606684
591,28.0,3.0,0.626501217094666,11.0,410.0,20690.0,36.30350202182669,0.5675472959023966,0.49999989841360093
592,28.0,4.0,0.6572058137704366,12.0,379.0,20691.0,46.749814250880746,0.5758054375960555,0.4999999492332513
593,28.0,5.0,0.6710806543560228,13.0,430.0,20692.0,35.694375270212376,0.5723845422555787,0.49999990469760114
594,28.0,6.0,0.6523114346121857,14.0,377.0,20693.0,28.97494571261757,0.5702963818416747,0.4999999283609817
595,28.0,7.0,0.6581796524388853,23.0,407.0,20702.0,22.13885492290171,0.5721042541426484,0.49999993243638385
596,28.0,8.0,0.6865149157559347,18.0,452.0,20697.0,107.41076035602322,0.5784667738783631,0.4999999052148444
597,28.0,9.0,0.6642018590903243,12.0,426.0,20691.0,35.057083518470634,0.5725250822835674,0.4999998892366545
598,28.0,10.0,0.652544773153785,18.0,371.0,20697.0,20.31815841207083,0.5751110472802348,0.4999999475602217
599,28.0,11.0,0.6476120004329701,18.0,374.0,20697.0,22.446120456862666,0.5766536241655404,0.4952737882885615
600,28.0,12.0,0.645637617391814,30.0,363.0,20709.0,11.816734253296573,0.5757249531386223,0.49999990657216387
601,28.0,13.0,0.6433234774906353,26.0,361.0,20705.0,13.630942029486365,0.5701079438035539,0.4999999397745043
602,28.0,14.0,0.6649000821448832,22.0,372.0,20701.0,17.809504208640888,0.5739386120924832,0.4999999406472432
603,28.0,15.0,0.6353642291418844,19.0,404.0,20698.0,23.042823455160562,0.574920423816407,0.49999995929127516
604,28.0,16.0,0.6580407613099782,20.0,410.0,20699.0,20.747229676395495,0.5775710330420147,0.4999999059357836
605,28.0,17.0,0.6683207876711975,13.0,347.0,20692.0,26.749956437574703,0.5555254678155377,0.4908297120116706
606,28.0,18.0,0.6257345162567103,13.0,427.0,20692.0,31.787450065707823,0.5724000879880724,0.49999992248552905
607,28.0,19.0,0.6488780587765803,13.0,386.0,20692.0,29.224953268828816,0.5723762408195766,0.49999992423884465
608,28.0,20.0,0.6451697039182236,18.0,358.0,20464.0,19.49348417105065,0.5759845126319704,0.4999999396564423
609,29.0,0.0,0.5877409722687292,28.0,397.0,21595.0,15.406237871103414,0.574278040014458,0.49999990329776467
610,29.0,1.0,0.6201533513552143,20.0,318.0,13546.0,15.494488913194154,0.5521246044938206,0.4864119897757363
611,29.0,2.0,0.5832314381324404,21.0,363.0,16706.0,22.428541887795518,0.568988025842559,0.4999762903088104
612,29.0,3.0,0.6352510759493153,21.0,368.0,19641.0,17.086521652199465,0.5751862329371797,0.4999999374335238
613,29.0,4.0,0.6289163712132327,18.0,409.0,20065.0,22.722196975336693,0.573419856863315,0.4999999665534497
614,29.0,5.0,0.6212191348884676,17.0,371.0,15985.0,22.381917362108478,0.5687736771646738,0.4978365939383035
615,29.0,6.0,0.6461609176200502,16.0,388.0,14793.0,24.999962545518052,0.5764729762878402,0.49988773557876387
616,29.0,7.0,0.6394501768464117,22.0,388.0,19183.0,17.366054638091455,0.5764829953457775,0.49999995523621565
617,29.0,8.0,0.656676679887763,14.0,380.0,17110.0,27.28884621241781,0.5803291588168986,0.4999999401636167
618,29.0,9.0,0.654843055442027,17.0,400.0,19056.0,27.932639450932697,0.5689904710131228,0.49999987846810123
619,29.0,10.0,0.6070726944146588,21.0,362.0,17999.0,16.749982576550856,0.5758414439854658,0.49999992986357267
620,29.0,11.0,0.6858171928329099,13.0,430.0,14512.0,37.013814950009866,0.5721949322305611,0.49999989116632226
621,29.0,12.0,0.6711441510125531,12.0,311.0,10468.0,40.149836850778144,0.4560952333223417,0.44143306204304955
622,29.0,13.0,0.6598688186027613,30.0,382.0,23283.0,13.603163116665105,0.5723276858076394,0.4999999407319391
623,29.0,14.0,0.6582531096509989,15.0,396.0,19746.0,27.099958300070902,0.5828672466119749,0.49999992935424786
624,29.0,15.0,0.6480876096389412,12.0,433.0,18033.0,36.08327319454468,0.5735094128935656,0.49999993721230196
625,29.0,16.0,0.6522731986743897,21.0,405.0,22284.0,18.888870910511297,0.5726786948635565,0.4999999688604918
626,29.0,17.0,0.6645284386549151,16.0,378.0,18769.0,25.036325167008542,0.5728625952707829,0.49999988666006523
627,29.0,18.0,0.6689922552281193,22.0,402.0,22399.0,18.05831697640383,0.5712149084000546,0.4999999440896782
628,29.0,19.0,0.6346938187379545,16.0,384.0,18713.0,24.381782162043926,0.5806149674209058,0.4999999350393324
629,29.0,20.0,0.6432568405674943,17.0,431.0,23422.0,24.721399319423483,0.5721580265154571,0.4999999633555343
630,30.0,0.0,0.6655035440134902,20.0,376.0,16848.0,20.285688367384502,0.5790677515573496,0.49999991871020855
631,30.0,1.0,0.6071758429221434,16.0,372.0,16844.0,23.24997093753633,0.5757367144542449,0.49999993766212736
632,30.0,2.0,0.652825793916348,16.0,273.0,16844.0,16.916644305586992,0.5257358920757842,0.46777421139467334
633,30.0,3.0,0.6478476860936295,17.0,385.0,16845.0,26.96965666902529,0.5726415429194094,0.4999957180736232
634,30.0,4.0,0.6424676563828349,24.0,377.0,16852.0,17.638867145093716,0.5816211832792137,0.4999999111798583
635,30.0,5.0,0.6426352903882633,23.0,403.0,16851.0,19.294093895651713,0.5805458177800724,0.49999993057436454
636,30.0,6.0,0.6347889593242648,19.0,405.0,16847.0,20.863072154931004,0.5746432104970054,0.4999999223228996
637,30.0,7.0,0.6036372515003262,15.0,384.0,16843.0,28.888844197601507,0.5766946569616179,0.4999999431474813
638,30.0,8.0,0.6696166614129656,11.0,398.0,16839.0,41.12489442739586,0.5804184486948903,0.49999995296771904
639,30.0,9.0,0.6805501139506532,21.0,423.0,16849.0,22.999969833378167,0.563463223227109,0.49999991509555697
640,30.0,10.0,0.6417527090587234,18.0,387.0,16846.0,23.007658363372215,0.5821285583783162,0.49999989925912347
641,30.0,11.0,0.6552282265389586,17.0,402.0,16845.0,24.111082098800445,0.5763524947966934,0.4999998880459714
642,30.0,12.0,0.6635591732917223,20.0,409.0,16848.0,21.988067230766134,0.5754038574524242,0.49999991670307775
643,30.0,13.0,0.6654523996995529,14.0,397.0,16842.0,36.46960240157627,0.5734913808729238,0.49999996218386356
644,30.0,14.0,0.6412436227110139,12.0,382.0,16840.0,30.999948285803022,0.5757202285995627,0.49997424939687685
645,30.0,15.0,0.6620511987883952,24.0,391.0,16852.0,19.027753595715133,0.5717962150763406,0.4999999298190124
646,30.0,16.0,0.662965753462289,12.0,405.0,16840.0,34.87493250014414,0.5636489426225717,0.4999999501990854
647,30.0,17.0,0.6381753251212727,22.0,414.0,16850.0,20.177058656719563,0.5682336867530298,0.4999999317532643
648,30.0,18.0,0.6407513077692072,18.0,374.0,16846.0,20.298678132933848,0.5664668464194069,0.4999999467838072
649,30.0,19.0,0.6506249160637139,20.0,411.0,16848.0,21.630925343009146,0.5775413952294597,0.49999989029399683
650,30.0,20.0,0.6465492191329405,12.0,416.0,16656.0,49.79980520091979,0.5773427500713912,0.4999999266545283
651,31.0,0.0,0.6370641745916756,13.0,419.0,17454.0,32.999939027906294,0.5748942330376541,0.49999704967455993
652,31.0,1.0,0.6700920428028938,21.0,374.0,17462.0,21.793716166467824,0.5793881916139096,0.4999999670362123
653,31.0,2.0,0.5814895633418022,17.0,384.0,17458.0,21.356034688969203,0.5799343948512532,0.49999972610867494
654,31.0,3.0,0.6801340612941464,21.0,410.0,17462.0,20.785690663294716,0.5751447534271973,0.4999999401623857
655,31.0,4.0,0.6536514873886503,20.0,394.0,17461.0,19.83514288977405,0.5768210646368073,0.4999999463144503
656,31.0,5.0,0.6463186053225692,13.0,359.0,17454.0,27.12495671882285,0.5731382714495565,0.4996113239196889
657,31.0,6.0,0.6777449469897558,20.0,417.0,17461.0,25.366626822294652,0.5759524898309292,0.4999999533563483
658,31.0,7.0,0.6176039704266248,21.0,344.0,17462.0,15.778830831191804,0.581248872418352,0.499999891962276
659,31.0,8.0,0.62344758833766,22.0,393.0,17463.0,17.40831779306954,0.5771323934362602,0.4999999285786302
660,31.0,9.0,0.613544241521863,21.0,376.0,17462.0,17.60907438266017,0.5728178622406921,0.49987850143954704
661,31.0,10.0,0.6593439595071064,19.0,410.0,17460.0,22.589714845537443,0.5739950738177837,0.49999994054665553
662,31.0,11.0,0.6429570053060005,23.0,417.0,17464.0,17.73014291321712,0.5754518431308937,0.4999999334237367
663,31.0,12.0,0.6832209779512124,21.0,391.0,17462.0,34.19434767006611,0.5783998902692982,0.4999999352934764
664,31.0,13.0,0.640632662723944,28.0,330.0,17469.0,12.583323576396563,0.5777758532215582,0.4999995291684639
665,31.0,14.0,0.6409701070682257,23.0,406.0,17464.0,17.238079882856375,0.5726807407627084,0.4999998989197454
666,31.0,15.0,0.6418494260148242,17.0,422.0,17458.0,24.185685691871626,0.5718860165428132,0.49997818986589704
667,31.0,16.0,0.6447531692516693,13.0,350.0,17454.0,26.44043601763509,0.5718743341027059,0.49878806846209456
668,31.0,17.0,0.6636068958402386,16.0,430.0,17457.0,26.93329734449553,0.5740110587235969,0.4999999151758874
669,31.0,18.0,0.6567119934093887,15.0,410.0,17456.0,27.999957000073003,0.5750578052399733,0.4999998096856877
670,31.0,19.0,0.5920726008913406,23.0,387.0,17464.0,19.3571228798397,0.5709755442957369,0.4999998865569558
671,31.0,20.0,0.6609148537645699,21.0,396.0,17250.0,20.599973933371267,0.5726469270065192,0.49999996075210107
672,32.0,0.0,0.6431894722450864,17.0,335.0,15233.0,19.583308270236905,0.5744741736589364,0.4999809166019956
673,32.0,1.0,0.6886748651259704,10.0,455.0,15226.0,116.83228797327993,0.5744283633766668,0.4999999299196065
674,32.0,2.0,0.6122032264460429,20.0,378.0,15236.0,18.8999811000189,0.5847388802913185,0.499999947210482
675,32.0,3.0,0.6465492191329405,23.0,416.0,15239.0,20.05389674119357,0.581193325592261,0.49999998232121956
676,32.0,4.0,0.6522518666798076,14.0,338.0,15230.0,68.84554243209038,0.4593843415105171,0.44331438504331233
677,32.0,5.0,0.6439579112050253,17.0,389.0,15233.0,24.02496434589431,0.5733650274493363,0.4999017472313443
678,32.0,6.0,0.6642901984042127,18.0,389.0,15234.0,21.299976387526506,0.5752124637794226,0.4999999777413521
679,32.0,7.0,0.6495160097392394,29.0,399.0,15245.0,13.485567712423148,0.5791246649791767,0.4999999419844301
680,32.0,8.0,0.6053882587451546,17.0,378.0,15233.0,21.386337186674844,0.5744413996124526,0.4999999452184768
681,32.0,9.0,0.6408535861680464,20.0,365.0,15236.0,18.126353843158448,0.5825813779058411,0.4999999517832906
682,32.0,10.0,0.6618800909047641,11.0,402.0,15227.0,40.854063168706915,0.574249334683453,0.4999999226864361
683,32.0,11.0,0.6340673466624541,19.0,382.0,15235.0,19.511343214123162,0.5843515289342209,0.4999999450270667
684,32.0,12.0,0.6864285191146048,21.0,380.0,15237.0,21.066638622264254,0.5903941159461579,0.49999990575239506
685,32.0,13.0,0.6882427817242742,15.0,384.0,15231.0,51.365162123867115,0.5750725893786788,0.4995716970253252
686,32.0,14.0,0.6728073895441165,21.0,398.0,15237.0,21.21663927226257,0.5717737945768402,0.4999999290197532
687,32.0,15.0,0.6405605590923158,19.0,392.0,15235.0,20.29164410220942,0.5784352345216797,0.4999999556826662
688,32.0,16.0,0.6520731920353574,26.0,397.0,15242.0,16.853365437017302,0.5787699892576162,0.49999995909516015
689,32.0,17.0,0.651520340980789,21.0,356.0,15237.0,16.745175610686992,0.5751390918318959,0.49999992341700017
690,32.0,18.0,0.6276116833595444,18.0,405.0,15234.0,21.785689656801082,0.5803393824236023,0.49999992780349944
691,32.0,19.0,0.6532524426445929,14.0,417.0,15230.0,29.187458307352465,0.5734652867220549,0.49999991593979676
692,32.0,20.0,0.6515524897795673,8.0,412.0,15041.0,58.833112778757865,0.578507104709493,0.4999999510408981
693,33.0,0.0,0.6718304686011562,20.0,209.0,19590.0,13.464266096969455,0.411548891594679,0.3617482895142615
694,33.0,1.0,0.6704776487973955,22.0,396.0,19592.0,20.499973645872373,0.575740410687448,0.4999999145352406
695,33.0,2.0,0.30992586778595255,10.0,118.0,19580.0,11.799976400047202,0.20749907948560342,0.1569085934800486
696,33.0,3.0,-0.0,17.0,192.0,19587.0,6.399995733336178,0.33263419764719704,0.29636395771010116
697,33.0,4.0,0.6261398150781847,15.0,373.0,19585.0,24.5999635000603,0.5838731955743066,0.499999898213378
698,33.0,5.0,0.6408535861680464,21.0,365.0,19591.0,18.366644088921163,0.5862635612139565,0.49999991850220515
699,33.0,6.0,0.6643556378907752,19.0,402.0,19589.0,27.42494665428989,0.5811836909597032,0.4999998891868882
700,33.0,7.0,0.6546660257393929,21.0,439.0,19591.0,24.649962731317018,0.5792465875574146,0.4999998945322004
701,33.0,8.0,0.6685336296153435,19.0,439.0,19589.0,23.380925626449915,0.5722429860720992,0.4999999018598832
702,33.0,9.0,0.6931194724799581,12.0,403.0,19582.0,109.22626434885049,0.5754493046864069,0.49999992981382735
703,33.0,10.0,0.6780603727071298,16.0,404.0,19586.0,30.749939583470663,0.572947106589702,0.49999990935060756
704,33.0,11.0,0.6384066126981699,19.0,363.0,19589.0,20.807112309236864,0.5789898324106255,0.4999999800174182
705,33.0,12.0,0.6486759339353328,27.0,375.0,19597.0,13.59373979936872,0.5740986701916102,0.4999999357847832
706,33.0,13.0,0.6184980981818428,22.0,346.0,19592.0,15.308319684734489,0.5753384167266551,0.49999352436096867
707,33.0,14.0,0.6649681074696495,16.0,419.0,19586.0,26.2832981611611,0.5796868545239195,0.49999995914103745
708,33.0,15.0,0.641317327350994,19.0,376.0,19589.0,20.205103090107595,0.5795020312720629,0.4999999184874194
709,33.0,16.0,0.6621462429002274,20.0,436.0,19590.0,25.46662782229185,0.5823631327718756,0.49999992522446424
710,33.0,17.0,0.6510652988798162,17.0,427.0,19587.0,29.576867440953414,0.5833414635942172,0.4999999170110956
711,33.0,18.0,0.6640094019433005,10.0,358.0,19580.0,35.7999284001432,0.5115426681515117,0.461833831836047
712,33.0,19.0,0.6502429179710014,18.0,392.0,19588.0,22.12497190976172,0.5790842462829902,0.4999999381978245
713,33.0,20.0,0.6573513006092955,24.0,376.0,19391.0,15.399987028582665,0.5821052334194557,0.49999994079564836
714,34.0,0.0,0.6538912462876596,27.0,388.0,20666.0,14.113625734770682,0.5829928680615792,0.4999999156277801
715,34.0,1.0,0.6401187902035226,13.0,378.0,20652.0,29.88883345690727,0.5851111362445518,0.4999999003669552
716,34.0,2.0,0.6789878379414105,15.0,411.0,20654.0,38.49989666699028,0.5790526778017562,0.49999988979712917
717,34.0,3.0,0.6467595096054257,18.0,407.0,20657.0,24.392271452133837,0.579345846537012,0.4999999033987137
718,34.0,4.0,0.6613870810186209,19.0,363.0,20658.0,20.06407695927399,0.5849062161365113,0.49999991156639056
719,34.0,5.0,0.6736063284114481,19.0,406.0,20658.0,34.76032136532218,0.5809303829287501,0.4999999087146476
720,34.0,6.0,0.6004314006354454,20.0,361.0,20659.0,17.31316859741263,0.5826090098719419,0.49999990389793436
721,34.0,7.0,0.6484303614963516,22.0,438.0,20661.0,21.70830639760856,0.5772073113189018,0.4999999536804318
722,34.0,8.0,0.665814068717626,18.0,391.0,20657.0,22.541637465319475,0.5804205509408975,0.49999994937098935
723,34.0,9.0,0.6425140016362638,15.0,374.0,20654.0,27.181768016638166,0.5669033947662976,0.49902533124507753
724,34.0,10.0,0.6323622999514416,26.0,397.0,20665.0,14.84373828516601,0.5809476152374964,0.4999998904883539
725,34.0,11.0,0.6244372039323732,15.0,363.0,20654.0,23.361079830290542,0.5706312491475364,0.49999981833908147
726,34.0,12.0,0.6647033098845015,12.0,396.0,20651.0,86.63559851995582,0.5822181203070174,0.4999999250409488
727,34.0,13.0,0.6192165746509687,14.0,345.0,20653.0,24.642821938825804,0.5723324123952926,0.498279635518999
728,34.0,14.0,0.6649000821448832,11.0,372.0,20650.0,34.17850358432814,0.5536070792254573,0.4853276891938366
729,34.0,15.0,0.6535730175975942,23.0,297.0,20662.0,12.780292011602722,0.5780621534172009,0.4982193310945686
730,34.0,16.0,0.6216040895849184,13.0,380.0,20652.0,28.21245580944809,0.5757619648935732,0.49840885203509033
731,34.0,17.0,0.6615632381579821,18.0,320.0,20657.0,17.49998062502172,0.5819082545954092,0.49868430493556093
732,34.0,18.0,0.647765147579506,19.0,388.0,20658.0,21.02561468116805,0.587230721514634,0.49999993596909686
733,34.0,19.0,0.6120205200138218,17.0,365.0,20656.0,23.55765038840535,0.587278114966089,0.4999771068737904
734,34.0,20.0,0.5989756888639279,28.0,370.0,20451.0,13.687169320980622,0.5844062692094348,0.4999999435392741
735,35.0,0.0,0.6396408547739516,16.0,364.0,15581.0,22.29997086670719,0.5852488359622668,0.4999569483712065
736,35.0,1.0,0.664754085678522,14.0,409.0,15579.0,29.655508738351358,0.577734752298068,0.49999993670276055
737,35.0,2.0,0.6689392457944918,13.0,397.0,15578.0,49.74979625097784,0.5771111315455042,0.49999993220443284
738,35.0,3.0,0.6332750780908947,22.0,362.0,15587.0,16.454530495881368,0.5821214055509395,0.4999999185061301
739,35.0,4.0,0.6626411003618033,15.0,411.0,15580.0,28.299956200074803,0.5767675458203703,0.49999992720987707
740,35.0,5.0,0.6004738707386492,12.0,413.0,15577.0,34.41660930565116,0.5805348448777286,0.4999907073215958
741,35.0,6.0,0.6249706469436442,25.0,400.0,15590.0,15.966897119662672,0.5838758627296123,0.49999993627359307
742,35.0,7.0,0.6429124396658009,19.0,385.0,15584.0,19.74997923297694,0.5889735343949176,0.4999999757341912
743,35.0,8.0,0.6019219372560325,14.0,390.0,15579.0,26.72912933165043,0.5842207937683599,0.4999999485754274
744,35.0,9.0,0.6694781907596365,21.0,383.0,15586.0,19.035693035740398,0.5817863017767089,0.4999999245844312
745,35.0,10.0,0.6697852650944289,17.0,418.0,15582.0,25.212087938523172,0.5833380296406696,0.4999999284719532
746,35.0,11.0,0.6403908790018888,17.0,351.0,15582.0,23.79803287176985,0.5785324368557865,0.49999955495530557
747,35.0,12.0,0.6439737380528058,17.0,418.0,15582.0,25.81662835284331,0.580783024972414,0.49984807099807194
748,35.0,13.0,-0.0,11.0,224.0,15576.0,20.3636178512565,0.32804836288690276,0.2928932036684754
749,35.0,14.0,0.6111347612647728,15.0,313.0,15580.0,21.517827452209474,0.56473547700012,0.4881606943626857
750,35.0,15.0,0.6295587909682867,20.0,377.0,15585.0,19.273786074295927,0.5780815650009616,0.49999990348118906
751,35.0,16.0,0.6149961945770381,17.0,364.0,15582.0,20.993031266424797,0.576021885631777,0.49948123012536916
752,35.0,17.0,0.6030845096441383,11.0,402.0,15576.0,38.249926750141086,0.587656648711406,0.49994129711077206
753,35.0,18.0,0.6571123148896552,22.0,401.0,15587.0,18.966646022247414,0.5814280096456624,0.4999998862529019
754,35.0,19.0,0.6180351651077978,15.0,392.0,15580.0,25.13885535498487,0.5825643185958087,0.49999994664254543
755,35.0,20.0,0.606639493403571,9.0,366.0,15385.0,39.299914650187574,0.5808713483165682,0.49999992734446064
756,36.0,0.0,0.6453376450358123,16.0,401.0,16714.0,24.683300927823055,0.5852801555967863,0.49999994214386245
757,36.0,1.0,0.6186702583312306,24.0,391.0,16722.0,15.999985273452614,0.5871840660742667,0.4999999129322453
758,36.0,2.0,0.6325601740109685,28.0,357.0,16726.0,12.499991205134425,0.584390536561798,0.4999999257696095
759,36.0,3.0,0.6193762897414465,24.0,377.0,16722.0,16.318167612854133,0.5869299153384611,0.4999999118114644
760,36.0,4.0,0.6571086386613962,16.0,371.0,16714.0,23.083302694487678,0.5871948635855873,0.49990453081134867
761,36.0,5.0,0.6181279659718588,18.0,421.0,16716.0,22.958305173649627,0.5868437740630494,0.4999999127329833
762,36.0,6.0,0.6462516037746338,9.0,339.0,16707.0,36.84991892518059,0.5322323063336982,0.47292952963147616
763,36.0,7.0,0.63113342348801,18.0,396.0,16716.0,21.41247657190095,0.5835791476719498,0.49999994581544716
764,36.0,8.0,0.6636735412932553,11.0,327.0,16709.0,29.999940535840754,0.561074950534851,0.4878123473979854
765,36.0,9.0,0.644527409169329,22.0,388.0,16720.0,18.038075920204705,0.5825058065578788,0.4999998988128064
766,36.0,10.0,0.6788378589738915,16.0,397.0,16714.0,36.422978392815764,0.5783494036387612,0.499999907883951
767,36.0,11.0,0.6529177957481374,15.0,323.0,16713.0,23.909046105470303,0.5861533528534104,0.4953122325955416
768,36.0,12.0,0.6531065529287583,17.0,370.0,16715.0,23.174965170893394,0.5902300701171956,0.4999999562938193
769,36.0,13.0,0.6344498786095683,11.0,339.0,16709.0,40.610957099481,0.5703745984274964,0.4921258906048165
770,36.0,14.0,0.6437085834310707,19.0,372.0,16717.0,19.30950227610282,0.5817652742662784,0.4999998946507107
771,36.0,15.0,0.6452916334860923,15.0,378.0,16713.0,25.44996145006475,0.5772679283952518,0.4999993736620997
772,36.0,16.0,0.5677162699857728,15.0,353.0,16713.0,22.866041698061764,0.5789407947660931,0.4955488243597981
773,36.0,17.0,0.6035481404360523,27.0,415.0,16725.0,15.629109094170229,0.5776133260590505,0.4999998975602459
774,36.0,18.0,0.5989147830748571,21.0,405.0,16719.0,18.936345894231533,0.5819310874828283,0.4999999130632169
775,36.0,19.0,0.6305349936857665,20.0,397.0,16718.0,19.229147283006462,0.5772842555865827,0.49999986659221907
776,36.0,20.0,0.6177100017301123,17.0,399.0,16518.0,23.799965816723855,0.5834663819658258,0.4999999640893674
777,37.0,0.0,0.5921983215918526,16.0,351.0,9912.0,21.055529938303245,0.5741668974461951,0.498138323922798
778,37.0,1.0,0.6229410350572138,21.0,343.0,9917.0,16.833313111139596,0.5875450868040066,0.49999992332295573
779,37.0,2.0,0.6162320369969374,14.0,372.0,9910.0,26.571390612299126,0.5891223037622823,0.4999999289293091
780,37.0,3.0,0.6381873540651197,15.0,411.0,9911.0,26.66663064819882,0.5864298836015903,0.4999985537084195
781,37.0,4.0,0.5930591083429986,21.0,357.0,9917.0,16.263873792452568,0.5874403520613851,0.499018426683574
782,37.0,5.0,0.6389375231355368,20.0,377.0,9916.0,21.033302377832285,0.5891299949448956,0.49999994052250873
783,37.0,6.0,0.6699715014731539,18.0,415.0,9914.0,25.99226763675733,0.5803071209117086,0.49999990742395606
784,37.0,7.0,0.649248354870898,17.0,408.0,9913.0,33.42848469414903,0.5857393216816518,0.49999992185678466
785,37.0,8.0,0.6444280133427182,23.0,365.0,9919.0,16.46873247490968,0.58417323407318,0.499999921916255
786,37.0,9.0,0.6100313279533403,17.0,408.0,9913.0,23.014258965338207,0.5856404222223558,0.4999999068568044
787,37.0,10.0,0.6388458248786305,23.0,392.0,9919.0,18.647035991959385,0.5796564530747821,0.4999999223137854
788,37.0,11.0,0.6467637208530395,20.0,364.0,9916.0,20.599969333387648,0.5833195697755713,0.4999999012514199
789,37.0,12.0,0.6441275144071077,28.0,380.0,9924.0,16.575736809030577,0.583334796660262,0.49999991836062085
790,37.0,13.0,0.6196011838446653,17.0,367.0,9913.0,20.999973712157107,0.5818045706208518,0.49999992748534516
791,37.0,14.0,0.6387127167438691,17.0,416.0,9913.0,25.499962416730654,0.5827823905616006,0.49999988607381085
792,37.0,15.0,0.6158209348005097,16.0,353.0,9912.0,21.9363319124491,0.5888002489865436,0.4999999489995013
793,37.0,16.0,0.6394169841447079,14.0,314.0,9910.0,21.833302361155962,0.5822576292613479,0.49959601199715
794,37.0,17.0,0.6888843054168174,12.0,401.0,9908.0,42.499885370722424,0.5885555952504797,0.4999999254230486
795,37.0,18.0,0.6485286081108701,20.0,398.0,9916.0,20.880926354912393,0.5810837059385868,0.49999991872656013
796,37.0,19.0,0.6516501994175016,19.0,395.0,9915.0,21.16108838212324,0.5840568203988661,0.49999996671428293
797,37.0,20.0,0.6722355217079174,16.0,211.0,9687.0,13.349981983359129,0.41787398401563713,0.3658772041661037
798,38.0,0.0,0.6290484426943368,16.0,384.0,19383.0,24.218146274439533,0.5860977876399367,0.49999990755729296
799,38.0,1.0,0.6439579112050253,19.0,389.0,19386.0,20.974332818905985,0.5882711412810429,0.4999999357664223
800,38.0,2.0,0.6313727800636019,24.0,368.0,19391.0,16.888868395091635,0.5864886359025154,0.4999999343980369
801,38.0,3.0,0.6482366686454466,20.0,390.0,19387.0,19.111092199794435,0.5840921624867164,0.49999989918754373
802,38.0,4.0,0.6711472164592527,12.0,445.0,19379.0,38.81242398453877,0.5798653652794941,0.4999998978867989
803,38.0,5.0,0.6880254397099134,9.0,178.0,19376.0,30.214155051644568,0.3396151226762889,0.29878116270932153
804,38.0,6.0,0.6560778229196065,18.0,340.0,19385.0,27.86659297801061,0.5873399239723496,0.4999999413660535
805,38.0,7.0,0.6753368317073483,18.0,372.0,19385.0,32.533244533616234,0.5839494708271266,0.49999991044612424
806,38.0,8.0,0.6195330927168778,14.0,351.0,19381.0,24.34440770623304,0.5873565385138799,0.4999525993946964
807,38.0,9.0,0.6574120925483337,11.0,286.0,19378.0,26.849949216763374,0.49361142736418906,0.43327490542001634
808,38.0,10.0,0.6683460847454397,12.0,257.0,19379.0,22.84281553885289,0.5014169845185551,0.44118349053293093
809,38.0,11.0,0.6305233732390196,18.0,317.0,19385.0,18.52497813127605,0.5848999816816065,0.49999993327669223
810,38.0,12.0,0.671513634610295,17.0,386.0,19384.0,28.086483755672177,0.5841376799309641,0.49999995165614075
811,38.0,13.0,0.6830068927583676,7.0,415.0,19374.0,108.7490770922881,0.5862430582373401,0.499999904361906
812,38.0,14.0,0.6521671088286115,17.0,408.0,19384.0,28.326869700563815,0.5855320411312592,0.49999993798624776
813,38.0,15.0,0.6447725572234397,23.0,376.0,19390.0,18.06860513940207,0.5934121670172083,0.49999994603246556
814,38.0,16.0,0.5763341277567499,17.0,323.0,19384.0,19.597198381587717,0.5631883740042913,0.48643856010506814
815,38.0,17.0,0.661083667115756,13.0,401.0,19380.0,85.45757462556274,0.587904164916744,0.499999948559971
816,38.0,18.0,0.6471302304694121,26.0,392.0,19393.0,14.727261399457962,0.5860773932817818,0.4999999199774968
817,38.0,19.0,0.6333020913433034,18.0,365.0,19385.0,20.277755246938618,0.5777766155170911,0.49853908263700886
818,38.0,20.0,0.6271807018210567,21.0,387.0,19192.0,18.249980637777973,0.5851581439452869,0.4999998826170897
819,39.0,0.0,0.6740971327957556,12.0,221.0,8671.0,19.557107375575978,0.42085214632005896,0.36990480044049767
820,39.0,1.0,0.6153749587934972,22.0,370.0,15985.0,16.162378583547824,0.588886631473617,0.4999998721889557
821,39.0,2.0,0.6450963368502346,17.0,387.0,18075.0,23.941631082005365,0.5897151098516863,0.499999911496385
822,39.0,3.0,0.5945425145058163,15.0,355.0,12906.0,22.74996725005275,0.5846478890724437,0.4954977044711467
823,39.0,4.0,0.635877530414326,13.0,364.0,13751.0,27.440434589065703,0.5880888810584375,0.4999742558054039
824,39.0,5.0,0.648102705217176,18.0,376.0,18424.0,22.584581765738825,0.5869283263162008,0.4999999389568629
825,39.0,6.0,0.6332476067105733,23.0,359.0,16710.0,17.60315671644599,0.5870974021019448,0.49999716071067346
826,39.0,7.0,0.6329830707338222,22.0,399.0,19286.0,18.290456867596767,0.5837815041133609,0.4999999346869263
827,39.0,8.0,0.6128219041385707,20.0,387.0,18319.0,20.318160316827324,0.5918753816069321,0.4999999252697751
828,39.0,9.0,0.6686263057767636,21.0,331.0,16182.0,15.831714714791605,0.5880875417422795,0.49999992036047713
829,39.0,10.0,0.6535730175975942,18.0,297.0,12114.0,16.833311875030265,0.5658587038853691,0.4876945251769409
830,39.0,11.0,0.6637254974722313,20.0,348.0,17902.0,17.736243876367595,0.5870510039128789,0.49999994035380435
831,39.0,12.0,0.6576233205077412,18.0,351.0,15769.0,21.438429170470855,0.5833880732468468,0.4999999453579659
832,39.0,13.0,0.6808402074981195,13.0,396.0,16650.0,39.28322910587626,0.5834069092858931,0.4999999615090759
833,39.0,14.0,0.655093371609496,23.0,394.0,17719.0,18.05801622012914,0.5804288529596622,0.49999994954196647
834,39.0,15.0,0.6677560478078789,17.0,410.0,20131.0,26.35829281812642,0.5894104021743923,0.499999914276539
835,39.0,16.0,0.6571123148896552,23.0,401.0,18486.0,19.720563424200396,0.5884398830638542,0.4999999155818956
836,39.0,17.0,0.6694236756576275,18.0,401.0,18044.0,28.339230427423022,0.5830950658682627,0.49999993560996203
837,39.0,18.0,0.6174116373264973,16.0,367.0,14144.0,22.182512472948986,0.579980369598711,0.4986351647192857
838,39.0,19.0,0.6209451005260531,21.0,349.0,16731.0,16.359075541750002,0.5850144351526232,0.4999999183094852
839,39.0,20.0,0.5778380766980871,25.0,359.0,17467.0,19.294095378486954,0.5852750838684575,0.49999981443286523
840,40.0,0.0,0.6583203145916647,20.0,404.0,17420.0,23.399964533396712,0.5874826692857361,0.49999989845597337
841,40.0,1.0,0.6666536919024846,13.0,384.0,17413.0,36.46657264473032,0.5882791073416067,0.4999999149629364
842,40.0,2.0,0.6584627810094329,19.0,401.0,17419.0,22.064074523379926,0.5889451337432048,0.4999999527321144
843,40.0,3.0,0.6288583290656293,21.0,406.0,17421.0,24.463189598937323,0.592525467425405,0.4999999347279399
844,40.0,4.0,0.5880418494954948,15.0,382.0,17415.0,24.13885720683343,0.5899132345804026,0.49999993509490837
845,40.0,5.0,0.6636871506364346,17.0,443.0,17417.0,31.57686244096591,0.5908416091426262,0.4999999347211376
846,40.0,6.0,0.6452396319052995,21.0,355.0,17421.0,16.69543880869255,0.5914281514811188,0.4999999095906691
847,40.0,7.0,0.6484442986099135,17.0,401.0,17417.0,23.071401183707025,0.5952975558972673,0.4999998757164631
848,40.0,8.0,0.6751946969377131,25.0,397.0,17425.0,17.00365980943638,0.5936252195967716,0.4999999621280905
849,40.0,9.0,0.6653480034528185,13.0,392.0,17413.0,37.099904566956546,0.5932900594417968,0.4999999300232373
850,40.0,10.0,0.6377264688472819,25.0,379.0,17425.0,16.071411723376684,0.5882478676971625,0.4999999314143514
851,40.0,11.0,0.6291987313849596,18.0,359.0,17418.0,19.39997878752348,0.5898329502989267,0.4999999218475406
852,40.0,12.0,0.630824404355691,25.0,375.0,17425.0,14.81409084279364,0.586066927205799,0.4999999514719067
853,40.0,13.0,0.6658563550133182,15.0,430.0,17415.0,51.442093603108276,0.588559895751594,0.4999999119002543
854,40.0,14.0,0.6534741707496625,16.0,411.0,17416.0,29.458277951512123,0.586898981621121,0.4999998940002014
855,40.0,15.0,0.6365141682948128,10.0,354.0,17410.0,35.39992920014161,0.5781106813504555,0.49548483242637675
856,40.0,16.0,-0.0,11.0,205.0,17411.0,18.63634669423028,0.33074432333556647,0.2928931888621169
857,40.0,17.0,0.6223187961179009,14.0,398.0,17414.0,27.66662481488354,0.5827663366529519,0.49981092175206054
858,40.0,18.0,0.6344312705534911,18.0,336.0,17418.0,18.155823531817518,0.590259445015476,0.499999967567448
859,40.0,19.0,0.6501461619120047,7.0,316.0,17407.0,47.99985166713194,0.5461900489089491,0.47655323205996913
860,40.0,20.0,0.6627561588450714,16.0,371.0,17252.0,23.21663567226618,0.5849352028209791,0.49999990880192235
861,41.0,0.0,0.5986400052226852,22.0,353.0,14812.0,15.549986200012343,0.5932712954610637,0.4999996112652325
862,41.0,1.0,0.6271047869053563,19.0,384.0,14809.0,19.551115969159213,0.5871446960379427,0.49999989790225663
863,41.0,2.0,0.6111263952029515,16.0,323.0,14806.0,21.53171698290682,0.5153091426332204,0.4588302837531646
864,41.0,3.0,0.6439030415576578,19.0,392.0,14809.0,20.35116777709628,0.5856180029078757,0.4999998907406241
865,41.0,4.0,0.6732320103052685,17.0,367.0,14807.0,22.249970492466534,0.5887748728109787,0.499630812585798
866,41.0,5.0,0.6359170196675107,14.0,388.0,14804.0,26.937461849013488,0.5889827368011928,0.4999999010390591
867,41.0,6.0,0.651864417729686,17.0,389.0,14807.0,26.990333781549197,0.5924326744483898,0.4999999158950148
868,41.0,7.0,0.6289163712132327,17.0,409.0,14807.0,23.278544109216767,0.5837244902056861,0.4999953337730598
869,41.0,8.0,0.6209512964892032,17.0,365.0,14807.0,21.85830181810842,0.5891574124536973,0.49999990410882167
870,41.0,9.0,0.6269398834664757,16.0,428.0,14806.0,26.927233302545073,0.5891648898484027,0.4999999608518272
871,41.0,10.0,0.6200337754337304,19.0,376.0,14809.0,19.148788592003008,0.5840756164544803,0.49999997308848776
872,41.0,11.0,0.6371019529267538,18.0,392.0,14808.0,21.7777535802738,0.5891246866091027,0.49999994755244614
873,41.0,12.0,0.6581099875431143,15.0,380.0,14805.0,33.333247222488424,0.5852626962428196,0.4999999507636149
874,41.0,13.0,0.6296153855391713,14.0,380.0,14804.0,32.181739228887565,0.5776978923720937,0.4939510972174378
875,41.0,14.0,0.6132172535216702,13.0,393.0,14803.0,29.02495479382436,0.5837571819160499,0.4955779306212099
876,41.0,15.0,0.6304882394562005,12.0,394.0,14802.0,31.799947257232834,0.5924392145095578,0.4999998752344953
877,41.0,16.0,0.622592269547829,18.0,423.0,14808.0,22.812475109402488,0.5834453521350196,0.4999999161816586
878,41.0,17.0,0.6196433556128916,27.0,412.0,14817.0,16.099987294454557,0.5910911002772434,0.49999991136410193
879,41.0,18.0,0.6562326546090871,12.0,337.0,14802.0,27.585667849059988,0.5846680151491424,0.4954942463092915
880,41.0,19.0,0.6623868816824304,16.0,308.0,14806.0,19.249975937530078,0.5929493080818282,0.4999793982679501
881,41.0,20.0,0.6860117787689295,22.0,352.0,14623.0,24.847170744721552,0.5886483596080325,0.49999994492786337
882,42.0,0.0,0.6463784928699954,20.0,379.0,17306.0,24.21870392588739,0.590995268815864,0.49999992286140094
883,42.0,1.0,0.6771812314240284,13.0,404.0,17299.0,39.56656254476375,0.5806418063094376,0.4999999611452226
884,42.0,2.0,0.6308430151452082,15.0,418.0,17301.0,34.416581319704456,0.5838023997642945,0.49999991584673553
885,42.0,3.0,0.5978994192099614,19.0,354.0,17305.0,17.812481654848913,0.5891819929632508,0.499999964015979
886,42.0,4.0,0.6670306759526603,13.0,334.0,17299.0,27.513835922182743,0.5713149340222167,0.48884710352422256
887,42.0,5.0,0.6530839208851338,11.0,345.0,17297.0,31.285652984822967,0.5924418610183126,0.49999997387231343
888,42.0,6.0,0.6252225252224566,21.0,387.0,17307.0,17.833316574090148,0.5805208425137149,0.4999999703426844
889,42.0,7.0,0.649248354870898,9.0,357.0,17295.0,77.4368519594475,0.5837548569721345,0.49547689483972024
890,42.0,8.0,0.6513247790538359,18.0,390.0,17304.0,31.533250533594455,0.5880053237645124,0.49999996373527766
891,42.0,9.0,0.6172417697303416,25.0,351.0,17311.0,13.587651675881315,0.5932707351264956,0.49999993195242276
892,42.0,10.0,0.597602141976556,20.0,393.0,17306.0,19.369024895155764,0.5877813692877809,0.4999999132567302
893,42.0,11.0,0.6108643020548935,20.0,420.0,17306.0,20.12497994793748,0.5890847853396879,0.49999992991588693
894,42.0,12.0,0.6365141682948128,15.0,375.0,17301.0,31.249921875238716,0.5816816047494677,0.49999994357794764
895,42.0,13.0,0.6736707675918364,11.0,244.0,17297.0,25.45826748283463,0.4092091423703216,0.3622524649243677
896,42.0,14.0,0.6743917499840459,17.0,404.0,17303.0,35.77371282060103,0.5920285417344655,0.4999999377592309
897,42.0,15.0,0.619773802020738,28.0,415.0,17314.0,14.3944335808731,0.585238141134757,0.499999963743597
898,42.0,16.0,0.6417765582594483,25.0,428.0,17311.0,18.261885512117427,0.5844563116166746,0.49999994321212116
899,42.0,17.0,0.6449747533318881,13.0,419.0,17299.0,33.34715999627405,0.5872790958650975,0.4999999400731193
900,42.0,18.0,0.647286118658443,18.0,386.0,17304.0,25.839237123834533,0.5906289854534837,0.49942781725300767
901,42.0,19.0,0.6713307126869217,6.0,394.0,17292.0,68.74973062616094,0.566831787647484,0.4999742504094208
902,42.0,20.0,0.6162320369969374,17.0,372.0,17117.0,21.22724623281845,0.5894291898982493,0.4999999438865398
903,43.0,0.0,0.6348143426752854,19.0,411.0,12607.0,21.1725956214847,0.5948163459646825,0.49999992665720683
904,43.0,1.0,0.6552055084922901,19.0,369.0,12607.0,20.205102641390738,0.591039881849741,0.49999997137973184
905,43.0,2.0,0.6592000722901372,13.0,413.0,12601.0,38.49990200029633,0.5891305084917808,0.49999994041134577
906,43.0,3.0,0.6843475151666947,14.0,385.0,12602.0,91.8837739432661,0.5898346310453964,0.4999999192993163
907,43.0,4.0,0.6794750344823619,14.0,297.0,12602.0,28.53022699288994,0.5446154042251925,0.47110519486398583
908,43.0,5.0,0.630938759044577,14.0,255.0,12602.0,18.214259693914723,0.5216436216640141,0.45432729817236484
909,43.0,6.0,0.6330877789071315,16.0,411.0,12604.0,33.11530144996042,0.5841884577511208,0.49999990223271595
910,43.0,7.0,0.6450331516760341,17.0,442.0,12605.0,27.341626032014005,0.5878746314784375,0.4999999188087302
911,43.0,8.0,0.6099303282949757,16.0,455.0,12604.0,30.341228895243535,0.582347117532005,0.49999989622165153
912,43.0,9.0,0.6224869206570487,17.0,350.0,12605.0,20.075732380658906,0.5907341442918785,0.4999997075347057
913,43.0,10.0,0.6108643020548935,21.0,390.0,12609.0,18.849977683364465,0.5826978868799197,0.499999930814071
914,43.0,11.0,0.6562622193858257,21.0,389.0,12609.0,25.014657234109993,0.5897482639915624,0.4999999240211854
915,43.0,12.0,0.6308009684799083,14.0,332.0,12602.0,24.699955050095575,0.5904475143451251,0.4999985153476063
916,43.0,13.0,0.6639400542735359,15.0,395.0,12603.0,35.208241493340424,0.5882737504482446,0.49999990499594416
917,43.0,14.0,0.6403908790018888,16.0,351.0,12604.0,21.516638538928035,0.5903729429338576,0.4999706145766597
918,43.0,15.0,0.624879049618462,17.0,397.0,12605.0,22.81815311987406,0.5860017073022009,0.49999993526524533
919,43.0,16.0,0.6467238528694028,10.0,344.0,12598.0,33.66659805570116,0.5505610426478107,0.4759570117948917
920,43.0,17.0,0.6472940329761009,15.0,406.0,12603.0,45.65366084408877,0.5848378891821269,0.49999994350922605
921,43.0,18.0,0.6213613902431254,21.0,358.0,12609.0,18.887472795360303,0.5833138369944508,0.499999977907885
922,43.0,19.0,0.21709026387338634,11.0,124.0,12599.0,8.249984027829552,0.25968578428666345,0.256188816797309
923,43.0,20.0,0.6900923107348644,17.0,384.0,12447.0,36.892753529243116,0.5883444029952373,0.49999992543733174
924,44.0,0.0,0.6512007379037212,16.0,379.0,15338.0,23.687470390662014,0.5918263284216434,0.49999990228134517
925,44.0,1.0,0.6346646776014653,15.0,378.0,15337.0,27.12495048306171,0.5883749198291492,0.4999999358225714
926,44.0,2.0,0.6400908968707052,15.0,381.0,15337.0,27.579494728932563,0.5892910711438066,0.499999968150715
927,44.0,3.0,0.6293932811768892,25.0,402.0,15347.0,16.12498513788311,0.5862469732949863,0.4999999649241499
928,44.0,4.0,0.5577369273184383,18.0,362.0,15340.0,21.51247422190611,0.5918510577066705,0.4999999333462508
929,44.0,5.0,0.6012561709304001,19.0,391.0,15341.0,19.69884332065681,0.5887232175745917,0.4999998976919764
930,44.0,6.0,0.6327532106005813,15.0,375.0,15337.0,24.8999628000618,0.5906770549403533,0.49998448336988865
931,44.0,7.0,0.6127150103293943,9.0,364.0,15331.0,39.14991482518754,0.5680761065169613,0.4888481562364677
932,44.0,8.0,0.6312156463360614,26.0,402.0,15348.0,15.248353238082572,0.5955775989462011,0.4999999430717311
933,44.0,9.0,0.6232117636547544,15.0,368.0,15337.0,25.954498791422406,0.5907516480955508,0.49998508213927506
934,44.0,10.0,0.6460905050608089,17.0,391.0,15339.0,22.46425908676727,0.5866889742477164,0.4999999470881613
935,44.0,11.0,0.644527409169329,10.0,388.0,15332.0,40.47609011366386,0.5806724666279748,0.49999993983214897
936,44.0,12.0,0.6417527090587234,21.0,387.0,15343.0,18.535694311248378,0.5877591220862388,0.49999994319622276
937,44.0,13.0,0.6333804941180476,14.0,374.0,15336.0,26.714247551074926,0.5902970058766963,0.499999892647084
938,44.0,14.0,0.6326266837088914,17.0,363.0,15339.0,24.259570978278997,0.5932766806936941,0.49999989210441986
939,44.0,15.0,0.6392863950398688,22.0,329.0,15344.0,14.633320213900745,0.5848550562714656,0.49999992697113926
940,44.0,16.0,0.6445549512768529,22.0,359.0,15344.0,17.677061521298935,0.5926901412441452,0.49999994262024805
941,44.0,17.0,0.6495708902229431,19.0,331.0,15341.0,21.758292015372355,0.5858843082560004,0.4999999282793083
942,44.0,18.0,0.6325937108477486,21.0,360.0,15343.0,17.071410357164467,0.590212017259072,0.4999998923817368
943,44.0,19.0,0.6201873930309616,23.0,440.0,15345.0,18.50383033936286,0.5889650071726718,0.4999999427015872
944,44.0,20.0,0.6213388462150591,16.0,390.0,15163.0,23.6031456110213,0.5892644473791722,0.49990611505739624
945,45.0,0.0,0.6447306645098687,15.0,405.0,22022.0,26.388853086470338,0.590939505019948,0.4999999202539994
946,45.0,1.0,0.6125936030270257,26.0,341.0,22033.0,12.615141970071674,0.5847643057252307,0.49999989002501066
947,45.0,2.0,0.6806727593165229,14.0,387.0,22021.0,37.34838503704121,0.5898740380540299,0.49999995752482307
948,45.0,3.0,0.6295012608763815,16.0,374.0,22023.0,22.73330387781844,0.5890624895964576,0.4999999791675065
949,45.0,4.0,0.630139314898281,24.0,373.0,22031.0,15.541653715288572,0.5906609890137355,0.4999999460661714
950,45.0,5.0,0.6330098430693639,11.0,335.0,22018.0,29.821371237363635,0.5910905206538593,0.499818043317971
951,45.0,6.0,0.6274779421977634,19.0,346.0,22026.0,17.916648064834177,0.5884388294499687,0.4999962440998649
952,45.0,7.0,0.6290242631377219,14.0,319.0,22021.0,22.299966066722682,0.5859753862280601,0.49844297693202577
953,45.0,8.0,0.6454563502907239,17.0,346.0,22024.0,28.07135613968212,0.5855474120020658,0.4999999279991675
954,45.0,9.0,0.6340673466624541,19.0,382.0,22026.0,19.666644920660698,0.5894385596375115,0.49999989078065
955,45.0,10.0,0.6758340849021183,24.0,415.0,22031.0,34.02371284611928,0.595825123752542,0.49999993361147144
956,45.0,11.0,0.41998917198884345,17.0,256.0,22024.0,16.76661432246295,0.4631877159192477,0.4232731793052702
957,45.0,12.0,0.6119898033040059,11.0,375.0,22018.0,32.83922366721831,0.5911774180132665,0.4995315955473286
958,45.0,13.0,0.606861242134562,17.0,386.0,22024.0,21.7428319102343,0.59040046182114,0.49999991169240177
959,45.0,14.0,0.6504405869307238,11.0,386.0,22018.0,48.083146713836285,0.5866306050425378,0.4999999245874801
960,45.0,15.0,0.6438222353741418,13.0,366.0,22020.0,27.59995605007384,0.5846864411553274,0.498314051761673
961,45.0,16.0,0.6424676563828349,18.0,377.0,22025.0,21.083306805592592,0.5898065996678454,0.49999425368008754
962,45.0,17.0,0.6655296233409365,14.0,389.0,22021.0,35.74233154757603,0.5877049080005117,0.4999999163072203
963,45.0,18.0,0.6215639508162936,22.0,412.0,22029.0,21.223498715625414,0.5869105222496349,0.4999999427278261
964,45.0,19.0,0.6383179724238831,29.0,381.0,22036.0,13.436100047386905,0.5905295641664361,0.49999993673071297
965,45.0,20.0,0.6575022692129078,19.0,422.0,21835.0,34.176992007668765,0.5881944116071844,0.4999999246231366
966,46.0,0.0,0.6652747443075995,18.0,400.0,21900.0,27.9463744580322,0.5904215374897179,0.4999999456804739
967,46.0,1.0,0.6501253072341773,14.0,364.0,21896.0,27.874947937612532,0.5873792704045677,0.49999991347190287
968,46.0,2.0,0.6130775720674772,9.0,304.0,21891.0,42.99986944485833,0.51356565297853,0.45505464576044774
969,46.0,3.0,0.6300861445587914,25.0,370.0,21907.0,14.38310554689724,0.5886343532143745,0.49999942425182
970,46.0,4.0,0.6026012620056975,20.0,358.0,21902.0,17.73807431408766,0.594559209078551,0.4999999282698566
971,46.0,5.0,0.6377076824710992,19.0,385.0,21901.0,22.042824812301163,0.5896047746866866,0.49999993700222367
972,46.0,6.0,0.5582720229699982,22.0,341.0,21904.0,14.551269262558183,0.5920695459975325,0.4998255879790887
973,46.0,7.0,0.6182523970693317,16.0,369.0,21898.0,22.309496436164117,0.5903634295419589,0.4999997544277852
974,46.0,8.0,0.6237665984568341,19.0,364.0,21901.0,18.58926533378247,0.5943311890933558,0.49999853123185745
975,46.0,9.0,0.6563341342375295,24.0,356.0,21906.0,17.111089567933266,0.5920759090762195,0.49999990268222994
976,46.0,10.0,0.663588382031598,20.0,372.0,21902.0,18.95602273399514,0.5895102160650634,0.4999991663497223
977,46.0,11.0,0.6527546265645937,22.0,418.0,21904.0,22.882318304560997,0.5922009956459554,0.499999940777225
978,46.0,12.0,0.6588827340166754,17.0,365.0,21899.0,23.083298347282877,0.5890005760997918,0.49999991002144695
979,46.0,13.0,0.6083717724045108,17.0,377.0,21899.0,21.722197114226645,0.5893404729627368,0.49999990589087706
980,46.0,14.0,0.6678884337784288,14.0,420.0,21896.0,38.84838367340609,0.5855574300218938,0.499999918150532
981,46.0,15.0,0.6593574352625602,26.0,383.0,21908.0,16.484944578291437,0.5890697739238036,0.49999989837762093
982,46.0,16.0,0.6656529278185028,16.0,407.0,21898.0,29.958275868184696,0.5874383166606798,0.49999992466293797
983,46.0,17.0,0.6129676892445654,20.0,400.0,21902.0,20.047595124749648,0.5895479810107471,0.49999991549222766
984,46.0,18.0,0.5671442544107275,15.0,452.0,21897.0,39.44992685014055,0.57463750553717,0.49999991560443424
985,46.0,19.0,0.6596069047306359,19.0,431.0,21901.0,35.13532248510863,0.5882866526696093,0.49999988929914907
986,46.0,20.0,0.6131041657408389,18.0,413.0,21676.0,23.57688955626957,0.5861907916613643,0.49999990060439636
987,47.0,0.0,0.6502302202095589,21.0,361.0,12856.0,22.852897145431093,0.5923203608258096,0.4999999227001345
988,47.0,1.0,0.6449008339852185,24.0,370.0,12859.0,15.562485273452955,0.5920241368740198,0.4999998969013896
989,47.0,2.0,0.6845838401060045,14.0,352.0,12849.0,29.074942237629486,0.5908401421396439,0.49999996984463746
990,47.0,3.0,0.6306808338729991,24.0,366.0,12859.0,15.156235878920887,0.5881170237583492,0.49999990730966715
991,47.0,4.0,0.6395188924075219,21.0,379.0,12856.0,20.643719497710514,0.5915903002723528,0.4999998930473505
992,47.0,5.0,0.6566433370286335,18.0,391.0,12853.0,23.83842560124628,0.591087242621956,0.49999991471505045
993,47.0,6.0,0.6122032264460429,30.0,378.0,12865.0,12.149313326718495,0.5921693768009695,0.4999999139888057
994,47.0,7.0,0.6554817739013927,15.0,385.0,12850.0,25.277743209925756,0.5893693963217042,0.4999999147378812
995,47.0,8.0,0.647683798703623,20.0,391.0,12855.0,19.55492356058607,0.5897046510072915,0.49999992056583165
996,47.0,9.0,0.5979135163502025,16.0,368.0,12851.0,22.11108416229084,0.596405654099585,0.49990827317546516
997,47.0,10.0,0.6402348528960584,17.0,366.0,12852.0,20.95711810411181,0.587583431874976,0.49999997347110037
998,47.0,11.0,0.6512007379037212,17.0,379.0,12852.0,22.34088025830488,0.5897917026799981,0.49999993479483495
999,47.0,12.0,0.6763457376974649,27.0,372.0,12862.0,29.916580312782276,0.5919625186677284,0.49999989493709307
1000,47.0,13.0,0.6275426352654148,16.0,402.0,12851.0,31.999920256655358,0.5907880610111871,0.49999991526581156
1001,47.0,14.0,0.6490685401749132,14.0,397.0,12849.0,30.34994340012223,0.5901122478183938,0.4999999214255326
1002,47.0,15.0,0.630961080861248,23.0,384.0,12858.0,16.981045563316837,0.5843240601567816,0.4999999024327335
1003,47.0,16.0,0.693102680077843,11.0,212.0,12846.0,19.449964016733773,0.39024228391291615,0.3349613133613796
1004,47.0,17.0,0.6497211519397708,22.0,376.0,12857.0,17.09089355373313,0.5897914567995532,0.49999989388252475
1005,47.0,18.0,0.6584288741095572,21.0,355.0,12856.0,18.383310161144756,0.5906083889169633,0.4999997147141316
1006,47.0,19.0,0.6260204904137935,11.0,392.0,12846.0,37.11659590569129,0.5807966968594828,0.49532322725569644
1007,47.0,20.0,0.65678111277085,15.0,388.0,12713.0,28.931763641649106,0.5889276191640065,0.4998130481905302
1008,48.0,0.0,0.6420896027313642,22.0,363.0,14072.0,16.08118185588362,0.5907785881256638,0.4999999443356453
1009,48.0,1.0,0.6624996063477788,26.0,406.0,14076.0,19.074975587536997,0.5895774763774262,0.49999987336112184
1010,48.0,2.0,0.6056622761819627,19.0,381.0,14069.0,19.22725286159129,0.593619002047457,0.4999999498765968
1011,48.0,3.0,0.6899437584583995,14.0,350.0,14064.0,29.574940237635232,0.5889833121758006,0.4955236096267849
1012,48.0,4.0,0.620173112738966,15.0,379.0,14065.0,24.741038997172794,0.590543720382579,0.4999999484334481
1013,48.0,5.0,0.6442499082898856,21.0,345.0,14071.0,16.709074691751308,0.5921911634667103,0.49999996088984167
1014,48.0,6.0,0.6757612708781809,12.0,398.0,14062.0,52.29978570102429,0.5929415456188895,0.49999760402715776
1015,48.0,7.0,0.6548249127900727,19.0,389.0,14069.0,22.957108330673165,0.5905280335144902,0.4999999143708638
1016,48.0,8.0,0.6625462832247913,10.0,451.0,14060.0,60.062265547964934,0.5790463645101287,0.4999999269815626
1017,48.0,9.0,0.6438489739130627,18.0,395.0,14068.0,42.09357494225941,0.5946790995043407,0.49999992267009297
1018,48.0,10.0,0.6484085257416328,15.0,384.0,14065.0,28.19312934154044,0.5878329671112911,0.4999991536074446
1019,48.0,11.0,0.6261803474069438,13.0,351.0,14063.0,26.13745892819314,0.5899049691717162,0.49817288844673246
1020,48.0,12.0,0.629806419436397,23.0,355.0,14073.0,16.423061520724676,0.5884181693785635,0.499999899577951
1021,48.0,13.0,0.6647033098845015,13.0,396.0,14063.0,48.88616476334964,0.5897793422307184,0.4999000832491354
1022,48.0,14.0,0.6504405869307238,18.0,386.0,14068.0,31.13325168914628,0.5900022539685441,0.49999987754804154
1023,48.0,15.0,0.6776541476499724,19.0,393.0,14069.0,24.44996170721187,0.5819351045140438,0.49999989479301477
1024,48.0,16.0,0.6162320369969374,13.0,372.0,14063.0,32.924939493864336,0.5879100043411825,0.499999775018769
1025,48.0,17.0,0.6758647774333714,23.0,383.0,14073.0,25.473632316605528,0.5873214370631652,0.4999999196965109
1026,48.0,18.0,0.6469263471727789,24.0,358.0,14074.0,15.093735683608802,0.5881620939913388,0.4999999298025354
1027,48.0,19.0,0.6218830975543604,12.0,370.0,14062.0,33.685651649098105,0.5784829469179862,0.49366395818644027
1028,48.0,20.0,0.5671025196990161,16.0,342.0,13874.0,29.454490859609404,0.5825755287231656,0.49852249592669684
1029,49.0,0.0,0.648744667742676,25.0,355.0,17340.0,14.131932236218944,0.5895681835982776,0.49999396659802464
1030,49.0,1.0,0.5654001452743456,17.0,356.0,16217.0,21.624973663226594,0.586785836958029,0.49999113757864744
1031,49.0,2.0,0.6371019529267538,20.0,392.0,19167.0,19.395583306389003,0.5930875900883084,0.49999992993436293
1032,49.0,3.0,0.6797772390666414,20.0,380.0,16195.0,32.999907843433945,0.5851142113090528,0.4999993019029668
1033,49.0,4.0,0.664713086360409,22.0,375.0,18275.0,24.319396176811242,0.59383678332722,0.4999999353295055
1034,49.0,5.0,0.6083032865484286,18.0,367.0,18074.0,20.388866234593074,0.587235072726618,0.49999993419236144
1035,49.0,6.0,0.6635006253178635,17.0,227.0,9234.0,14.371409883698323,0.40643343841817403,0.3594975164540344
1036,49.0,7.0,-0.0,11.0,80.0,6060.0,7.999984000032001,0.19263914692779882,0.13914661435931952
1037,49.0,8.0,-0.0,12.0,187.0,6217.0,15.583320347233045,0.3266128210403195,0.28969106821786395
1038,49.0,9.0,0.6273289195823583,15.0,393.0,17288.0,27.886313228414252,0.5893938794490468,0.49999993141361676
1039,49.0,10.0,0.6353288332990517,27.0,392.0,19403.0,17.071407545382982,0.5875439483029025,0.4999999342724415
1040,49.0,11.0,0.6797960686407377,18.0,368.0,16295.0,45.18730332127761,0.5894523747885112,0.4999999291028864
1041,49.0,12.0,0.60155976207874,16.0,394.0,15545.0,24.624969218788475,0.5911634986357812,0.49999648915469375
1042,49.0,13.0,0.6146969509517161,13.0,371.0,14395.0,29.571381207559188,0.5802638827073321,0.49549653778379854
1043,49.0,14.0,0.6678722503844712,15.0,402.0,15031.0,30.681759266660045,0.5859774158832665,0.49999990485182055
1044,49.0,15.0,0.630139314898281,23.0,373.0,18853.0,17.495076873829113,0.5907648787440554,0.4999998830081751
1045,49.0,16.0,0.6385393002625535,10.0,339.0,12073.0,33.8999322001356,0.5626816269960493,0.48813788239993405
1046,49.0,17.0,0.6385939842317903,18.0,330.0,15502.0,18.333312962985598,0.5885692209069511,0.4999997212753201
1047,49.0,18.0,0.6668261151391721,17.0,394.0,18749.0,23.666635555599832,0.583968521478575,0.49999994166304784
1048,49.0,19.0,0.6458585887232049,19.0,354.0,16139.0,19.134591466996255,0.5902231751797453,0.49999142414214415
1049,49.0,20.0,0.643237991266153,18.0,399.0,18021.0,22.33330520837263,0.5885311551445104,0.49999989036836456
