,round,tube,sp_div_H,tot_pop_0,tot_final_pop,tot_auc,mean_fc,deg_score,nut_score
0,0.0,0.0,1.077813940767602,40.0,350.0,36231.0,8.749991250008751,0.2877622480466189,0.5662713808073054
1,0.0,1.0,0.7252445115901542,40.0,658.0,76401.0,16.44998355001645,0.24094242339063998,0.9997952694193546
2,0.0,2.0,0.5639755739606422,40.0,497.0,44070.0,12.424987575012423,0.3843301802317475,0.6545754912196247
3,0.0,3.0,0.9747486535846568,40.0,641.0,72972.0,16.024983975016024,0.2777609746108496,0.9997043620330186
4,0.0,4.0,0.5424628901377749,40.0,462.0,37609.0,11.54998845001155,0.4477087265912668,0.5768956054487453
5,0.0,5.0,0.9447739582866899,40.0,939.0,68731.0,23.474976525023475,0.3794746045858066,0.9831290632224673
6,1.0,0.0,0.9807938831755517,14.0,339.0,31886.0,18.43745671885942,0.25849508749966366,0.5483355227534323
7,1.0,1.0,0.6805463747625198,30.0,606.0,76279.0,20.374985729177055,0.19447842449164032,0.9998181995465959
8,1.0,2.0,0.6441411436218639,21.0,496.0,39079.0,25.372481937929578,0.2542008762725515,0.49997818845960385
9,1.0,3.0,0.7994982752300369,29.0,655.0,79774.0,15.446392583159575,0.2287688439911224,0.9997995253653282
10,1.0,4.0,0.18869143497048838,23.0,364.0,37918.0,6.236103711436981,0.19422664264899991,0.39283214780332265
11,1.0,5.0,0.9117103978095731,44.0,939.0,67346.0,22.289135463729302,0.3207028931528899,0.885058520013362
12,2.0,0.0,0.842880193680779,17.0,457.0,33511.0,26.124950677188973,0.28326934152798244,0.5662781486600053
13,2.0,1.0,0.6795597321765874,27.0,608.0,81989.0,22.60793713553814,0.18716984428648487,0.999713546370266
14,2.0,2.0,0.5777125322474359,22.0,431.0,40768.0,18.709505132447617,0.24787031856668085,0.49999981609359057
15,2.0,3.0,0.783490046900015,24.0,709.0,81740.0,25.60249267806454,0.21137320880523314,0.9997338501840823
16,2.0,4.0,-0.0,20.0,321.0,34370.0,8.447363975071593,0.1329911586038035,0.2944919991703775
17,2.0,5.0,0.5973769370836022,46.0,753.0,67171.0,15.205402157596637,0.25450556188911044,0.5901714260259636
18,3.0,0.0,0.7804619243039549,16.0,383.0,33779.0,24.560489983735895,0.2429220334445349,0.514773142576086
19,3.0,1.0,0.6704994364724028,22.0,599.0,78128.0,26.924975595855635,0.19655465354726254,0.9997517533147126
20,3.0,2.0,0.6067374666779319,23.0,437.0,41719.0,18.839266535417973,0.2478169050225627,0.4999999295396944
21,3.0,3.0,0.8261169311452461,34.0,559.0,77064.0,14.708308828216879,0.21445223018333526,0.9997165704087984
22,3.0,4.0,-0.0,11.0,322.0,31658.0,29.27270066118122,0.1359383670315195,0.29289318548188825
23,3.0,5.0,0.6273697624622726,26.0,842.0,62870.0,31.579304506000582,0.21995145613797762,0.511496461084959
24,4.0,0.0,0.9257054562457221,19.0,417.0,37662.0,23.222157104641465,0.2830055756951113,0.731892462573116
25,4.0,1.0,0.6614543625307424,25.0,587.0,81143.0,23.10712440400382,0.18085890539357208,0.9998779361372424
26,4.0,2.0,0.6365141682948128,24.0,438.0,38270.0,20.277752993863462,0.25357788015282035,0.49986949159672633
27,4.0,3.0,0.7963595763293476,36.0,489.0,68873.0,12.014266018441615,0.20675353441120914,0.9997676903977006
28,4.0,4.0,-0.0,18.0,293.0,30950.0,16.277768734572927,0.13040235449314053,0.29289317116420543
29,4.0,5.0,0.48422582925341084,27.0,721.0,64312.0,24.46305113621447,0.22026846297190283,0.4999996080185427
30,5.0,0.0,0.9539143943433344,16.0,450.0,65161.0,31.428476530997813,0.2897945112831044,0.6682562265971002
31,5.0,1.0,0.6877119790398608,30.0,576.0,65175.0,19.276004964690422,0.19145556546491693,0.9997251754258021
32,5.0,2.0,0.41826564508112885,31.0,373.0,65176.0,10.6600814051478,0.24630594954912277,0.49999988825568187
33,5.0,3.0,0.8017977236791303,30.0,529.0,65175.0,15.828926758561694,0.20425181049752195,0.999739502231077
34,5.0,4.0,-0.0,18.0,315.0,65163.0,17.49999027778318,0.13163937834401684,0.29289321534993384
35,5.0,5.0,0.5537573955902801,30.0,685.0,63837.0,23.139729708563813,0.2205320689171273,0.49980950695624904
36,6.0,0.0,0.8049590195377061,25.0,334.0,66097.0,19.20231031389657,0.21543674967263915,0.4678357793314629
37,6.0,1.0,0.6756848558044792,33.0,644.0,66105.0,19.422782391470108,0.19197515027946588,0.9997420596488086
38,6.0,2.0,0.5803928983535026,15.0,423.0,66087.0,31.749926458551563,0.24761945103635064,0.4999999269276153
39,6.0,3.0,0.6912441313731643,28.0,454.0,66100.0,20.952356485293123,0.1785973417728427,0.6667438651233369
40,6.0,4.0,-0.0,10.0,325.0,66082.0,32.499967500032504,0.12729771622319785,0.29289316370689766
41,6.0,5.0,0.5087526751643604,37.0,655.0,64683.0,16.379619313108208,0.22483006866047617,0.4999821504561115
42,7.0,0.0,0.8562176702034208,17.0,310.0,52109.0,17.555512390702315,0.19083017723587725,0.40608501911493555
43,7.0,1.0,0.6734246355490325,28.0,586.0,52120.0,20.76040165148678,0.18963135828952393,0.9997380456264642
44,7.0,2.0,0.5384466205583942,21.0,423.0,52113.0,18.571410357162936,0.24766762591442526,0.499999937969435
45,7.0,3.0,0.6912669924854148,20.0,522.0,52112.0,26.525225302548357,0.18618751052651972,0.6667432723468838
46,7.0,4.0,-0.0,29.0,291.0,52121.0,10.034479298455414,0.1278140216520991,0.29289318340309833
47,7.0,5.0,-0.0,29.0,491.0,51258.0,9.81999607200157,0.160992874692219,0.29326169366580257
48,8.0,0.0,1.0225191990499036,19.0,427.0,50393.0,26.694376782605108,0.28328557855794956,0.5662696394392763
49,8.0,1.0,0.6746344508490669,23.0,636.0,50397.0,27.81346653095172,0.1849464031804171,0.9998379633472549
50,8.0,2.0,0.6035573809994369,26.0,463.0,50400.0,24.329499878722714,0.17310770811182818,0.4173359629053337
51,8.0,3.0,0.6604406880674196,14.0,574.0,50388.0,40.3332754861958,0.18876733001070367,0.9996381804011691
52,8.0,4.0,-0.0,20.0,271.0,50394.0,13.549993225003387,0.13005903162165222,0.29289320984254363
53,8.0,5.0,-0.0,25.0,505.0,49582.0,20.19999192000323,0.16097102908481897,0.2928931673161782
54,9.0,0.0,1.0856643947834368,20.0,420.0,32581.0,22.874034762210158,0.3007828182663115,0.9301654194631916
55,9.0,1.0,0.679237666489044,38.0,631.0,85248.0,16.497190157047875,0.18982004628053206,0.9998281965148618
56,9.0,2.0,0.5136333387361184,21.0,410.0,40412.0,17.71426867348783,0.24640333563786165,0.4999999223737681
57,9.0,3.0,0.6593040882925318,23.0,518.0,76413.0,25.588202987360336,0.1830770085474961,0.9998337404693095
58,9.0,4.0,-0.0,12.0,304.0,33259.0,25.333312222239815,0.1301695915162513,0.29289319655967494
59,9.0,5.0,-0.0,20.0,497.0,50495.0,24.849987575006214,0.1610785554344707,0.29289316765518925
60,10.0,0.0,1.064498908750855,21.0,346.0,51998.0,18.222189371208845,0.28505542566969866,0.5660047910498971
61,10.0,1.0,0.6795597321765874,36.0,608.0,52013.0,20.6666485596891,0.18895186416065257,0.9998280273034074
62,10.0,2.0,0.6096829025219007,26.0,432.0,52003.0,23.01132019380055,0.25167148786995197,0.4999998714399787
63,10.0,3.0,0.6684774624762307,26.0,547.0,52003.0,20.803555512342182,0.19213277476252244,0.9998476974756253
64,10.0,4.0,-0.0,11.0,328.0,51988.0,29.818154710768447,0.13143405071588876,0.29289320361892857
65,10.0,5.0,-0.0,27.0,482.0,51171.0,17.85184524005732,0.16152900549300186,0.292893166600669
66,11.0,0.0,1.0154836133083123,16.0,325.0,52174.0,21.099950730688857,0.2671943608504511,0.5540815959465009
67,11.0,1.0,0.6744775804703731,31.0,597.0,52189.0,19.077718785316257,0.18878669646120205,0.999703939297598
68,11.0,2.0,0.6116122595809761,28.0,452.0,52186.0,18.51512936183278,0.24757587602855102,0.49999709184789953
69,11.0,3.0,0.66366556500116,18.0,567.0,52176.0,32.58329125005996,0.1904635331423633,0.9997248143092339
70,11.0,4.0,-0.0,15.0,335.0,52173.0,22.33331844445437,0.1287607229306884,0.2928931933858817
71,11.0,5.0,-0.0,24.0,462.0,51294.0,19.24999197917001,0.16132245609342621,0.29289316987618685
72,12.0,0.0,1.0610468573622533,10.0,404.0,52517.0,43.416509375636984,0.283960928562228,0.5623434799936275
73,12.0,1.0,0.6789590045816626,30.0,601.0,52537.0,19.93890055804452,0.18979396298054085,0.9997298135064692
74,12.0,2.0,0.5353122776707235,26.0,344.0,52533.0,12.571416928047682,0.2495608761758108,0.4999999432436798
75,12.0,3.0,0.6894918437036553,36.0,433.0,52543.0,13.916656788201962,0.1858523177171385,0.6667348399961637
76,12.0,4.0,-0.0,13.0,280.0,52520.0,21.538444970426948,0.13287618573900317,0.29289318115367724
77,12.0,5.0,-0.0,22.0,494.0,51641.0,22.454535247938523,0.16187406907132995,0.2928931684473989
78,13.0,0.0,0.6006998567120547,25.0,237.0,53472.0,7.353267379421308,0.16084554847101662,0.3198355904683069
79,13.0,1.0,0.6819180228171027,29.0,595.0,53476.0,20.418255065884562,0.18886890555494606,0.9997959717033723
80,13.0,2.0,-0.0,16.0,307.0,53463.0,13.954532768606574,0.13381405435600535,0.29907887452916404
81,13.0,3.0,0.692843152750166,23.0,730.0,53470.0,31.7651238183208,0.20113604139218644,0.9997194583977997
82,13.0,4.0,-0.0,13.0,344.0,53460.0,26.461518106524533,0.1304083360523266,0.29289321062960894
83,13.0,5.0,-0.0,21.0,490.0,52578.0,23.333322222227515,0.16020961712728854,0.2928932069083424
84,14.0,0.0,0.6427556101034015,13.0,306.0,49574.0,24.29985270128729,0.18047098474899426,0.39559959470688877
85,14.0,1.0,0.6743735449503334,30.0,585.0,49591.0,19.33480859176558,0.17952443385878059,0.9997139867093916
86,14.0,2.0,-0.0,18.0,287.0,49579.0,15.944435586424675,0.13337571674577386,0.2928931786447163
87,14.0,3.0,0.6924765287373646,36.0,710.0,49597.0,19.82351830814683,0.20403911040081613,0.9996429448613023
88,14.0,4.0,-0.0,17.0,308.0,49578.0,18.117636401390353,0.13419690908961157,0.29289317996987296
89,14.0,5.0,-0.0,26.0,466.0,48747.0,17.92307002958845,0.16025790380721183,0.2928931756114863
90,15.0,0.0,0.9455974914352099,12.0,378.0,50294.0,43.166400279891796,0.2508051501147488,0.5327927106240968
91,15.0,1.0,0.6790637489794404,26.0,651.0,50308.0,29.357109940966012,0.17823630511570177,0.9997685566521733
92,15.0,2.0,-0.0,14.0,288.0,50296.0,20.57141387756152,0.13256758875665564,0.2928932185931151
93,15.0,3.0,0.6930822446165052,37.0,702.0,50319.0,19.355643894076856,0.20462226594055355,0.9996544773710385
94,15.0,4.0,-0.0,16.0,290.0,50298.0,18.12498867188208,0.1316802602063738,0.29289321311899563
95,15.0,5.0,-0.0,14.0,522.0,49471.0,37.28568765308025,0.16035004572653455,0.29289316768815976
96,16.0,0.0,0.457311505451911,17.0,433.0,52420.0,25.154711635631106,0.23153114450704426,0.5184248077059598
97,16.0,1.0,0.6664381717142551,19.0,678.0,52422.0,37.788412951253335,0.15934689819037184,0.9998660161460001
98,16.0,2.0,-0.0,16.0,289.0,52419.0,18.062488710944557,0.12803432361078648,0.29289319265600333
99,16.0,3.0,0.6841651558010617,31.0,538.0,52434.0,17.292005586035877,0.1909364044622317,0.9996809714744108
100,16.0,4.0,-0.0,11.0,329.0,52414.0,29.909063719032982,0.1308772985810408,0.2928932038856553
101,16.0,5.0,-0.0,22.0,469.0,51531.0,21.31817212810358,0.1593470361328727,0.29289320228868077
102,17.0,0.0,0.4349015678890801,20.0,350.0,54817.0,21.944371142321586,0.19525121907413734,0.4483997805601325
103,17.0,1.0,0.6890848034612951,22.0,655.0,54819.0,31.374967611642752,0.16772134945394346,0.999752958728052
104,17.0,2.0,-0.0,17.0,306.0,54814.0,17.999989411770933,0.13302810996786008,0.29289318927005326
105,17.0,3.0,0.6909682675448328,27.0,591.0,54824.0,25.53944775885889,0.19149056022001754,0.9996660904032519
106,17.0,4.0,-0.0,9.0,344.0,54806.0,38.22217975313361,0.13242837797288176,0.29289320644175565
107,17.0,5.0,-0.0,20.0,515.0,53941.0,25.749987125006438,0.1595345985577462,0.2928931676265928
108,18.0,0.0,0.5114738043602669,21.0,418.0,57831.0,23.694391003250367,0.21484964117481442,0.49894100657465845
109,18.0,1.0,0.6859724830971345,31.0,677.0,57841.0,21.7899018072616,0.170212494086592,0.9997824908142499
110,18.0,2.0,-0.0,12.0,340.0,57822.0,28.3333097222419,0.13286564923722466,0.29289319240055545
111,18.0,3.0,0.6730116670092565,27.0,570.0,57837.0,21.29668736204551,0.1929111018562647,0.6667418340901885
112,18.0,4.0,-0.0,27.0,291.0,57837.0,10.777773786009709,0.13305562343824318,0.29289316793632747
113,18.0,5.0,-0.0,34.0,511.0,56915.0,15.029407344291956,0.1603474866450807,0.29289316219634143
114,19.0,0.0,0.5506546044168188,18.0,434.0,38030.0,22.428547179990453,0.2675743716089497,0.6705892159520159
115,19.0,1.0,0.6862316379261941,29.0,664.0,84892.0,23.42546407025518,0.16682849267133226,0.9997456421222661
116,19.0,2.0,-0.0,14.0,317.0,32550.0,22.64284096939931,0.13443979384563476,0.29289318078753934
117,19.0,3.0,0.6550388119169455,33.0,576.0,71590.0,17.840896663232716,0.19137732137289976,0.6667585520869131
118,19.0,4.0,-0.0,19.0,297.0,31057.0,15.631570720225938,0.13573979450000784,0.29289320557919496
119,19.0,5.0,-0.0,24.0,552.0,56951.0,22.99999041667066,0.15946270268855778,0.2928931870094871
120,20.0,0.0,0.5474124685254984,27.0,456.0,55832.0,17.285695340162935,0.2641323359682698,0.5667132959218737
121,20.0,1.0,0.6829737539408163,30.0,625.0,55835.0,21.576539004957613,0.16651566887411784,0.9998029478597021
122,20.0,2.0,-0.0,12.0,320.0,55817.0,26.666644444462964,0.13311853690487607,0.29289320565425614
123,20.0,3.0,0.6776980860925499,29.0,616.0,55834.0,22.22629807563861,0.19611164835144823,0.6667436455016369
124,20.0,4.0,-0.0,17.0,286.0,55822.0,16.823519515576756,0.12979038283647915,0.2928931849994343
125,20.0,5.0,-0.0,33.0,442.0,54877.0,13.39393533517111,0.15683486832376492,0.29289319428402893
126,21.0,0.0,0.5676112666936475,21.0,463.0,57487.0,21.333309277810205,0.27872744548597717,0.794830529519428
127,21.0,1.0,0.6718010858085552,29.0,680.0,57495.0,23.197099388648354,0.16823087892884514,0.9998398223577657
128,21.0,2.0,-0.0,20.0,316.0,57486.0,15.79999210000395,0.1340464248091512,0.2928932142769084
129,21.0,3.0,0.6931232342953608,27.0,578.0,57493.0,22.908804144827002,0.19782262003495965,0.9997064058092873
130,21.0,4.0,-0.0,9.0,309.0,57475.0,34.33329518522758,0.12847579675535847,0.292893191207947
131,21.0,5.0,-0.0,22.0,508.0,56582.0,23.090898595046095,0.15881481253658614,0.2928931767341214
132,22.0,0.0,0.5087526751643604,16.0,393.0,51269.0,23.124963854238977,0.21574399934934052,0.4900865770935384
133,22.0,1.0,0.6718208340799923,39.0,622.0,51292.0,16.04582458924113,0.1689892844692078,0.9998326446815369
134,22.0,2.0,-0.0,19.0,284.0,51272.0,14.947360554020761,0.1328549073631412,0.2928932185616261
135,22.0,3.0,0.6930473667556647,36.0,637.0,51289.0,17.88748982969335,0.20169902255842254,0.99966481460526
136,22.0,4.0,-0.0,14.0,276.0,51267.0,19.71427163266312,0.13510714474467478,0.29289317297952644
137,22.0,5.0,-0.0,18.0,493.0,50424.0,27.38887367284796,0.15885239603265766,0.292893171121441
138,23.0,0.0,-0.0,19.0,263.0,52666.0,7.735289567476725,0.1355372590643773,0.2936042815796207
139,23.0,1.0,0.6712573125785566,31.0,614.0,52678.0,20.320439866643678,0.16880646104896346,0.9997279930284012
140,23.0,2.0,-0.0,14.0,333.0,52661.0,23.785697295930504,0.13330004120513084,0.29289321816898406
141,23.0,3.0,0.6800424982384883,30.0,520.0,52677.0,17.856446139063983,0.1904655101701097,0.9996474163743944
142,23.0,4.0,-0.0,10.0,320.0,52657.0,31.999968000032002,0.13222021089492075,0.29289317872521237
143,23.0,5.0,-0.0,29.0,468.0,51807.0,16.137925469680873,0.15981619618246745,0.2928931718793124
144,24.0,0.0,-0.0,9.0,299.0,54164.0,33.222185308682995,0.13607595181702425,0.2928931640423912
145,24.0,1.0,0.691888277005859,31.0,598.0,54186.0,20.75907524856635,0.17013555894083587,0.9997056720726731
146,24.0,2.0,-0.0,13.0,321.0,54168.0,24.692288698239462,0.1311750625008571,0.2928932109524045
147,24.0,3.0,0.6856180674992381,30.0,563.0,54185.0,18.696416098541523,0.19602953290130654,0.9998106628260008
148,24.0,4.0,-0.0,18.0,311.0,54173.0,17.277768179017677,0.13235086072757662,0.2928931867858088
149,24.0,5.0,-0.0,17.0,483.0,53277.0,28.411747993089417,0.15927559123911061,0.292893199308498
150,25.0,0.0,-0.0,14.0,297.0,53949.0,21.214270561235313,0.13410314607226959,0.29289320736967983
151,25.0,1.0,0.6801940015809558,21.0,660.0,53956.0,31.259061232672863,0.16692647568637775,0.9997767606364522
152,25.0,2.0,-0.0,13.0,319.0,53948.0,24.538442662736415,0.1336131578941604,0.29289321834295123
153,25.0,3.0,0.6874859740019569,29.0,555.0,53964.0,20.47893071635813,0.19838417173474943,0.999663664831194
154,25.0,4.0,-0.0,13.0,338.0,53948.0,25.999980000015384,0.1330914468209622,0.2928932032658649
155,25.0,5.0,-0.0,35.0,441.0,53052.0,12.599996400001027,0.15894080327579718,0.29289317318935304
156,26.0,0.0,-0.0,18.0,325.0,55781.0,18.05554552469693,0.13448192697139372,0.292893210402272
157,26.0,1.0,0.6851459545437106,29.0,657.0,55792.0,22.84066990786001,0.17133790908491164,0.9997583464524691
158,26.0,2.0,-0.0,18.0,281.0,55781.0,15.611102438276424,0.13660415846627505,0.2928932183007936
159,26.0,3.0,0.6888738271207269,29.0,617.0,55792.0,23.09594134936717,0.20036243940887766,0.9996726346717368
160,26.0,4.0,-0.0,16.0,312.0,55779.0,19.49998781250762,0.1317609254486074,0.2928932090785388
161,26.0,5.0,-0.0,24.0,504.0,54881.0,20.999991250003646,0.159748248939231,0.29289316694085166
162,27.0,0.0,-0.0,14.0,321.0,54012.0,22.928555051032106,0.1289848275123976,0.29289319621856624
163,27.0,1.0,0.6737045547087954,35.0,580.0,54033.0,16.975318942883792,0.1694774114532095,0.9998288369953391
164,27.0,2.0,-0.0,8.0,275.0,54006.0,34.374957031303715,0.12853479932213852,0.29289318514965856
165,27.0,3.0,0.6894600335887825,28.0,536.0,54026.0,19.30206914280578,0.19316902504748967,0.9997088797442049
166,27.0,4.0,-0.0,17.0,311.0,54015.0,18.29410688581948,0.13353222988429025,0.29289321537906954
167,27.0,5.0,-0.0,22.0,454.0,53094.0,20.636354256202612,0.15605331434740288,0.29289320862915535
168,28.0,0.0,-0.0,18.0,306.0,56784.0,16.999990555560803,0.12853923900920616,0.29289320189066603
169,28.0,1.0,0.6828402857784484,35.0,607.0,56801.0,21.189377343620496,0.16854595412783502,0.9997577926302773
170,28.0,2.0,-0.0,16.0,326.0,56782.0,20.37498726563296,0.13428508031722008,0.2928931767684194
171,28.0,3.0,0.6927947231417368,28.0,452.0,56794.0,16.82351630702541,0.18032416606448087,0.6667544183005316
172,28.0,4.0,-0.0,12.0,306.0,56778.0,25.49997875001771,0.1331369515748042,0.29289320163112154
173,28.0,5.0,-0.0,16.0,545.0,55847.0,34.062478710950806,0.15745195540422907,0.29289317365831524
174,29.0,0.0,-0.0,24.0,275.0,33119.0,11.458328559029768,0.1274713545557804,0.292893205293859
175,29.0,1.0,0.6648854731362074,23.0,710.0,83759.0,30.609822043468707,0.17081108291655878,0.9997765348873917
176,29.0,2.0,-0.0,15.0,321.0,31426.0,21.399985733342845,0.134240529456918,0.2928931788974731
177,29.0,3.0,0.6900052617367214,28.0,467.0,67667.0,17.77806073337549,0.18972347627972264,0.6667432470479062
178,29.0,4.0,-0.0,18.0,303.0,30791.0,16.83332398148668,0.13613185679039919,0.2928932106895846
179,29.0,5.0,-0.0,31.0,534.0,57865.0,17.22580089490294,0.15501187800968663,0.29289320971781085
180,30.0,0.0,-0.0,15.0,282.0,59812.0,18.799987466675024,0.12585317940289187,0.2928932047981333
181,30.0,1.0,0.6479879653974252,33.0,627.0,59830.0,18.567657923575297,0.16938045373583777,0.9997348917434021
182,30.0,2.0,-0.0,21.0,266.0,59818.0,12.666660634923508,0.1329978207014345,0.29289321441491734
183,30.0,3.0,0.6796983514877128,16.0,605.0,59813.0,41.29993485465988,0.1942509265725968,0.9997199642357657
184,30.0,4.0,-0.0,24.0,290.0,59821.0,12.083328298613209,0.12923408959806748,0.2928931966655426
185,30.0,5.0,-0.0,29.0,513.0,58812.0,17.689649072534802,0.1563044472946492,0.2928932110386837
186,31.0,0.0,-0.0,17.0,288.0,56380.0,16.941166505196176,0.1265932313713266,0.29289321048542305
187,31.0,1.0,0.6808250273378537,30.0,683.0,56393.0,25.404739648547963,0.16789024237983696,0.9998769727497117
188,31.0,2.0,-0.0,14.0,315.0,56377.0,22.49998392858291,0.13630649763939262,0.29289318484135884
189,31.0,3.0,0.6925066005540472,30.0,475.0,56393.0,16.04297539414379,0.18287382859719792,0.66674823844241
190,31.0,4.0,-0.0,16.0,280.0,56379.0,17.499989062506835,0.1288232999281762,0.2928931696739746
191,31.0,5.0,-0.0,26.0,529.0,55520.0,20.346146020713068,0.15543316827993492,0.29289318916659346
192,32.0,0.0,-0.0,9.0,261.0,55793.0,28.99996777781358,0.1236629617052516,0.2928931985160802
193,32.0,1.0,0.6886684030596608,31.0,645.0,55815.0,22.097710794124744,0.16938211029160533,0.9997396785205128
194,32.0,2.0,-0.0,10.0,334.0,55794.0,33.3999666000334,0.12831665712768048,0.29289319801843117
195,32.0,3.0,0.6927229524075992,26.0,618.0,55810.0,23.857124328245767,0.19866811259847172,0.9996381739393252
196,32.0,4.0,-0.0,21.0,292.0,55805.0,13.904755283449866,0.13603776526466504,0.2928931838464257
197,32.0,5.0,-0.0,28.0,494.0,54918.0,17.642850841838985,0.1538871889580854,0.2928931916696653
198,33.0,0.0,-0.0,17.0,262.0,58906.0,15.411755640143742,0.1162048516917128,0.29289319469337605
199,33.0,1.0,0.6853142072764582,39.0,592.0,58928.0,15.238150045052524,0.17325396824453887,0.9997722567242678
200,33.0,2.0,-0.0,21.0,258.0,58910.0,12.285708435376936,0.12814285433315442,0.29289317829572115
201,33.0,3.0,0.6843587899083603,34.0,491.0,58923.0,14.871920696650793,0.18314876059701557,0.6667590199479136
202,33.0,4.0,-0.0,20.0,294.0,58909.0,14.699992650003676,0.1331701717604703,0.29289321862905215
203,33.0,5.0,-0.0,27.0,503.0,57987.0,18.62962272976936,0.15256236346792174,0.2928931736450672
204,34.0,0.0,-0.0,9.0,292.0,64031.0,32.44440839510178,0.1178617744885897,0.2928931985441776
205,34.0,1.0,0.6833749858922165,18.0,609.0,64040.0,34.48697191352736,0.17041041969338688,0.9997347668790432
206,34.0,2.0,-0.0,13.0,317.0,64035.0,24.384596627233364,0.13173835833961212,0.29289321293329285
207,34.0,3.0,0.6920203807740316,24.0,611.0,64046.0,29.093719316441053,0.20020519668327819,0.999714362134372
208,34.0,4.0,-0.0,15.0,295.0,64037.0,19.666653555564295,0.13370562712305867,0.2928931850696479
209,34.0,5.0,-0.0,25.0,513.0,63059.0,20.519991792003285,0.14815357585944045,0.29289318993739577
210,35.0,0.0,-0.0,10.0,276.0,65399.0,27.5999724000276,0.11267789238079762,0.29289319717007034
211,35.0,1.0,0.6829081047004717,29.0,672.0,65418.0,24.470569919275867,0.1646840780544736,0.9998566668415572
212,35.0,2.0,-0.0,22.0,288.0,65411.0,13.090903140498572,0.13098780059856918,0.29289321412856684
213,35.0,3.0,0.6897406005141192,31.0,497.0,65420.0,16.31301440320968,0.18277470057806344,0.6667519678991701
214,35.0,4.0,-0.0,12.0,297.0,65401.0,24.749979375017187,0.13515150694967437,0.2928932038603196
215,35.0,5.0,-0.0,21.0,500.0,64278.0,23.809512471660728,0.14550741541181766,0.29289319202543884
216,36.0,0.0,-0.0,14.0,260.0,63637.0,18.571415306131925,0.11510792884751064,0.29289321363636
217,36.0,1.0,0.6825641768958552,27.0,723.0,63650.0,26.95877107763249,0.16824223829940232,0.9997315556203058
218,36.0,2.0,-0.0,17.0,319.0,63640.0,18.76469484429715,0.13064831364951535,0.2928931983904155
219,36.0,3.0,0.6898398711281838,28.0,529.0,63651.0,18.892843647968824,0.19190258019343653,0.9997199282153625
220,36.0,4.0,-0.0,12.0,309.0,63635.0,25.74997854168455,0.13688333607540493,0.2928932057801139
221,36.0,5.0,-0.0,25.0,487.0,62498.0,19.479992208003118,0.14424741667271912,0.2928931810594142
222,37.0,0.0,-0.0,9.0,287.0,62863.0,31.888853456829494,0.11438572575742034,0.29289321552208747
223,37.0,1.0,0.6810632984713842,27.0,651.0,62881.0,24.249981292628558,0.17029253369641884,0.9997754474667792
224,37.0,2.0,-0.0,17.0,272.0,62871.0,15.99999058824083,0.1337385167499362,0.2928931754006351
225,37.0,3.0,0.6875712000206433,33.0,436.0,62887.0,15.38635166323311,0.18104830699024366,0.6667542819190453
226,37.0,4.0,-0.0,20.0,286.0,62874.0,14.299992850003575,0.13710607506198091,0.29289319600523356
227,37.0,5.0,-0.0,25.0,460.0,61714.0,18.399992640002946,0.14568154128953714,0.2928932153105085
228,38.0,0.0,-0.0,11.0,256.0,63166.0,23.272706115721714,0.11455302964301284,0.29289317442572926
229,38.0,1.0,0.6887415166161568,34.0,629.0,63189.0,19.152002319843575,0.171518481995386,0.999784180928278
230,38.0,2.0,-0.0,10.0,328.0,63165.0,32.7999672000328,0.1319661625913755,0.2928931746872483
231,38.0,3.0,0.6931461333974938,24.0,691.0,63179.0,34.8613032628885,0.20150868481898043,0.9996561262373157
232,38.0,4.0,-0.0,20.0,298.0,63175.0,14.899992550003725,0.13614072111251496,0.29289319435717
233,38.0,5.0,-0.0,24.0,494.0,62061.0,20.58332475694802,0.14462642863493436,0.2928931835774703
234,39.0,0.0,-0.0,10.0,254.0,31458.0,25.399974600025402,0.11010083846590146,0.29289317294886785
235,39.0,1.0,0.6854401594195361,22.0,621.0,78791.0,33.57287207254986,0.1692200270279367,0.9997898908771107
236,39.0,2.0,-0.0,29.0,289.0,34618.0,9.96551380499524,0.1296536926266053,0.29289319516511925
237,39.0,3.0,0.6778256350201861,32.0,504.0,69693.0,15.639205942951115,0.1842642281906618,0.6667376693460471
238,39.0,4.0,-0.0,14.0,344.0,34761.0,24.5714110204207,0.13138523894762766,0.292893209132132
239,39.0,5.0,-0.0,22.0,510.0,63596.0,23.18180764463289,0.14218316668657704,0.2928931809617742
240,40.0,0.0,-0.0,13.0,283.0,67042.0,21.76921402368152,0.11793927287411932,0.2928931938164373
241,40.0,1.0,0.6716928261894966,30.0,625.0,67059.0,21.794102202566336,0.1678380970621356,0.999708775245474
242,40.0,2.0,-0.0,11.0,296.0,67040.0,26.909066446303232,0.13202884294754902,0.2928931983802525
243,40.0,3.0,0.692600239744237,26.0,635.0,67055.0,24.423058136109127,0.19721546488039354,0.9996722159860342
244,40.0,4.0,-0.0,21.0,295.0,67050.0,14.04761235827983,0.13450432908209864,0.292893161800188
245,40.0,5.0,-0.0,17.0,530.0,65909.0,31.176452249145736,0.13822115738585705,0.2928931828185942
246,41.0,0.0,-0.0,8.0,297.0,67148.0,37.12495359380801,0.11095030777709358,0.2928932105940969
247,41.0,1.0,0.6858155253852709,30.0,678.0,67170.0,22.517842118951396,0.16834177404970152,0.9998396053116823
248,41.0,2.0,-0.0,19.0,306.0,67159.0,16.105254681444904,0.1339755048783916,0.29289318684784726
249,41.0,3.0,0.692056684333856,32.0,514.0,67172.0,16.078421274131703,0.1891458310892853,0.9996739182476421
250,41.0,4.0,-0.0,20.0,298.0,67160.0,14.899992550003725,0.1325956990695245,0.292893212737134
251,41.0,5.0,-0.0,28.0,510.0,65998.0,18.214279209185996,0.13525249997419875,0.29289321274163627
252,42.0,0.0,-0.0,15.0,292.0,66487.0,19.46665368889754,0.11544945150921504,0.2928932104072427
253,42.0,1.0,0.6847096732553848,30.0,609.0,66502.0,20.59720771220198,0.16699992234183714,0.9998000926859576
254,42.0,2.0,-0.0,22.0,273.0,66494.0,12.409085268597606,0.13078512745372062,0.2928932045604873
255,42.0,3.0,0.6872970929286137,31.0,583.0,66503.0,18.785702064833956,0.19083514490271425,0.999668511885509
256,42.0,4.0,-0.0,20.0,292.0,66492.0,14.59999270000365,0.13271486753813333,0.29289320761344495
257,42.0,5.0,-0.0,27.0,502.0,65313.0,18.59258570644974,0.13388752031863316,0.29289317708960505
258,43.0,0.0,-0.0,10.0,305.0,66120.0,30.499969500030502,0.11371780920627284,0.29289318434935074
259,43.0,1.0,0.6829683635211513,25.0,681.0,66135.0,27.566643422242585,0.17080685888468872,0.9997596051675312
260,43.0,2.0,-0.0,14.0,332.0,66124.0,23.714268775522303,0.13586391675170362,0.29289318552035937
261,43.0,3.0,0.6928591529055732,32.0,500.0,66142.0,15.624990234381103,0.19122123964791526,0.9997273105930267
262,43.0,4.0,-0.0,13.0,289.0,66123.0,22.23075213019067,0.12894941958228112,0.292893197703357
263,43.0,5.0,-0.0,28.0,530.0,64986.0,18.928564668369763,0.1263849728784714,0.2928931699158531
264,44.0,0.0,-0.0,11.0,277.0,71400.0,25.181795289277012,0.11194464700326878,0.29289320318624146
265,44.0,1.0,0.6756556102461388,37.0,681.0,71426.0,18.41514118604824,0.171329036805404,0.9997405583234732
266,44.0,2.0,-0.0,17.0,327.0,71406.0,19.235282802774822,0.1339920893396651,0.29289320984791023
267,44.0,3.0,0.6929129087839454,26.0,462.0,71415.0,18.260591286329937,0.1789475531474447,0.6667476341849076
268,44.0,4.0,-0.0,18.0,280.0,71407.0,15.555546913585049,0.13110074465740973,0.2928932113776166
269,44.0,5.0,-0.0,23.0,546.0,70192.0,23.739120113426036,0.12282980174531777,0.2928932109134783
270,45.0,0.0,-0.0,13.0,265.0,72609.0,20.384599704154073,0.11574546387764839,0.2928932096414517
271,45.0,1.0,0.6887711252164265,30.0,706.0,72626.0,23.533317644454904,0.1746758987064726,0.99982113582056
272,45.0,2.0,-0.0,15.0,313.0,72611.0,20.86665275556483,0.13450229820927195,0.2928931707741006
273,45.0,3.0,0.6369541914102368,23.0,524.0,72619.0,22.49619277176828,0.18978465593725835,0.6667487476930538
274,45.0,4.0,-0.0,13.0,322.0,72609.0,24.769211715990988,0.12810459656686646,0.29289321001811985
275,45.0,5.0,-0.0,34.0,532.0,71380.0,15.647054221454638,0.12278718216517326,0.2928931725127012
276,46.0,0.0,-0.0,17.0,232.0,71329.0,13.647050795852474,0.11231208408801785,0.29289320124589135
277,46.0,1.0,0.6728746795502568,35.0,593.0,71347.0,16.940466108282884,0.1702174670268115,0.9997589798950524
278,46.0,2.0,-0.0,19.0,341.0,71331.0,17.947358975074224,0.1321811333713131,0.2928931993469316
279,46.0,3.0,0.6899120185183982,28.0,709.0,71340.0,26.082867603178947,0.1962222860402214,0.999674974033184
280,46.0,4.0,-0.0,13.0,300.0,71325.0,23.076905325457442,0.129030312804562,0.29289320821754994
281,46.0,5.0,-0.0,24.0,518.0,70049.0,21.583324340281525,0.12305442971915947,0.2928931833387688
282,47.0,0.0,-0.0,9.0,282.0,71218.0,31.333298518557203,0.11027947656678172,0.29289321013317404
283,47.0,1.0,0.6817072778583041,24.0,669.0,71233.0,27.949975978592647,0.16950505917159098,0.999844495093919
284,47.0,2.0,-0.0,20.0,330.0,71229.0,16.499991750004124,0.13535287160307696,0.29289318911779894
285,47.0,3.0,0.6928388670472619,38.0,443.0,71247.0,11.757696770515551,0.18085093425937804,0.6667474010824828
286,47.0,4.0,-0.0,16.0,285.0,71225.0,17.812488867194457,0.13093690971303784,0.292893189799192
287,47.0,5.0,-0.0,24.0,555.0,70000.0,23.124990364587347,0.12366071126848255,0.2928931950526097
288,48.0,0.0,-0.0,19.0,239.0,70366.0,12.578940747925923,0.11105044029611166,0.29289318129879083
289,48.0,1.0,0.6795270181538066,32.0,668.0,70379.0,21.349985450010504,0.1707153245470847,0.9998327400140311
290,48.0,2.0,-0.0,23.0,298.0,70370.0,12.956516105862564,0.13493632998922644,0.2928932032394259
291,48.0,3.0,0.6875546897706453,21.0,530.0,70368.0,26.08170358499653,0.18710052336224536,0.6667357873467101
292,48.0,4.0,-0.0,16.0,329.0,70363.0,20.562487148445534,0.13075994804553825,0.2928932011005634
293,48.0,5.0,-0.0,23.0,562.0,69192.0,24.434771984881746,0.12428102496675086,0.2928931986365598
294,49.0,0.0,-0.0,12.0,282.0,33959.0,23.499980416682988,0.11659884767065565,0.29289321839725946
295,49.0,1.0,0.6785549147173934,43.0,622.0,87145.0,14.80323320511167,0.17219881599852527,0.9998059287277586
296,49.0,2.0,-0.0,15.0,352.0,35828.0,23.466651022232654,0.13144344851860346,0.29289320652021655
297,49.0,3.0,0.690255939987003,32.0,671.0,82457.0,21.423062751488978,0.1990732055206771,0.9996484196919625
298,49.0,4.0,-0.0,14.0,284.0,29419.0,20.285699795928718,0.13261531396075332,0.29289317254057834
299,49.0,5.0,-0.0,24.0,555.0,70067.0,23.124990364587347,0.12522100034157668,0.29289319665398394
