,round,tube,sp_div_H,tot_pop_0,tot_final_pop,tot_auc,mean_fc,deg_score,nut_score
0,0.0,0.0,0.48741276638179176,40.0,506.0,58678.0,12.64998735001265,0.2616926842375291,0.999760621515607
1,0.0,1.0,0.42235250719915873,40.0,477.0,33712.0,11.924988075011926,0.3646221485258273,0.4048804455403464
2,0.0,2.0,0.718917788714913,40.0,1153.0,65916.0,28.824971175028825,0.3924432467248067,0.8507300004965519
3,0.0,3.0,0.4960081744755952,40.0,474.0,57583.0,11.84998815001185,0.20243913574831507,0.6264698985730774
4,0.0,4.0,0.9475041444519451,40.0,321.0,14028.0,8.024991975008025,0.5031820065143431,0.4915442120101171
5,0.0,5.0,1.0086442382350844,40.0,501.0,39165.0,12.524987475012525,0.39026681877187763,0.5799719457968926
6,0.0,6.0,0.7507074327724657,40.0,506.0,35533.0,12.64998735001265,0.33535323315805243,0.4973804841520927
7,0.0,7.0,0.5847410677530243,40.0,477.0,32135.0,11.924988075011925,0.31955934674691067,0.4338251862203627
8,0.0,8.0,1.072368195674518,40.0,441.0,33806.0,11.024988975011025,0.36938957121744653,0.566267017283731
9,0.0,9.0,0.8533772015953529,40.0,154.0,11143.0,3.8499961500038498,0.3929188342894768,0.33257477570524707
10,0.0,10.0,0.6179585235845813,40.0,509.0,18200.0,12.724987275012724,0.47918326193737815,0.6770363682398699
11,0.0,11.0,1.3666722990052642,40.0,608.0,55334.0,15.199984800015201,0.4019589748021941,0.9996480049162523
12,0.0,12.0,1.0857128403930216,40.0,723.0,77992.0,18.074981925018076,0.3243090787178107,0.9997044175911138
13,0.0,13.0,0.39845304487987393,40.0,471.0,14237.0,11.774988225011775,0.40398758387560485,0.559368903896575
14,0.0,14.0,0.5533240141870526,40.0,530.0,76650.0,13.24998675001325,0.17033243661636788,0.9997437379946733
15,0.0,15.0,0.9717553045534006,40.0,594.0,76134.0,14.849985150014852,0.24969685419471677,0.999746650699044
16,0.0,16.0,1.136573348931179,40.0,161.0,12388.0,4.024995975004025,0.30442060508666513,0.34857743186577994
17,0.0,17.0,0.5783927610451676,40.0,545.0,58375.0,13.624986375013627,0.22429214647031348,0.8374482786864687
18,0.0,18.0,0.8339448142585918,40.0,1084.0,41485.0,27.0999729000271,0.4148699893778486,0.7474774765515959
19,0.0,19.0,0.5078281216554915,40.0,1240.0,49965.0,30.999969000031,0.40704844652066297,0.6912148263959585
20,0.0,20.0,1.0591792029081255,40.0,718.0,63211.0,17.94998205001795,0.31427149309253766,0.9961158344913011
21,0.0,21.0,1.0484888794553833,40.0,295.0,16997.0,7.374992625007375,0.4469726583825602,0.499002948010843
22,0.0,22.0,0.553881464213146,40.0,422.0,57544.0,10.549989450010552,0.1796616264123594,0.4999999829753108
23,0.0,23.0,0.8449754247392577,40.0,606.0,40597.0,15.14998485001515,0.5003929177910333,0.9994101317390178
24,0.0,24.0,0.2575930171713911,40.0,593.0,62077.0,14.824985175014826,0.21664297071977834,0.9296815514231548
25,0.0,25.0,0.8148179153348049,40.0,631.0,80387.0,15.774984225015777,0.25089550918298875,0.9997395002326855
26,0.0,26.0,0.9395590510420047,40.0,1252.0,49175.0,31.299968700031304,0.4718281252774905,0.8010791338247077
27,0.0,27.0,0.5867854078648622,40.0,885.0,35858.0,22.124977875022125,0.4604618540413452,0.8009822949034398
28,0.0,28.0,0.9995869303790794,40.0,947.0,59797.0,23.67497632502367,0.45797324037193043,0.9997024291037802
29,0.0,29.0,1.0524873895872653,40.0,500.0,19620.0,12.4999875000125,0.49999135164799724,0.8926939911760312
30,0.0,30.0,0.4390650863298252,40.0,408.0,54023.0,10.199989800010199,0.1800336336617192,0.4999999764249453
31,0.0,31.0,0.7620519135517576,40.0,149.0,7749.0,3.724996275003725,0.44181568145907,0.3160504931536655
32,0.0,32.0,1.0999804706577763,40.0,767.0,76591.0,19.174980825019176,0.26262940085288233,0.9997452292046125
33,1.0,0.0,0.8479274233701203,16.0,152.0,4415.0,6.482129757688591,0.2777101260813395,0.3012394280569499
34,1.0,1.0,0.9848446416238932,27.0,602.0,20698.0,20.28405596339948,0.47619382266561994,0.82021245736558
35,1.0,2.0,0.6373332426960658,17.0,281.0,8048.0,16.26387000195102,0.39245851634910556,0.4279463554016404
36,1.0,3.0,0.7967136140382751,33.0,486.0,37962.0,16.656702568091248,0.42104004392858707,0.8233610862488384
37,1.0,4.0,0.6722523595471765,32.0,460.0,40605.0,14.302478621234764,0.37292690675770745,0.6252925173746708
38,1.0,5.0,0.5372936611584112,24.0,416.0,34159.0,54.47778284029002,0.25237838975063565,0.4537378792746831
39,1.0,6.0,0.6993739285056655,31.0,529.0,23626.0,11.241651247251472,0.3810101014754085,0.5955778962227637
40,1.0,7.0,0.9614441750177447,33.0,1207.0,49229.0,30.616628044508268,0.4862319441267372,0.9966105785290903
41,1.0,8.0,0.49266539241957846,23.0,560.0,21365.0,14.333309527846772,0.3339384831819364,0.5132430812723854
42,1.0,9.0,0.11270767370218754,22.0,461.0,19518.0,8.671022015512094,0.29205365523039195,0.36331047436972264
43,1.0,10.0,0.7314997472134191,49.0,456.0,40537.0,9.731264817803565,0.2985983859181396,0.5662658289439655
44,1.0,11.0,0.029107384332818755,24.0,439.0,20302.0,10.499985869667013,0.3070514655401856,0.35505538364997746
45,1.0,12.0,0.783458387075764,76.0,1359.0,73680.0,12.030889803772332,0.39746017745054785,0.8364446372141491
46,1.0,13.0,0.8170068639098886,70.0,1160.0,67020.0,15.455492006914119,0.4093272778183078,0.7882799225766607
47,1.0,14.0,0.8120965112781822,56.0,1494.0,69866.0,17.10392988741726,0.4243135401754454,0.8967254641765452
48,1.0,15.0,0.3205885394015558,50.0,1525.0,90297.0,14.363989566517269,0.2999619475417882,0.9094400306022851
49,1.0,16.0,0.26283038720525176,41.0,1124.0,58055.0,11.907935439586815,0.3303599437078606,0.7019949631674826
50,1.0,17.0,0.10341816752763806,34.0,1262.0,60780.0,24.30355980230498,0.2630999393712993,0.6345739116925533
51,1.0,18.0,0.6576555911792369,39.0,1188.0,66654.0,23.939976984029546,0.2318495607499107,0.8740659647032284
52,1.0,19.0,0.9004728306825783,46.0,1061.0,70307.0,17.308546067287455,0.3794332523367926,0.9997597716619919
53,1.0,20.0,0.8264099385017416,51.0,1118.0,77165.0,14.902072249147041,0.344156051697311,0.999725526015007
54,1.0,21.0,0.7437470647057567,13.0,160.0,10256.0,18.79991917815979,0.24135946885505022,0.318879455283426
55,1.0,22.0,0.909221372677468,16.0,165.0,12993.0,11.433302733433516,0.28418526422566737,0.3446968746114609
56,1.0,23.0,0.7302801341471021,12.0,322.0,7732.0,26.011047135345,0.25234676655434285,0.3611882837081559
57,1.0,24.0,0.3425612235454948,21.0,576.0,18442.0,25.25689877130631,0.3850886675297268,0.5203639052166443
58,1.0,25.0,0.3698937767013422,11.0,107.0,4708.0,16.479113428994786,0.2429972659298606,0.2005446610945637
59,1.0,26.0,0.3956347163805864,7.0,126.0,4785.0,15.14995695014985,0.24472088966208916,0.19959293070239204
60,1.0,27.0,0.7129022270790555,54.0,1295.0,65109.0,20.636447729317393,0.37374764802158356,0.7592668870690917
61,1.0,28.0,0.6575106096865639,59.0,1236.0,64430.0,14.545449163832906,0.35980302197179737,0.7579626995286715
62,1.0,29.0,0.9542737366860337,55.0,1040.0,74856.0,21.64237148460962,0.3661526045143725,0.999783409691305
63,1.0,30.0,0.5704312916621775,72.0,1182.0,72881.0,13.195213577401274,0.4413865053716092,0.836717088015674
64,1.0,31.0,0.635758141281802,67.0,1215.0,73081.0,20.095484055334335,0.36398618163727203,0.8024016249877096
65,1.0,32.0,0.509624799227621,59.0,1214.0,70326.0,22.376516056843446,0.33844271212892996,0.8460527371786656
66,2.0,0.0,0.835480298299016,65.0,1228.0,67042.0,15.828920469863036,0.4508123833871236,0.9404360192258547
67,2.0,1.0,0.648758507463542,51.0,1241.0,66007.0,23.89273228984539,0.3600234728369539,0.7599815042684683
68,2.0,2.0,0.766264346843559,43.0,1161.0,56115.0,22.020759958893088,0.4230767889401865,0.8376411860193524
69,2.0,3.0,0.7688240483261146,40.0,560.0,23977.0,12.800200141407226,0.42654137682509996,0.6394549604050952
70,2.0,4.0,0.5026004847309463,34.0,755.0,26957.0,15.496284822644599,0.37466589731471045,0.5650741541479649
71,2.0,5.0,0.8221846878429616,29.0,608.0,18696.0,23.735482947943524,0.49756290961998006,0.690210958933379
72,2.0,6.0,0.4797077372775845,56.0,1267.0,69000.0,21.799968205620853,0.3641919541829365,0.9199010059943641
73,2.0,7.0,0.935804177767936,94.0,1245.0,71714.0,9.810446066115187,0.44676063716753933,0.9811307281081929
74,2.0,8.0,0.6376035766295645,65.0,1266.0,70991.0,22.55332222711773,0.35522998961307617,0.7827826392645844
75,2.0,9.0,0.7538335404882774,97.0,1133.0,72337.0,9.398391587366204,0.4361614308412337,0.7113817216054418
76,2.0,10.0,0.7591496325098566,78.0,1352.0,71005.0,21.737410582756095,0.38563132151922264,0.8301721363621463
77,2.0,11.0,0.7706795170455867,60.0,1271.0,60943.0,20.017426984119222,0.38917472664053143,0.8305333771437219
78,2.0,12.0,0.7944716896195179,39.0,450.0,38802.0,13.139847426073182,0.31975062233138174,0.6439347473661176
79,2.0,13.0,0.5836345739504768,32.0,479.0,43050.0,13.232273811784147,0.36832704233682323,0.6042513465665961
80,2.0,14.0,0.6110990451378552,19.0,517.0,39411.0,21.991604602536736,0.3497988498120519,0.5571935882527486
81,2.0,15.0,0.6710724125311794,55.0,1199.0,61379.0,23.659081243117015,0.3645350565123444,0.697666867365037
82,2.0,16.0,0.6722324143721113,54.0,1261.0,68670.0,24.05337340778339,0.3620345931084107,0.7507442831515362
83,2.0,17.0,0.690431021162277,50.0,1271.0,69517.0,19.32438450587178,0.3716303797469541,0.785210092806111
84,2.0,18.0,0.7243558789403405,64.0,1257.0,63924.0,20.04267622889398,0.3790850754500008,0.7865425809356061
85,2.0,19.0,0.7690373788712856,88.0,1455.0,83261.0,18.41304850683061,0.38960620889029196,0.9994669154125145
86,2.0,20.0,0.7826512965392926,49.0,1383.0,67990.0,30.284257851105533,0.3962231067502142,0.8689802863310364
87,2.0,21.0,0.5563470071577974,25.0,652.0,59549.0,26.434285430281246,0.2842419263524789,0.9046529810863809
88,2.0,22.0,0.6460063708067803,25.0,325.0,12173.0,12.902766661854475,0.44779485970132393,0.4703486321848497
89,2.0,23.0,0.6871849083197554,10.0,220.0,6676.0,22.41661909732703,0.3579347597016307,0.3972341878398984
90,2.0,24.0,0.16328864045604258,27.0,467.0,21537.0,12.010859696376965,0.3191810807024157,0.40137715128819806
91,2.0,25.0,0.15513504156545552,28.0,444.0,21885.0,7.536225853821731,0.32221219289103176,0.40807056430475297
92,2.0,26.0,0.029504444501537698,26.0,432.0,20307.0,6.565213015132385,0.3004273820869652,0.36409791637142463
93,2.0,27.0,0.7895717296925602,40.0,531.0,25645.0,15.919322317025225,0.38403333304695597,0.6410472633253947
94,2.0,28.0,0.7746299600298094,25.0,477.0,20161.0,18.708295587489392,0.37740904651184803,0.5860803957277042
95,2.0,29.0,0.6495288217406298,40.0,610.0,20763.0,10.59608865572316,0.5126289034960265,0.7021847554715513
96,2.0,30.0,0.8168280398546881,63.0,1219.0,75994.0,14.670880376418786,0.3465284455742782,0.9998271624098496
97,2.0,31.0,0.71360649793888,49.0,1205.0,82100.0,18.84632191144025,0.3086006243886814,0.9997984988502999
98,2.0,32.0,0.7372936950933497,47.0,923.0,74851.0,16.51637508704572,0.24477541268512337,0.7197908407148494
99,3.0,0.0,0.4963450836965765,35.0,619.0,26115.0,18.641526794441134,0.34858557001433876,0.5125153670969128
100,3.0,1.0,0.9305631474884595,37.0,610.0,24289.0,19.729061884626255,0.42577981329291514,0.6421766691221409
101,3.0,2.0,0.027829014815014107,23.0,463.0,19437.0,8.754375041620152,0.30043220426323947,0.3523495358350429
102,3.0,3.0,0.4839950536900437,32.0,578.0,22868.0,14.544843748857252,0.3577274883641841,0.5209222955323256
103,3.0,4.0,0.6292123884255161,29.0,668.0,29913.0,23.854972527614834,0.38473450891341376,0.6474098671410804
104,3.0,5.0,0.6114691827984059,30.0,725.0,28370.0,14.204841024865175,0.41248579699672616,0.6171949685810638
105,3.0,6.0,0.68362467751433,49.0,1275.0,68861.0,22.159689023202176,0.384844490965503,0.9238498152362697
106,3.0,7.0,0.5722863023334692,62.0,1242.0,70374.0,12.612172437035833,0.4141919247236461,0.8352973700591423
107,3.0,8.0,0.8198264160861608,53.0,1277.0,65780.0,17.461640127148918,0.3877872849786085,0.9162360169762812
108,3.0,9.0,0.6903854535700975,12.0,175.0,5662.0,16.81246429695635,0.32210832686343993,0.34881990772908356
109,3.0,10.0,0.7339766318829706,25.0,331.0,10337.0,21.43327717794972,0.465373191155664,0.5098578034706782
110,3.0,11.0,0.6401471218926597,19.0,375.0,13818.0,19.40474033449281,0.4462449128804955,0.4712343000613036
111,3.0,12.0,0.7012615887638327,64.0,1261.0,69793.0,17.528734703362748,0.36455589890721096,0.8766128008893597
112,3.0,13.0,0.7998597873228734,67.0,1353.0,78352.0,18.86121364759822,0.39432629152353094,0.9585533615824626
113,3.0,14.0,0.7883229724969104,63.0,1219.0,65972.0,12.727672529624261,0.3838435159973972,0.8934000733539325
114,3.0,15.0,0.697591308600031,63.0,1255.0,68839.0,14.462956275728084,0.375773010746813,0.7407510292113102
115,3.0,16.0,0.5488893022953433,54.0,1370.0,61189.0,18.167452238081125,0.37534263380599786,0.7606939903580746
116,3.0,17.0,0.6912832526946522,46.0,1184.0,60422.0,19.732902565640142,0.3974458302397792,0.7480033822660713
117,3.0,18.0,0.7954908641566731,39.0,659.0,28613.0,18.668615302797154,0.43640891598238574,0.7054469711496046
118,3.0,19.0,0.7190379525535535,16.0,534.0,20127.0,28.27771979953123,0.41069263458884453,0.5929269108140027
119,3.0,20.0,0.6349048285412116,41.0,499.0,21922.0,9.915817832132015,0.35818985466063824,0.5362867303116997
120,3.0,21.0,0.6628752148599472,63.0,1259.0,69953.0,16.4934759982322,0.3876881053557494,0.8383739907508567
121,3.0,22.0,0.6634957233182048,60.0,1333.0,74047.0,16.93942991628099,0.3606016501070618,0.7618806601563668
122,3.0,23.0,0.7377434030669391,47.0,1286.0,70764.0,23.58815703344881,0.4143801541091524,0.934706243506014
123,3.0,24.0,0.7255542451999935,75.0,1442.0,80805.0,15.515994266590717,0.3817846912159666,0.8371930331505102
124,3.0,25.0,0.704785703557564,76.0,1282.0,69541.0,12.243738681905919,0.37645594310387165,0.7699726208567365
125,3.0,26.0,0.6487106884412641,61.0,1264.0,68482.0,20.832730490514663,0.3608122675081886,0.7692564108608024
126,3.0,27.0,0.4779942505398628,79.0,1401.0,93115.0,15.268343351861782,0.30681211610387615,0.9061774233287994
127,3.0,28.0,0.8936396380851079,87.0,1252.0,86378.0,14.306399171100358,0.4354275795721734,0.9997829039720385
128,3.0,29.0,0.4674894840340948,55.0,1555.0,97956.0,16.66307350752142,0.32795578061756137,0.9863949594568878
129,3.0,30.0,0.7101988564262429,65.0,1365.0,74576.0,17.039665474361353,0.3825404643694317,0.8645021513822927
130,3.0,31.0,0.7489922629836114,64.0,1350.0,72899.0,17.363957136882885,0.3898946890726217,0.863815002934652
131,3.0,32.0,0.8213844098556363,90.0,1097.0,58733.0,11.58425740260033,0.39996987387771044,0.7584704580098682
132,4.0,0.0,0.6640946197729091,17.0,321.0,9496.0,18.658070548038797,0.4068594452661509,0.4575406946639453
133,4.0,1.0,0.6787585090999517,19.0,260.0,7921.0,13.844429661744222,0.3691005875379325,0.4006230881937082
134,4.0,2.0,0.6481239472033045,33.0,458.0,35722.0,14.122393798070979,0.3482056660069548,0.4999999217528742
135,4.0,3.0,0.6350464836659033,15.0,317.0,10651.0,60.07089816851911,0.38871618688030674,0.43859565402733225
136,4.0,4.0,0.5871701686916475,19.0,365.0,11924.0,19.464258954126464,0.44115817350343656,0.4708630384977355
137,4.0,5.0,0.6261106685000294,20.0,279.0,8679.0,14.20236374435513,0.39038781831144176,0.4478323999630227
138,4.0,6.0,0.41497327112494753,31.0,419.0,21446.0,8.328997713786775,0.36863971550588315,0.4732462054781308
139,4.0,7.0,0.6510410016808665,33.0,471.0,20446.0,13.194784990345264,0.39361529862568057,0.557254502170086
140,4.0,8.0,1.0683805278214153,61.0,600.0,38931.0,37.10782626032734,0.45155666030247,0.9997351235765906
141,4.0,9.0,0.46467539960590004,54.0,1515.0,90178.0,15.228786267010163,0.31636253748917764,0.9685216608779859
142,4.0,10.0,0.8199500903315257,107.0,1203.0,83997.0,9.203543217588743,0.45799360878323236,0.9942629597409297
143,4.0,11.0,0.5255352277395852,63.0,1417.0,89214.0,13.205501791392381,0.3511145604067176,0.9963361922656753
144,4.0,12.0,0.4899362545658895,31.0,528.0,22079.0,11.331899743381893,0.32192381325080366,0.4973867204944121
145,4.0,13.0,0.9743620789749974,25.0,589.0,22332.0,26.178836198197953,0.43541011085798076,0.7181649525042517
146,4.0,14.0,0.648194037638122,22.0,569.0,19685.0,17.337850054552252,0.36040407678869235,0.5616851225817544
147,4.0,15.0,0.45296845035552863,61.0,1384.0,69683.0,17.039951160020195,0.3921056238651194,0.9838363439986951
148,4.0,16.0,0.9413644722250426,65.0,1161.0,63963.0,15.180572432192509,0.4640824384524619,0.9294515336743956
149,4.0,17.0,0.7476157423343172,67.0,1284.0,71166.0,15.207040416612108,0.3974040713152177,0.941456214513484
150,4.0,18.0,0.6586675138883906,45.0,1259.0,65486.0,23.102059077869296,0.4088268166805302,0.8102755095371837
151,4.0,19.0,0.622694524458476,68.0,1214.0,69592.0,16.923705325132836,0.3737425384079903,0.8211817401527346
152,4.0,20.0,0.5060308554891406,45.0,1269.0,64721.0,29.83612472547598,0.3374380423152922,0.8520220735040758
153,4.0,21.0,0.420465202320491,39.0,659.0,32552.0,8.174993441674328,0.3480635973090602,0.5284851966504205
154,4.0,22.0,0.40640261617698764,31.0,554.0,25118.0,18.564787175130736,0.3288930048104558,0.48910913359417385
155,4.0,23.0,0.6909972697668457,57.0,509.0,61698.0,7.074501295647475,0.2900728663258123,0.9997047541942145
156,4.0,24.0,0.7241942607283611,30.0,648.0,25681.0,22.5129882728005,0.41647935403095704,0.6364605297664843
157,4.0,25.0,0.6356507158422624,34.0,692.0,27465.0,17.486077367028354,0.3976614416859817,0.5985634844376293
158,4.0,26.0,0.6568696707988093,21.0,534.0,22071.0,25.527695827907433,0.38188069494137256,0.5416210718308738
159,4.0,27.0,0.8338035190080247,72.0,967.0,69556.0,12.407280224580333,0.3612266119993418,0.7100757054544873
160,4.0,28.0,0.7661320930908699,57.0,1214.0,59224.0,15.801142231923135,0.39364331369394734,0.7471610570319649
161,4.0,29.0,0.7376834196872115,51.0,1347.0,66893.0,23.616385975667168,0.3821393526019933,0.8097810019021722
162,4.0,30.0,0.6095312773720216,56.0,1213.0,70366.0,21.026307667518637,0.35289175435458797,0.8188897491973884
163,4.0,31.0,0.6635303309292587,70.0,1128.0,67208.0,11.866601567488443,0.3888277744565559,0.7579785012160787
164,4.0,32.0,0.5979406574625835,55.0,1195.0,68722.0,21.604958481203006,0.3539154609100599,0.8031412199708972
165,5.0,0.0,0.8316409946907346,52.0,1253.0,69216.0,36.71110140777608,0.38253768386212506,0.8981154810733946
166,5.0,1.0,0.796892012424017,57.0,1304.0,69221.0,15.150804923535345,0.3786768949571656,0.863524900776541
167,5.0,2.0,0.7726484271374013,63.0,1176.0,69227.0,13.435463532911152,0.45656915977949775,0.8603988414122531
168,5.0,3.0,0.30622117443327274,53.0,1468.0,69217.0,12.505941568551235,0.2955790392743566,0.8642510519254689
169,5.0,4.0,0.3013163413907923,54.0,1425.0,69218.0,14.444438032414643,0.2776758816110324,0.8863920109079619
170,5.0,5.0,0.3077986317409097,47.0,1585.0,69211.0,18.95369184929963,0.26721506452190347,0.9215421989835689
171,5.0,6.0,0.7811131353833421,29.0,486.0,69193.0,10.34263639701857,0.33332648621784766,0.7639807444470657
172,5.0,7.0,0.583843034853068,24.0,425.0,69188.0,9.642847321439778,0.2699090376393216,0.6594614522978388
173,5.0,8.0,0.7468578677435309,24.0,564.0,69188.0,19.799969800064762,0.35357652675663165,0.9998508494187284
174,5.0,9.0,0.6885761317958554,16.0,157.0,69180.0,9.812487734390333,0.2777045901078633,0.34534820208006245
175,5.0,10.0,0.8817915247042525,25.0,157.0,69189.0,6.802768298393809,0.2188995232364883,0.3287473818419442
176,5.0,11.0,0.35464167348624803,14.0,158.0,69178.0,10.333305972338772,0.25751574164470425,0.2939876302992347
177,5.0,12.0,0.7287582217871504,35.0,551.0,69199.0,12.66662521729779,0.3609727943138251,0.5639716969721021
178,5.0,13.0,1.2132825885084468,32.0,621.0,69196.0,23.842238816782793,0.49752614772871984,0.9072972951814167
179,5.0,14.0,0.6700800348965867,23.0,518.0,69187.0,17.547590391243332,0.366745199073897,0.587894637545491
180,5.0,15.0,0.5303188142402737,24.0,527.0,69188.0,17.537001368418995,0.3668624625252782,0.510853436922631
181,5.0,16.0,0.6535240962588887,30.0,652.0,69194.0,18.747440333753776,0.3779078498233016,0.5818604772391812
182,5.0,17.0,0.6614988210925417,34.0,688.0,69198.0,20.145638062227263,0.40147348480674094,0.6066770867151094
183,5.0,18.0,0.6127248850685258,57.0,1136.0,69221.0,13.005763299546892,0.38905793934089183,0.8011374610199112
184,5.0,19.0,0.6576865748834141,69.0,1347.0,69233.0,11.114442560218194,0.3380190515364977,0.9285655577076969
185,5.0,20.0,0.6438569120069704,54.0,1202.0,69218.0,21.114703656015532,0.40733295688191795,0.7914355027691469
186,5.0,21.0,0.6925873823364419,14.0,269.0,69178.0,19.520804418446446,0.36252202271843925,0.42400342118282197
187,5.0,22.0,0.6110975367836251,20.0,363.0,69184.0,17.60099287676429,0.412520272092345,0.45304394067614784
188,5.0,23.0,0.5832883519179564,20.0,337.0,69184.0,15.961521897736532,0.4334359074615305,0.45993710006445176
189,5.0,24.0,0.7637233175492093,40.0,670.0,69204.0,21.75341111317761,0.4252125373260556,0.6699108609451965
190,5.0,25.0,0.8214475678272672,39.0,1441.0,69203.0,30.187471059059988,0.42079674141266976,0.8299000085404664
191,5.0,26.0,0.22742396485262903,29.0,482.0,69193.0,12.684987313524108,0.3108837278025669,0.43039040538838713
192,5.0,27.0,0.8561462663824294,61.0,1299.0,69225.0,23.06294530842092,0.40377215446097614,0.9872718988231163
193,5.0,28.0,0.5823050881175212,58.0,1268.0,69222.0,20.049615186546173,0.3485240302079705,0.9427907624847658
194,5.0,29.0,0.7040516726910125,55.0,1240.0,69219.0,20.262154726449975,0.36283004349189774,0.8574808424743158
195,5.0,30.0,0.7421653386521871,57.0,1309.0,69221.0,16.059022676350512,0.38048092998605487,0.7932296630997459
196,5.0,31.0,0.7225699257567446,88.0,872.0,69252.0,7.974094788022811,0.3684814582614113,0.7171134002397122
197,5.0,32.0,0.7769071059319864,68.0,1227.0,68708.0,9.853977175780397,0.3902398462295523,0.9175029376389491
198,6.0,0.0,0.9823316159271627,27.0,601.0,73058.0,20.1624522855913,0.44123405773098134,0.6550884300957589
199,6.0,1.0,0.756351592256363,27.0,531.0,73058.0,13.836289201785068,0.3809957912842542,0.5919769207660441
200,6.0,2.0,0.7890702276268698,23.0,581.0,73054.0,21.28519716008354,0.3811190242369802,0.5784284079675468
201,6.0,3.0,0.6416840538811615,54.0,1252.0,73085.0,14.650338566039903,0.377542847174015,0.8166103454275075
202,6.0,4.0,0.5558745012882231,67.0,1252.0,73098.0,15.247608711030315,0.3854989692535594,0.8757773043964284
203,6.0,5.0,0.6647335058551425,52.0,1241.0,73083.0,17.074971056435473,0.3708992465128603,0.793048340453337
204,6.0,6.0,0.5881687773541907,14.0,440.0,73045.0,31.074946237610483,0.4566832960244973,0.49913832309047657
205,6.0,7.0,0.6593574352625602,20.0,383.0,73051.0,20.440450320332047,0.45480108353192494,0.4859196261387654
206,6.0,8.0,0.5904856314459119,15.0,447.0,73046.0,34.12491989607231,0.4238509990278164,0.49158686229788406
207,6.0,9.0,0.5517093414290438,28.0,688.0,73059.0,17.204240534322455,0.3848230258447073,0.5775707995792405
208,6.0,10.0,0.516023580681438,25.0,709.0,73056.0,27.210497740112668,0.3612532428719273,0.5609505691195633
209,6.0,11.0,0.4431211348947862,32.0,603.0,73063.0,13.21792753164982,0.34430301256541385,0.5097126784811495
210,6.0,12.0,0.760774274837137,85.0,1388.0,73116.0,13.257318047113372,0.3902118398318162,0.8447964117247451
211,6.0,13.0,0.6862565089159085,61.0,1290.0,73092.0,16.6101939747163,0.3705740988262384,0.8139553667689831
212,6.0,14.0,0.6765764955396639,80.0,1322.0,73111.0,11.29483396514609,0.36522699394456537,0.7401862865541669
213,6.0,15.0,0.522314823465831,18.0,439.0,73049.0,23.13747537815148,0.45083127733910466,0.4977044269819493
214,6.0,16.0,0.6275804299256631,25.0,296.0,73056.0,10.520818049506135,0.3814984594582408,0.45278591366670595
215,6.0,17.0,1.0500897864011327,42.0,391.0,73073.0,12.071412678593168,0.48506271659276723,0.49976446279765685
216,6.0,18.0,0.6344000866010711,68.0,1214.0,73099.0,12.449286211677652,0.3580588927190669,0.7723961354914162
217,6.0,19.0,0.6062033606820006,47.0,1205.0,73078.0,18.955534740811267,0.37995803115593374,0.8172144062067117
218,6.0,20.0,0.733045534780739,72.0,1004.0,73103.0,11.741685698422032,0.3930213180432143,0.7267579643840898
219,6.0,21.0,0.6867616913973861,75.0,1322.0,73106.0,12.746628604007173,0.368358303573058,0.7683884843267439
220,6.0,22.0,0.7489925629399012,60.0,1208.0,73091.0,16.048403410120844,0.3728360672660014,0.7800992602981488
221,6.0,23.0,0.6712860177043469,66.0,1248.0,73097.0,12.659638503735989,0.36460409366024815,0.7383236383663847
222,6.0,24.0,0.8651074523211068,67.0,1003.0,73098.0,13.74997474539261,0.47465347695272486,0.8851527416078817
223,6.0,25.0,0.7987519751741992,35.0,700.0,73066.0,33.32125945708762,0.445146420597505,0.7066991918212934
224,6.0,26.0,0.4120916471962747,24.0,661.0,73055.0,16.985095804481546,0.34903263835602594,0.5243366320736971
225,6.0,27.0,0.6469155256405172,63.0,1286.0,73094.0,13.931857122238318,0.36050924537821605,0.7773007339891238
226,6.0,28.0,0.6683124300356585,61.0,1235.0,73092.0,19.493466064762718,0.3614023271510687,0.8705238628970426
227,6.0,29.0,0.5630493171924522,75.0,1274.0,73106.0,12.713573918889372,0.3548935932292654,0.9603989576308495
228,6.0,30.0,0.5810082894306661,53.0,1169.0,73084.0,14.446752982095495,0.3535150472700248,0.8034806864320612
229,6.0,31.0,0.4819857663031565,48.0,1240.0,73079.0,24.86314280444465,0.3313017286671851,0.8997741918796964
230,6.0,32.0,0.505079022951937,70.0,1210.0,72439.0,15.123483881484411,0.3481868242642149,0.9053269923161588
231,7.0,0.0,0.5894814301889588,15.0,415.0,65603.0,22.18051482072306,0.44908233892257865,0.4943283738925437
232,7.0,1.0,0.3752818110853791,47.0,765.0,65635.0,15.386650635573508,0.277231709945444,0.9996401321087032
233,7.0,2.0,0.6444128261372782,9.0,324.0,65597.0,28.777670370902158,0.38224157128185143,0.44198746871842265
234,7.0,3.0,0.6541546576561738,48.0,644.0,65636.0,11.567834034254766,0.39843345394080465,0.6271482747267789
235,7.0,4.0,0.7122353879585626,45.0,808.0,65633.0,19.219857338354984,0.3914345457576508,0.7268983190242189
236,7.0,5.0,0.7499610970611732,37.0,660.0,65625.0,16.982080140759436,0.41028921907795846,0.6277685548880155
237,7.0,6.0,0.6260425392503015,23.0,439.0,65611.0,19.34372987446602,0.4553190764715983,0.49999986754603254
238,7.0,7.0,0.6477354298798448,25.0,428.0,65613.0,18.43648834028628,0.4447846600037083,0.4999947161855285
239,7.0,8.0,-0.0,13.0,188.0,65601.0,7.833326805560995,0.262484073887707,0.29362430829920727
240,7.0,9.0,0.536864293540027,12.0,307.0,65600.0,23.928533244960512,0.34533090083474827,0.4097100511333901
241,7.0,10.0,0.549109965520059,22.0,470.0,65610.0,19.78569640307869,0.4486830561064985,0.49967429035086297
242,7.0,11.0,0.5058110963609138,52.0,749.0,65640.0,23.078848893402732,0.33572540649785165,0.9997808641970152
243,7.0,12.0,0.5960947330184962,60.0,372.0,65648.0,6.76451303484704,0.3310426854728823,0.4999999693679469
244,7.0,13.0,0.2509548043576197,22.0,203.0,65610.0,8.22498013758868,0.2866501988743092,0.33102235404672087
245,7.0,14.0,0.5903780438739035,20.0,458.0,65608.0,22.404735822030894,0.4524642368420513,0.4980731665414494
246,7.0,15.0,1.0797030562567382,36.0,441.0,65624.0,14.917993286872854,0.3741207611019608,0.8618717575946222
247,7.0,16.0,0.6823830206739341,45.0,646.0,65633.0,11.747335059374905,0.4342599243376223,0.6509484481329109
248,7.0,17.0,0.8623061203703581,38.0,827.0,65626.0,25.176913405855906,0.3917618642221592,0.8327588841190404
249,7.0,18.0,1.2308446154445538,33.0,553.0,65621.0,22.234458508817664,0.470376055515186,0.8892696393069697
250,7.0,19.0,0.778021768765068,27.0,584.0,65615.0,23.199911025424278,0.3701527298108306,0.5385296853528083
251,7.0,20.0,1.3418513931379017,35.0,477.0,65623.0,15.066119725250667,0.49258583555026614,0.7626775675187845
252,7.0,21.0,0.6327835661017759,22.0,378.0,65610.0,19.870559040882636,0.4292464736596817,0.4936965271711391
253,7.0,22.0,0.34651533691866615,17.0,300.0,65605.0,14.424984129187592,0.3058792054124524,0.35648764310704517
254,7.0,23.0,0.634007628286258,24.0,373.0,65612.0,16.138638585925424,0.44479391169224125,0.4996634641711878
255,7.0,24.0,0.6474952156988719,47.0,1274.0,65635.0,27.292325690734266,0.3601963805333701,0.7569279853207433
256,7.0,25.0,0.9053195066845929,65.0,1395.0,65653.0,16.5137823011454,0.5242494240104034,0.9829290275466628
257,7.0,26.0,0.7275821186645898,40.0,912.0,65628.0,18.659065481754975,0.3972132771279966,0.7060634675906654
258,7.0,27.0,0.6803890809716151,78.0,1261.0,65666.0,10.990705586803243,0.36523453862329636,0.7158212659173235
259,7.0,28.0,0.7040988401834786,62.0,1261.0,65650.0,17.676969483941317,0.37010777663379324,0.7896295636121793
260,7.0,29.0,0.6823837260136798,49.0,1270.0,65637.0,26.10171303475518,0.3629895637728223,0.7397162476812608
261,7.0,30.0,0.5966029889855152,64.0,1204.0,65652.0,23.950254555621544,0.3574335160320776,0.8404958525288404
262,7.0,31.0,0.5748141823050609,57.0,1240.0,65645.0,25.64881667813698,0.3811017097288406,0.8656671106402656
263,7.0,32.0,0.6533105742686423,43.0,1284.0,65146.0,35.554518580465015,0.35871767868655013,0.7803133401213469
264,8.0,0.0,0.773500341354404,75.0,1270.0,15315.0,14.513623945950812,0.42610562296017995,0.8648461986020369
265,8.0,1.0,0.7554926933989357,80.0,1111.0,15320.0,10.393497506734477,0.4712028569332617,0.9335729350378394
266,8.0,2.0,1.053260316761529,77.0,1206.0,15317.0,11.803079166377199,0.440451926628045,0.9967378976338285
267,8.0,3.0,0.2578230614899074,19.0,363.0,15259.0,12.378773178396637,0.3196009023009335,0.35658732704693175
268,8.0,4.0,1.2491762107063746,27.0,514.0,15267.0,16.357107603660403,0.4796862946202701,0.6390092704124851
269,8.0,5.0,0.8064702667046753,19.0,538.0,15259.0,25.008252186629566,0.39915828175457546,0.5885662526606787
270,8.0,6.0,1.16038213715334,34.0,538.0,15274.0,14.400279863527178,0.4606352092492597,0.7868875759215955
271,8.0,7.0,0.9223531090592142,29.0,510.0,15269.0,16.765843072950176,0.4301873090433309,0.7110611857092207
272,8.0,8.0,1.0031143001761904,44.0,1142.0,15284.0,21.439976995029618,0.520443834405794,0.9762639806492427
273,8.0,9.0,0.6767696517235593,23.0,410.0,15263.0,18.56664816390888,0.44841943555490127,0.4999999405412474
274,8.0,10.0,0.7789383763988039,23.0,413.0,15263.0,16.561883619529798,0.49035696449543065,0.49999077622589083
275,8.0,11.0,0.615176724111747,26.0,426.0,15266.0,15.928091429376703,0.45130345898861657,0.49999989661512945
276,8.0,12.0,0.5336994708418349,16.0,346.0,15256.0,19.899975766698123,0.3868207250787652,0.4577441658201751
277,8.0,13.0,0.6410061890249454,17.0,453.0,15257.0,27.858292151459143,0.45209282934295025,0.4992307838908936
278,8.0,14.0,0.5912409391334186,20.0,399.0,15260.0,19.00547465827657,0.4497769960157493,0.49918942636080754
279,8.0,15.0,0.6274370336771098,21.0,318.0,15261.0,16.949975381293438,0.38548607147497405,0.4614910017822209
280,8.0,16.0,0.6576915199330449,17.0,408.0,15257.0,23.61425750819803,0.45086411070278465,0.4999567915806966
281,8.0,17.0,0.515631317918759,19.0,284.0,15259.0,13.615369654851333,0.34357395010927705,0.4153759787439698
282,8.0,18.0,0.6416709116515951,17.0,437.0,15257.0,25.507543162350178,0.4443206310647052,0.49987381764472505
283,8.0,19.0,-0.0,22.0,170.0,15262.0,4.249997875001062,0.26231608661689,0.29308021091996805
284,8.0,20.0,0.6240021951247062,21.0,468.0,15261.0,21.999976734721287,0.44837796938319807,0.49902985347290507
285,8.0,21.0,0.6022361311748377,16.0,424.0,15256.0,26.49996687504141,0.4398739996930954,0.4974546931238929
286,8.0,22.0,0.6062566402835896,13.0,336.0,15253.0,25.54162109963064,0.392458658598528,0.46367547363984496
287,8.0,23.0,0.5877409722687292,13.0,397.0,15253.0,29.624948159827134,0.42303899280942825,0.4907749917874078
288,8.0,24.0,0.6301821684535676,23.0,413.0,15263.0,17.715893866232115,0.4368594523695696,0.4999999001497639
289,8.0,25.0,0.687506667712201,40.0,455.0,15280.0,9.779886948674886,0.48957695807724444,0.5355368702555492
290,8.0,26.0,0.6135147633986295,48.0,404.0,15288.0,10.390861168366662,0.3098604210328182,0.4999999424441196
291,8.0,27.0,0.8061910599764055,44.0,669.0,15284.0,12.81893888698839,0.4399457148707595,0.7481888145886365
292,8.0,28.0,0.19196820737254053,32.0,544.0,15272.0,8.561720609868098,0.31151391500333847,0.42945080470348973
293,8.0,29.0,0.8865143516401011,33.0,612.0,15273.0,19.30553107527103,0.4583585383616249,0.7475031312659306
294,8.0,30.0,0.5644874518787281,18.0,508.0,15258.0,42.922997136249585,0.4506762103659634,0.4984133941558455
295,8.0,31.0,0.6454268357397892,18.0,372.0,15258.0,24.803524917197045,0.40704156481248854,0.47456854762907674
296,8.0,32.0,0.6151423054816494,15.0,449.0,14957.0,28.749961713016077,0.4390689440381611,0.4987749977124103
297,9.0,0.0,0.9277565496837562,77.0,1032.0,57997.0,12.312446239019865,0.4508154717898555,0.9211939942363797
298,9.0,1.0,0.6825775085733075,51.0,1210.0,60627.0,21.290723993329735,0.35708354354923333,0.8426649683066287
299,9.0,2.0,0.7663820276898574,54.0,1148.0,67697.0,17.525072752505,0.45291818327275,0.846629349773216
300,9.0,3.0,0.5889788888350711,11.0,278.0,14063.0,27.48127909659358,0.3245801281859153,0.37366636702419664
301,9.0,4.0,0.8138523905299467,18.0,437.0,16339.0,20.76662534457114,0.4657136375416313,0.48946851855741913
302,9.0,5.0,0.4308046548526163,20.0,265.0,16148.0,13.421541974318881,0.3332530373309952,0.4012004552821258
303,9.0,6.0,0.5783406444772902,19.0,430.0,16393.0,23.255530349410094,0.41430594209063065,0.49248395189631355
304,9.0,7.0,0.7231740904849961,29.0,434.0,20570.0,12.952368380115239,0.4858358473840687,0.5357043983036729
305,9.0,8.0,0.4123454850495444,19.0,229.0,14140.0,14.014661241557725,0.30258883737594244,0.35378737957020456
306,9.0,9.0,0.9719933099039397,30.0,589.0,25349.0,18.519699043076326,0.45313321747931623,0.8570512596985174
307,9.0,10.0,1.3326678651351787,37.0,330.0,19767.0,11.559760659722981,0.38701143645763314,0.6136242183196488
308,9.0,11.0,0.9165900470462324,21.0,417.0,19746.0,17.904655672111073,0.4009105327114467,0.5141257691621337
309,9.0,12.0,0.6534709622301229,67.0,1308.0,73672.0,19.265003407547646,0.36197749741020635,0.756527134275872
310,9.0,13.0,0.7304781201937327,62.0,1300.0,66164.0,18.560823452677344,0.388404664085392,0.8902217250212636
311,9.0,14.0,0.7801827157905838,57.0,1264.0,62675.0,20.539621904487465,0.41181709968721647,0.8978052115305678
312,9.0,15.0,0.6764199286487176,20.0,501.0,21935.0,24.249844142011852,0.3624030848421149,0.5076839330776479
313,9.0,16.0,1.391282398865009,55.0,410.0,36622.0,7.751178258187971,0.4132723530233854,0.9225919811123815
314,9.0,17.0,0.7827831596704249,28.0,535.0,18467.0,15.773210800578415,0.4005174121968056,0.593065245007486
315,9.0,18.0,0.8928496911506321,26.0,666.0,24085.0,24.033300055610237,0.47074957455680033,0.822979938754362
316,9.0,19.0,0.5675702012338455,33.0,464.0,24634.0,8.754155553496007,0.35152960699041136,0.5111635350338789
317,9.0,20.0,0.5628537745745341,19.0,592.0,21999.0,24.952296522730308,0.3686006186728801,0.5430046138888266
318,9.0,21.0,0.5901724616439233,22.0,397.0,15641.0,17.1249840848374,0.44974130928655365,0.4925832847056668
319,9.0,22.0,0.4394232204555201,15.0,269.0,9704.0,15.599980100028501,0.3134223985511082,0.3715274860185218
320,9.0,23.0,0.6267254555546258,17.0,419.0,16439.0,27.711488154696976,0.45474739348866866,0.499504641364632
321,9.0,24.0,0.6912524925187911,17.0,390.0,19655.0,52.649766651146805,0.4465828222688446,0.4999734091358625
322,9.0,25.0,0.9470645295633783,36.0,584.0,39060.0,17.523787973746487,0.44197813410087106,0.633103115050532
323,9.0,26.0,0.6448214280675395,21.0,347.0,18471.0,26.305485386026636,0.38904808790924206,0.46340740254087853
324,9.0,27.0,0.6530577442776866,18.0,448.0,21447.0,36.39990417808018,0.446603433680438,0.49999964531328744
325,9.0,28.0,0.5437179265159436,23.0,445.0,18096.0,19.83331563132895,0.44648084675955446,0.4976521606111386
326,9.0,29.0,0.627651806215397,10.0,461.0,15871.0,44.583243611299196,0.43618433065087125,0.49121383574332544
327,9.0,30.0,0.5800568020698903,18.0,476.0,22973.0,25.387472628154853,0.4473007282009641,0.4999992965900868
328,9.0,31.0,0.6444683761593913,24.0,391.0,22191.0,17.17225070300936,0.4510600983041182,0.49999991995488646
329,9.0,32.0,0.8178079317953504,28.0,607.0,42545.0,27.0040842761352,0.3578409815939999,0.4961597840770293
330,10.0,0.0,0.6532418595215863,22.0,392.0,11801.0,12.194432831801413,0.4209330794575987,0.49838947119379406
331,10.0,1.0,0.9140868189429557,37.0,395.0,11816.0,11.785696431443716,0.4069842478389456,0.4999998630765905
332,10.0,2.0,0.6430373905513571,28.0,446.0,11807.0,16.887484384391776,0.4363431584984174,0.49999988589230526
333,10.0,3.0,0.5306398159578242,36.0,506.0,11815.0,10.359989389349245,0.35556841279748586,0.5044151461375607
334,10.0,4.0,1.4001092867253484,47.0,588.0,11826.0,13.90664748398071,0.3992952940695814,0.7704746422737582
335,10.0,5.0,0.2877644178787572,24.0,430.0,11803.0,10.566650050046086,0.33549361546166057,0.43276178171961655
336,10.0,6.0,0.6772522903626,24.0,406.0,11803.0,12.595222759386013,0.46101979609496635,0.49999993873367243
337,10.0,7.0,0.7838373549473604,18.0,478.0,11797.0,23.70234234488592,0.49296474406424595,0.4999999008378285
338,10.0,8.0,0.5556469516188689,17.0,250.0,11796.0,12.02775081026414,0.3362261854818992,0.40170856628908314
339,10.0,9.0,0.584950938701585,15.0,357.0,11794.0,23.943140761965715,0.3780032076867059,0.441933048147623
340,10.0,10.0,0.5889227829283352,25.0,417.0,11804.0,15.816654205565781,0.4540031845991229,0.49998624217875676
341,10.0,11.0,0.9389003363922908,28.0,513.0,11807.0,27.115293950122922,0.4408183664318017,0.7204737135225296
342,10.0,12.0,0.8972474236748561,51.0,610.0,11830.0,10.792585617639487,0.44580238920814474,0.8302280290396922
343,10.0,13.0,0.914175302115463,32.0,527.0,11811.0,16.185696180925508,0.44041151698417336,0.7906113087544145
344,10.0,14.0,0.8083603663919188,27.0,521.0,11806.0,17.395399770167106,0.37911156518487754,0.6178344423187212
345,10.0,15.0,0.6296775228691706,57.0,1185.0,11836.0,14.4687258985307,0.40188310989373455,0.8873196426737547
346,10.0,16.0,0.6510385106948279,53.0,1145.0,11832.0,17.448676146784468,0.4299165934297984,0.825348530787698
347,10.0,17.0,0.633127069157363,69.0,1259.0,11848.0,14.094618421821735,0.42381250000177106,0.8500188048400229
348,10.0,18.0,0.5068466436745385,16.0,298.0,11795.0,19.28201038144643,0.3485596332186376,0.4183094414708812
349,10.0,19.0,0.3260660574343621,31.0,776.0,11810.0,27.911080595448116,0.22717099996237322,0.9996595820631486
350,10.0,20.0,0.565470112710913,17.0,348.0,11796.0,19.63330670559828,0.3796227720714602,0.4517872365920518
351,10.0,21.0,0.7907478170149085,56.0,1367.0,11835.0,15.071086797750203,0.3986855106474215,0.9066366191407057
352,10.0,22.0,0.7065624067261596,44.0,1186.0,11823.0,16.046659309714713,0.39197043125004105,0.751620279560323
353,10.0,23.0,1.4772325349895472,82.0,734.0,11861.0,14.472804870752157,0.40045499165504583,0.9996980124480208
354,10.0,24.0,0.2203489271737398,20.0,243.0,11799.0,9.033325444453437,0.2866586959664116,0.32970627508675343
355,10.0,25.0,0.582667530602575,19.0,438.0,11798.0,22.555532271629033,0.4479718328872555,0.4994602279403334
356,10.0,26.0,0.8245840692767638,36.0,440.0,11815.0,11.07349091137903,0.46469122297427623,0.5462223069327218
357,10.0,27.0,0.6522964508151821,21.0,310.0,11800.0,24.027713040330717,0.4223075637916016,0.4889020041082255
358,10.0,28.0,0.6047067509331423,23.0,379.0,11802.0,17.132332887860024,0.43164914422901535,0.49405184663484925
359,10.0,29.0,0.6153240922271759,20.0,393.0,11799.0,19.749976369080372,0.4231716376297888,0.489539518872401
360,10.0,30.0,1.303330029895575,45.0,802.0,11824.0,21.608306518093013,0.5875790714520077,0.8723211617050385
361,10.0,31.0,0.5472761861082421,23.0,452.0,11802.0,18.187483973973894,0.4373258685717861,0.49715207328825195
362,10.0,32.0,0.6671211188386972,15.0,383.0,11553.0,34.45824295166976,0.38626717053400184,0.4622411052949724
363,11.0,0.0,1.3418647305211324,70.0,881.0,21976.0,13.810629135600783,0.4459722675550727,0.9593631755256318
364,11.0,1.0,0.956329835722868,34.0,1314.0,21940.0,31.00637507150974,0.5266165804549701,0.9663258334444497
365,11.0,2.0,0.9747494665501082,39.0,1256.0,21945.0,26.72862634863359,0.5154053575927919,0.9448150819454616
366,11.0,3.0,0.585550881827345,38.0,805.0,21944.0,26.20234500571928,0.30268995157838596,0.9997724025303358
367,11.0,4.0,0.6201873930309616,23.0,440.0,21929.0,15.074488042483802,0.45248440340298335,0.49999765025855014
368,11.0,5.0,0.6312364804928356,32.0,420.0,21938.0,12.527067454361683,0.2920760644975685,0.4999999434060515
369,11.0,6.0,0.6738832731835815,15.0,368.0,21921.0,45.461346953592724,0.44307545848034,0.4974375325544018
370,11.0,7.0,0.7088222583997703,19.0,377.0,21925.0,15.525226576438072,0.4385909792785657,0.48706488297922756
371,11.0,8.0,1.2284298447726114,69.0,955.0,21975.0,12.386245957656428,0.6205486799712371,0.9779711086690894
372,11.0,9.0,0.6192567808464035,22.0,461.0,21928.0,23.652907074800922,0.4524216553316742,0.49999362684586046
373,11.0,10.0,0.6464323422803313,25.0,399.0,21931.0,17.150775454796996,0.45380440126800603,0.4999998870541451
374,11.0,11.0,0.5689643433859253,14.0,449.0,21920.0,35.02077796015799,0.45176062929217586,0.4993550967069228
375,11.0,12.0,0.6014479259941147,30.0,408.0,21936.0,13.460306888394642,0.4578279608638829,0.49991519406193663
376,11.0,13.0,0.7691822509051836,35.0,624.0,21941.0,13.77704091208951,0.3097971219881094,0.4999999396697927
377,11.0,14.0,0.5081680275791729,13.0,282.0,21919.0,24.68173642599075,0.33082627958009514,0.3876487667661146
378,11.0,15.0,0.6609520877001844,20.0,420.0,21926.0,24.466629422288918,0.4572135554397284,0.4994803880101846
379,11.0,16.0,0.6431115687988582,17.0,373.0,21923.0,23.00829922644718,0.4232449445809281,0.49064856429032244
380,11.0,17.0,0.6193762897414465,21.0,435.0,21927.0,22.874967140682664,0.45386418219265423,0.4999888836161078
381,11.0,18.0,0.7295648330740238,29.0,552.0,21935.0,17.149087673842303,0.36548047001591677,0.6260534276053187
382,11.0,19.0,0.3173200259998331,25.0,463.0,21931.0,13.611097657425267,0.3171142392915931,0.4180683924475155
383,11.0,20.0,0.4555310441733948,25.0,536.0,21931.0,13.965597152734853,0.32542605965519544,0.5253629630652616
384,11.0,21.0,1.0852527901995013,53.0,527.0,21959.0,19.188060167863476,0.5114834650964541,0.7809437267145299
385,11.0,22.0,1.0839975442396181,33.0,820.0,21939.0,36.4403933871543,0.524071466518252,0.914665643323757
386,11.0,23.0,1.0632067587124752,25.0,771.0,21931.0,34.134559343675,0.5017275123742718,0.9130902233722002
387,11.0,24.0,0.5197352504394764,22.0,597.0,21928.0,18.30414349326712,0.34290233058253106,0.5578515050340597
388,11.0,25.0,0.7960089972050667,25.0,508.0,21931.0,17.46346998536945,0.38435299631372954,0.6556937867609902
389,11.0,26.0,1.3726225704688477,41.0,371.0,21947.0,19.036210580958983,0.4091376707882102,0.7138048623517783
390,11.0,27.0,0.659447371177666,28.0,399.0,21934.0,18.037855639383466,0.4493396085958764,0.4998288410070585
391,11.0,28.0,0.6695145472746771,20.0,411.0,21926.0,34.18618074040065,0.44643298193415615,0.4998468822343305
392,11.0,29.0,0.669504678042405,20.0,434.0,21926.0,29.499941718886035,0.44692310344115793,0.49999975978593214
393,11.0,30.0,0.6435900727319719,12.0,410.0,21918.0,38.4443495064524,0.40125447558978844,0.48897504974235195
394,11.0,31.0,-0.0,10.0,259.0,21916.0,21.583297361171066,0.261853531319132,0.29665188215956295
395,11.0,32.0,0.605797499372304,25.0,425.0,21562.0,16.249987083344028,0.43459680276962553,0.4999998997960603
396,12.0,0.0,0.7413318677236589,43.0,1217.0,20536.0,15.627493542992474,0.47160817145051803,0.8246759564072306
397,12.0,1.0,0.5963218356921632,37.0,1295.0,20530.0,15.651564161457436,0.4699256344261761,0.9546508254960462
398,12.0,2.0,0.6287708134519009,44.0,1265.0,20537.0,15.283222829451406,0.4647231696755324,0.8429376260088922
399,12.0,3.0,0.840461129778013,80.0,1306.0,20573.0,11.948449090229058,0.4125599011026563,0.9090995681157136
400,12.0,4.0,0.7089372518915634,66.0,1224.0,20559.0,14.21803484148299,0.40395832270911647,0.8315617550515204
401,12.0,5.0,0.8174295736030982,41.0,1299.0,20534.0,26.818818290184666,0.44232265226743017,0.9280857978431654
402,12.0,6.0,0.9671875994629794,34.0,731.0,20527.0,20.297366625649648,0.5261668250562799,0.9276605262539808
403,12.0,7.0,1.06656727863187,34.0,717.0,20527.0,18.1159904183575,0.5364583408294656,0.9421382025435716
404,12.0,8.0,1.0147667594815104,64.0,655.0,20557.0,13.425780463364639,0.32968224976704075,0.9996923531463366
405,12.0,9.0,0.7175578072861141,71.0,1274.0,20564.0,12.490262005685913,0.41768084378512194,0.8178083997829706
406,12.0,10.0,0.8530663842695154,68.0,1317.0,20561.0,25.012359277824356,0.471588979774088,0.898366621809029
407,12.0,11.0,0.8122442743208984,55.0,1313.0,20548.0,20.802534235392656,0.4446823522538639,0.9402181501869388
408,12.0,12.0,1.0494697840095009,22.0,790.0,20515.0,52.05335815365173,0.5216580861775406,0.911119558901545
409,12.0,13.0,1.0827904232630334,28.0,654.0,20521.0,18.694579255411586,0.5091498705284278,0.8602333964620827
410,12.0,14.0,1.1478544495486565,31.0,611.0,20524.0,21.016634805608042,0.5726276860063089,0.856594458681617
411,12.0,15.0,0.8585368068892507,33.0,627.0,20526.0,24.294088356437367,0.4887060703551478,0.8136517420231898
412,12.0,16.0,1.2899884101734498,40.0,682.0,20533.0,15.11101974857458,0.5709430539558766,0.9895069085528503
413,12.0,17.0,0.9481447315961256,42.0,678.0,20535.0,17.62035636060801,0.5295985822587486,0.911701411557393
414,12.0,18.0,0.6280202837364632,27.0,339.0,20520.0,12.865119877739122,0.4221454473699474,0.4854523018365101
415,12.0,19.0,0.5737373977646765,15.0,399.0,20508.0,25.055522901278877,0.45012364144522343,0.49784123886831055
416,12.0,20.0,0.605797499372304,20.0,425.0,20513.0,20.58078796808433,0.4429889238019372,0.4999999458224913
417,12.0,21.0,1.010702278932171,51.0,1115.0,20544.0,27.901412712024403,0.5046949157108364,0.875449930350602
418,12.0,22.0,0.6209794367969912,16.0,461.0,20509.0,28.81246398442002,0.4475576227546162,0.49857319579973536
419,12.0,23.0,0.6360006348378227,19.0,451.0,20512.0,23.255926623471616,0.45743115821806124,0.49943564160899456
420,12.0,24.0,0.5368892245125204,28.0,478.0,20521.0,16.072905674920854,0.4458256147161871,0.499999930782817
421,12.0,25.0,0.6118520391114837,18.0,342.0,20511.0,18.220758834566077,0.4331356995268425,0.49363382436688463
422,12.0,26.0,0.6145033203107282,13.0,391.0,20506.0,28.899954950074164,0.4110494190031422,0.48644152396275775
423,12.0,27.0,0.5866791189072336,18.0,490.0,20511.0,25.753218369066474,0.44708193116849004,0.49999990420820095
424,12.0,28.0,0.6221307428666878,19.0,376.0,20512.0,19.178550429446435,0.40770999387331985,0.48225309419434714
425,12.0,29.0,1.142363408869632,49.0,854.0,20542.0,15.18377694875608,0.4161832908964459,0.9792508671021689
426,12.0,30.0,0.6791252903383651,27.0,413.0,20520.0,20.071401950154495,0.4499221891488787,0.4996941827134602
427,12.0,31.0,0.6185220408842138,15.0,388.0,20508.0,27.18176960754184,0.40374180651068325,0.4782803849213022
428,12.0,32.0,0.6825248950038625,13.0,433.0,20132.0,57.522485775958955,0.45564841797007904,0.49999972864636966
429,13.0,0.0,1.1756413641295667,32.0,645.0,71797.0,22.44622705049666,0.5435284482708063,0.838635890483423
430,13.0,1.0,1.1398791441696692,30.0,689.0,71795.0,21.006484653115415,0.6017774739011787,0.8826830279100402
431,13.0,2.0,1.2821700826820264,44.0,663.0,71809.0,16.606630020079404,0.37708166586021363,0.9950826201139892
432,13.0,3.0,0.4978472002657504,49.0,685.0,71814.0,12.318819822331795,0.2908544690699908,0.9997080058924308
433,13.0,4.0,1.0648258114289502,24.0,823.0,71789.0,23.62710030918506,0.5415589538063453,0.9520416308303707
434,13.0,5.0,1.2741028841525122,38.0,621.0,71803.0,15.29387711302843,0.5126091724529982,0.895067748949141
435,13.0,6.0,1.015613610681603,30.0,561.0,71795.0,19.268231077203932,0.4769186713277548,0.8183506862505735
436,13.0,7.0,1.0286790565775312,38.0,817.0,71803.0,22.836679412410373,0.5246296873019778,0.9879217770145922
437,13.0,8.0,1.1906838865589309,45.0,711.0,71810.0,18.16977967762038,0.45499733183913527,0.9912061978579524
438,13.0,9.0,1.1763215144622787,53.0,643.0,71818.0,11.486895555053394,0.6304252820631383,0.9503811085977536
439,13.0,10.0,1.0238307072771422,25.0,553.0,71790.0,25.311068192673293,0.43451487138896117,0.722889016171488
440,13.0,11.0,1.035571456269336,29.0,685.0,71794.0,57.73888727036218,0.5123574723449162,0.9033989345434404
441,13.0,12.0,1.0325345590206512,47.0,715.0,71812.0,15.745058803558157,0.5310600466312175,0.935531436973022
442,13.0,13.0,1.0243026112432834,30.0,641.0,71795.0,26.670588208246176,0.5018664523631795,0.8847628413820262
443,13.0,14.0,1.0179268765271043,37.0,542.0,71802.0,17.449976051428266,0.4490950095163795,0.7510221407665523
444,13.0,15.0,1.060527576610629,54.0,585.0,71819.0,12.49998580689812,0.568836961957271,0.8781874411558767
445,13.0,16.0,1.0398229737039915,28.0,710.0,71793.0,27.673572345256773,0.5180025981498365,0.9121837795704598
446,13.0,17.0,1.0456950035355046,40.0,775.0,71805.0,24.789970170348983,0.5336136257961747,0.9656075292560813
447,13.0,18.0,1.3876619272613842,78.0,564.0,71843.0,10.332795320979638,0.5029552000732228,0.9468805844253787
448,13.0,19.0,1.0202188307728655,27.0,876.0,71792.0,44.46043696138215,0.5096665435279453,0.9331381270816665
449,13.0,20.0,0.7889353576078629,23.0,387.0,71788.0,17.422542176484928,0.3770647397560637,0.5414643974229862
450,13.0,21.0,0.914803141756978,51.0,1283.0,71816.0,22.561981530453714,0.5322479569636566,0.9909100810774405
451,13.0,22.0,0.8072473406634623,74.0,1080.0,71839.0,11.497540501949429,0.45835588543055283,0.7996412339393043
452,13.0,23.0,0.7240256364524389,46.0,1202.0,71811.0,23.89929209146433,0.43689989752270886,0.7578675068258555
453,13.0,24.0,1.052814049469747,38.0,765.0,71803.0,43.72841279715839,0.4868995446106813,0.8376247358310108
454,13.0,25.0,1.0526775999152256,27.0,786.0,71792.0,138.22603263608843,0.4960073744077945,0.8678238907235976
455,13.0,26.0,1.021114415264366,21.0,674.0,71786.0,58.333095360983776,0.4661316933382865,0.8116851705001551
456,13.0,27.0,0.8406652452318997,77.0,1281.0,71842.0,16.197726809627827,0.466167202596116,0.959710800078638
457,13.0,28.0,0.6034249861114988,52.0,1222.0,71817.0,17.926610059593838,0.3610562442782823,0.8066743655043829
458,13.0,29.0,0.574190428552428,60.0,1182.0,71825.0,16.602156902818788,0.43918583199306227,0.8361603658567359
459,13.0,30.0,0.7823255959360236,74.0,1347.0,71839.0,15.139260964147192,0.41144970660722924,0.9415593591000302
460,13.0,31.0,0.7624829641025912,72.0,1338.0,71837.0,18.6908462781534,0.43936753732772593,0.9427154017403836
461,13.0,32.0,0.7300059789796802,62.0,1269.0,71412.0,17.221084025177493,0.42663641531922647,0.8992916434666212
462,14.0,0.0,1.1267325824201249,30.0,754.0,27224.0,26.470188045512614,0.5780692680235519,0.9609613551397016
463,14.0,1.0,0.796866387039569,26.0,468.0,27220.0,12.413619907331721,0.4845864786660259,0.5685225006636221
464,14.0,2.0,1.1630047416501428,35.0,768.0,27229.0,29.082033878607113,0.5830492000918879,0.9320213022152867
465,14.0,3.0,1.3631704940803295,55.0,526.0,27249.0,12.349793720154869,0.4952541690891715,0.9561671271357377
466,14.0,4.0,1.0230892007472392,38.0,768.0,27232.0,17.997003053633577,0.5329065754329916,0.9400811738978078
467,14.0,5.0,1.031302597363437,27.0,796.0,27221.0,69.99043859393525,0.5334717595369666,0.9736340702802804
468,14.0,6.0,1.082145219462337,25.0,746.0,27219.0,32.5248970390701,0.5729397221269974,0.9212208450189854
469,14.0,7.0,1.2619611517088867,32.0,730.0,27226.0,31.60122337086886,0.6536764033681831,0.9985229350733299
470,14.0,8.0,1.1964253113895775,55.0,501.0,27249.0,14.77649761691702,0.5177388951869472,0.7456001498576694
471,14.0,9.0,1.0897925390595957,41.0,685.0,27235.0,17.207372592292746,0.5901560299721232,0.9627523674431171
472,14.0,10.0,1.0028161291588962,36.0,833.0,27230.0,33.11281248055857,0.5212589360426645,0.9695602711021939
473,14.0,11.0,1.0150451763371928,28.0,706.0,27222.0,19.57140363949091,0.5212535060116257,0.9313034910933724
474,14.0,12.0,1.0679265686517132,45.0,791.0,27239.0,17.05557706730874,0.5340793317435064,0.9974551030337174
475,14.0,13.0,1.0280583043360036,40.0,592.0,27234.0,20.276888206388083,0.4690781061143108,0.7984156387955841
476,14.0,14.0,0.9802124545392406,35.0,492.0,27229.0,19.16811089207317,0.4436307573755578,0.7377869849929354
477,14.0,15.0,0.9524923311916391,36.0,432.0,27230.0,16.858283062031692,0.40954843685249187,0.6290620342286342
478,14.0,16.0,1.0355665446541638,36.0,685.0,27230.0,23.90724750315826,0.5177729777617779,0.9151495769029203
479,14.0,17.0,0.9712855439254926,25.0,493.0,27219.0,22.21207677698071,0.4279102081874717,0.6934141998366399
480,14.0,18.0,0.6772500909136526,62.0,1394.0,27256.0,21.336424274425706,0.4401673888673713,0.9987855150999966
481,14.0,19.0,0.766094950599173,72.0,1215.0,27266.0,12.135888783597057,0.43841994076101365,0.8244085289915171
482,14.0,20.0,0.5462170859671105,60.0,1285.0,27254.0,13.51975157218975,0.44850522812367766,0.9997508156581495
483,14.0,21.0,0.9613944068277287,30.0,657.0,27224.0,26.18783368384454,0.4891606713702956,0.8211999907443457
484,14.0,22.0,1.0617275961870498,41.0,745.0,27235.0,20.99534917376315,0.5283530377645304,0.9713854139579163
485,14.0,23.0,0.9636853978569571,42.0,574.0,27236.0,15.58293531078747,0.3944586297337853,0.9997314546390156
486,14.0,24.0,1.4525298272520621,57.0,499.0,27251.0,9.7609302073078,0.48427145510491143,0.9010540110592288
487,14.0,25.0,1.0876154928510182,52.0,789.0,27246.0,15.681534889430916,0.4199534683550511,0.9623359644723822
488,14.0,26.0,1.0171483423545333,40.0,593.0,27234.0,14.301346591227821,0.48369315291055326,0.8316544415075521
489,14.0,27.0,1.1683859889383503,40.0,655.0,27234.0,15.741650494462574,0.47407539923000075,0.9258323385190332
490,14.0,28.0,0.9803105263299114,30.0,714.0,27224.0,22.480197156684213,0.5071476160011612,0.871590231048704
491,14.0,29.0,0.9759131319879086,32.0,545.0,27226.0,16.53919759678068,0.4465700710307241,0.7768849986930015
492,14.0,30.0,1.0183343504540296,36.0,638.0,27230.0,14.935689063829908,0.5122152532481457,0.9099639576510447
493,14.0,31.0,1.0149627750426748,31.0,500.0,27225.0,19.306743869227212,0.44285234018234976,0.7315977844017915
494,14.0,32.0,1.2585023838311709,30.0,719.0,26733.0,20.944902301029487,0.5140380589252358,0.9262563918683895
495,15.0,0.0,1.025682650249589,30.0,764.0,34896.0,21.229140416702915,0.575449246031306,0.9755422217949418
496,15.0,1.0,1.0114910491469113,22.0,743.0,34888.0,37.77941743130681,0.4788280214007007,0.8505895473651225
497,15.0,2.0,1.1417901914083777,34.0,713.0,34900.0,18.675770518029037,0.6462246796831481,0.9500778189514484
498,15.0,3.0,1.022645093433352,48.0,652.0,34914.0,15.759600670593159,0.5180297525208157,0.932864746919631
499,15.0,4.0,1.064236634112846,40.0,775.0,34906.0,18.644970367106332,0.5560913519877668,0.968316399849471
500,15.0,5.0,1.3241351655158096,48.0,646.0,34914.0,14.837767668098993,0.5448004791439769,0.999103618456077
501,15.0,6.0,1.0713518679445186,39.0,805.0,34905.0,17.666648410517464,0.5362625188824262,0.931817618566691
502,15.0,7.0,1.0498252962076673,45.0,761.0,34911.0,16.60153549909245,0.5295361141992234,0.9751419773100088
503,15.0,8.0,1.0697015902224938,36.0,798.0,34902.0,40.94155635832212,0.5451899633048451,0.903551227865761
504,15.0,9.0,0.9769275734405791,48.0,655.0,34914.0,10.204308395848553,0.5179145424389684,0.9345894935606331
505,15.0,10.0,1.0691738982027197,29.0,751.0,34895.0,30.07558592597331,0.5280497724063757,0.9307751928967493
506,15.0,11.0,1.3720538909576367,53.0,418.0,34919.0,8.804091266776249,0.42899192858486346,0.8364660940770896
507,15.0,12.0,1.0716615770957194,40.0,714.0,34906.0,23.206166867406637,0.5331074984831092,0.9594936436147574
508,15.0,13.0,1.3594056895532651,75.0,687.0,34941.0,8.946984437575688,0.5857178068474476,0.9993973093291536
509,15.0,14.0,1.31539204630847,44.0,643.0,34910.0,15.283713618279887,0.5417741897625707,0.9996283165428287
510,15.0,15.0,0.9149804661521905,38.0,571.0,34904.0,16.340505628254977,0.4781495460315912,0.8486534383623117
511,15.0,16.0,1.126221047653687,33.0,617.0,34899.0,20.258178962771616,0.5315780634150327,0.9246106031965554
512,15.0,17.0,0.9420437996300874,41.0,730.0,34907.0,19.7939229509781,0.5237511733298124,0.9660443597386478
513,15.0,18.0,0.921922932532889,30.0,552.0,34896.0,20.266640977815438,0.4574904473608169,0.7613560312108175
514,15.0,19.0,0.9788172195475817,34.0,649.0,34900.0,20.137017713187713,0.5114636254381364,0.8614517402658395
515,15.0,20.0,0.9520078609004246,51.0,560.0,34917.0,13.664426422958774,0.29970164286195944,0.8849225551048403
516,15.0,21.0,0.6996888446976112,54.0,640.0,34920.0,17.7124763312894,0.34534482516756704,0.8862097910333956
517,15.0,22.0,1.046886154245371,34.0,699.0,34900.0,20.437480476582547,0.5205684200640455,0.9074949436476722
518,15.0,23.0,1.0063261785406712,34.0,607.0,34900.0,18.589376074432533,0.49189350572343604,0.8639990170226836
519,15.0,24.0,1.187843396935338,40.0,581.0,34906.0,18.929433467115295,0.5258983633425607,0.7924304387368293
520,15.0,25.0,1.0130771704866262,26.0,486.0,34892.0,20.764509697976106,0.42393811346715626,0.6822939376612871
521,15.0,26.0,1.0380031769812428,35.0,676.0,34901.0,21.540714601065545,0.5327197658272524,0.9532753045951905
522,15.0,27.0,1.044329648008881,50.0,591.0,34916.0,14.076901408301117,0.49305618362452497,0.8853593764180369
523,15.0,28.0,1.0042418984669679,42.0,734.0,34908.0,25.370326275819938,0.5316247914333757,0.9554546151044604
524,15.0,29.0,0.9872961501494812,28.0,458.0,34894.0,36.32168969820158,0.4368651808259396,0.7027521966326746
525,15.0,30.0,1.0373754014508596,29.0,835.0,34895.0,33.06662163617794,0.5276018475548103,0.9698550613374017
526,15.0,31.0,1.036181848949699,30.0,732.0,34896.0,27.37528635440695,0.5337891080766667,0.9568983648097288
527,15.0,32.0,1.000209704652867,30.0,724.0,34230.0,23.5821316694071,0.5273744594770562,0.9706042520266627
528,16.0,0.0,1.0189520029392982,27.0,523.0,46398.0,16.033308961153143,0.6252137672879983,0.8772057904913518
529,16.0,1.0,1.0606045397691282,48.0,851.0,46419.0,21.41462264266039,0.53180321067383,0.9784978679226437
530,16.0,2.0,1.2360479707982037,45.0,745.0,46416.0,31.997444545038125,0.6263332942577828,0.9957721862447005
531,16.0,3.0,1.0968664058301434,60.0,947.0,46431.0,14.11202004854192,0.5601467931245129,0.9997337047472956
532,16.0,4.0,1.3568486090028657,40.0,580.0,46411.0,18.392858242969403,0.4544413406997426,0.7001757233605168
533,16.0,5.0,1.3621209273280954,39.0,594.0,46410.0,21.278162279689088,0.47745728670682663,0.8685181647538931
534,16.0,6.0,1.0291893425389491,41.0,686.0,46412.0,17.184244470410622,0.5294217509499916,0.989485588819739
535,16.0,7.0,1.0260065007242252,46.0,657.0,46417.0,14.3365916620277,0.5323160584421662,0.9936968608322599
536,16.0,8.0,1.0475827948112368,21.0,740.0,46392.0,42.09435826037929,0.48412795371225115,0.8970778610972387
537,16.0,9.0,1.0245149977023074,35.0,753.0,46406.0,21.481460581298034,0.512798839046305,0.9509679067147934
538,16.0,10.0,0.971583071262676,36.0,704.0,46407.0,18.669046971759652,0.5163326222483481,0.9066247701177846
539,16.0,11.0,1.044934823533461,33.0,798.0,46404.0,40.53856238274946,0.5255913953901723,0.9923305874192959
540,16.0,12.0,1.0136974656174509,37.0,759.0,46408.0,21.919097336200867,0.5215685674873605,0.9473149887848771
541,16.0,13.0,1.0227741379705457,32.0,766.0,46403.0,29.666616904868878,0.5257387135279306,0.9708622926600715
542,16.0,14.0,1.0356333692449904,38.0,494.0,46409.0,13.376450739366502,0.45204007712947725,0.78655737032227
543,16.0,15.0,1.0715373974688025,29.0,503.0,46400.0,17.26782577812805,0.4914983019906456,0.8044839836821774
544,16.0,16.0,1.2249378495407788,47.0,520.0,46418.0,12.906648785582982,0.4344445306054111,0.9997866503608331
545,16.0,17.0,1.2438153484711525,33.0,594.0,46404.0,16.806229077633006,0.5406772942718786,0.9744470929111526
546,16.0,18.0,1.2356778157553976,29.0,591.0,46400.0,18.804438192546908,0.5175265448856904,0.909055195928446
547,16.0,19.0,1.1379098696785828,28.0,607.0,46399.0,19.098189297972624,0.47867140166719147,0.8375273038942251
548,16.0,20.0,1.4048846793311085,54.0,714.0,46425.0,16.405144998817118,0.4594191454662834,0.8663371073452918
549,16.0,21.0,1.0526991520221383,38.0,668.0,46409.0,13.49602036439656,0.5205741480315268,0.9114793059748326
550,16.0,22.0,1.2983942033269238,66.0,545.0,46437.0,8.434292718479842,0.5274408703681297,0.9997892912644775
551,16.0,23.0,1.0839379513312712,31.0,645.0,46402.0,19.77323394438541,0.5101565536340318,0.9035056935400727
552,16.0,24.0,1.0326791475269381,38.0,732.0,46409.0,19.031970287995765,0.5293059030831858,0.9975628648624935
553,16.0,25.0,1.0663749839668013,41.0,694.0,46412.0,21.588546322729197,0.5289185633985654,0.9716203495821
554,16.0,26.0,1.0252926993287552,39.0,814.0,46410.0,23.348366693036038,0.5221016358776438,0.9786697460419805
555,16.0,27.0,1.0264663993966001,38.0,704.0,46409.0,18.86673212802452,0.5266256020198552,0.9322945858575057
556,16.0,28.0,1.0532366709989682,35.0,702.0,46406.0,25.778667711298382,0.5310182774517511,0.9851707528640541
557,16.0,29.0,0.9563161653632216,43.0,588.0,46414.0,14.10619736831796,0.493682871417917,0.8553350425478656
558,16.0,30.0,1.0381845991030187,35.0,694.0,46406.0,22.47219245220997,0.5008048368184961,0.8992677681587965
559,16.0,31.0,1.0458636846442604,33.0,689.0,46404.0,23.344294348815662,0.512388728718298,0.907337895866854
560,16.0,32.0,1.1857859454378632,39.0,761.0,45590.0,27.576712619572806,0.43380516792087376,0.8417832413869424
561,17.0,0.0,1.0267261599208117,39.0,795.0,43023.0,24.164249926591985,0.6424684923864608,0.9996030190057532
562,17.0,1.0,1.0982396617132661,48.0,741.0,43032.0,15.262248727830215,0.5372157048241477,0.9695046723470772
563,17.0,2.0,0.9708645347229365,34.0,781.0,43018.0,21.71450748097801,0.5319461963794067,0.9346791568342293
564,17.0,3.0,1.0212157160225606,26.0,583.0,43010.0,24.535673248383507,0.6191133107899995,0.8498694111363725
565,17.0,4.0,1.0614657107714318,29.0,624.0,43013.0,20.512465893819282,0.5445485984443792,0.8666400440925077
566,17.0,5.0,0.8227240659339736,20.0,363.0,43004.0,17.151674532604883,0.4829776511854956,0.5538498156023864
567,17.0,6.0,0.4046479908897788,43.0,1467.0,43027.0,18.071410369627,0.34527434426011316,0.9885262031095743
568,17.0,7.0,0.5172108064600842,47.0,1404.0,43031.0,15.188736450119626,0.3625218814242809,0.9001398487558407
569,17.0,8.0,0.3817348590356879,58.0,1448.0,43042.0,12.074610076047883,0.34771001400025625,0.9071051097209429
570,17.0,9.0,1.0478893636023319,32.0,762.0,43016.0,26.79513594229714,0.49639610753020247,0.893770104534389
571,17.0,10.0,1.1783146815436565,25.0,669.0,43009.0,23.761862118025547,0.5209412452964602,0.9002609039082274
572,17.0,11.0,1.1971143886957205,26.0,653.0,43010.0,24.688044641954185,0.5043585643822046,0.8700678143291766
573,17.0,12.0,1.0687974617713392,34.0,612.0,43018.0,18.62007922505808,0.5172167137501674,0.9652537450220844
574,17.0,13.0,1.0484685717932927,42.0,758.0,43026.0,22.041556200875544,0.5208257367557216,0.9974882399204827
575,17.0,14.0,1.0196055791691978,32.0,595.0,43016.0,18.994688277351305,0.4594736762828341,0.7842926833074169
576,17.0,15.0,0.8727249963226377,42.0,508.0,43026.0,15.467657344353524,0.45397122867471484,0.7383647170428003
577,17.0,16.0,0.4251412910167053,42.0,634.0,43026.0,20.704727942799643,0.2777925395376324,0.9996907623955312
578,17.0,17.0,0.9968673335895756,48.0,620.0,43032.0,14.168743210115593,0.514571761554374,0.926820758702507
579,17.0,18.0,1.072161829362823,36.0,674.0,43020.0,18.753341476345348,0.5329692794140204,0.9755143048904327
580,17.0,19.0,1.126418714576502,58.0,841.0,43042.0,18.062481633206918,0.5494833731633205,0.9996586158229024
581,17.0,20.0,1.0399299948397476,36.0,721.0,43020.0,20.3958152109542,0.5133424133403415,0.9352199389187608
582,17.0,21.0,1.0206985322912532,45.0,700.0,43029.0,15.232664700107778,0.5273973907841807,0.9772560218693978
583,17.0,22.0,1.0761520299864733,29.0,681.0,43013.0,29.29624956386803,0.5058419921553897,0.928089242621673
584,17.0,23.0,1.0531860753803075,31.0,827.0,43015.0,26.182025492038168,0.5251992534163307,0.9935867641923074
585,17.0,24.0,1.0209930396794245,32.0,784.0,43016.0,24.461944903780036,0.5280692512802074,0.9898876761264772
586,17.0,25.0,1.0680283875200824,24.0,772.0,43008.0,37.409459031414904,0.5233089715971104,0.9825263246448895
587,17.0,26.0,0.9900617604130669,36.0,897.0,43020.0,26.60711728956728,0.5246530048963958,0.9960656149344799
588,17.0,27.0,1.0057681184929745,36.0,645.0,43020.0,17.189884775524842,0.4997543591786342,0.8688078136377025
589,17.0,28.0,0.9978581891252059,53.0,542.0,43037.0,8.866659347228332,0.4014581382338991,0.999600545692018
590,17.0,29.0,1.2535480636461827,53.0,561.0,43037.0,9.918871869758398,0.48081500712501546,0.9968292081079848
591,17.0,30.0,1.2804093806524772,29.0,476.0,43013.0,15.170793571783,0.4026602762207405,0.7516059914462829
592,17.0,31.0,1.1721071979121902,26.0,440.0,43010.0,17.599936009272135,0.35047695934923595,0.6252235908920956
593,17.0,32.0,1.165606764645703,48.0,540.0,42121.0,12.376650812092926,0.38145799764498944,0.9864945574150519
594,18.0,0.0,1.187192803575997,46.0,956.0,42686.0,21.585724798178095,0.48412750539524685,0.9190968411415031
595,18.0,1.0,1.0200148891154948,45.0,728.0,42685.0,17.61872545652252,0.6387552700535503,0.9781247924414451
596,18.0,2.0,1.0322016868870576,30.0,719.0,42670.0,28.520103861554713,0.641659578594123,0.9814136750967142
597,18.0,3.0,0.953395726122059,23.0,690.0,42663.0,28.80088878027071,0.6375645942450134,0.926036319004641
598,18.0,4.0,1.0044161726480134,31.0,720.0,42671.0,24.243355672337554,0.6365814729123739,0.9571859751969556
599,18.0,5.0,1.0386468560125293,31.0,654.0,42671.0,21.09839001605077,0.6333300803365676,0.9429912198693008
600,18.0,6.0,0.36180099965957674,42.0,1414.0,42682.0,16.176177299707494,0.38450196885436216,0.9737367569221456
601,18.0,7.0,0.639279219832583,38.0,878.0,42678.0,12.516649467313446,0.3992791963720891,0.7497016066871827
602,18.0,8.0,0.46529916176258523,36.0,1219.0,42676.0,24.03886998983944,0.4071060850513143,0.9360330516066642
603,18.0,9.0,1.1400635752501969,29.0,649.0,42669.0,21.105912572161916,0.5535880052811164,0.9039722060916726
604,18.0,10.0,1.0439934031243154,19.0,750.0,42659.0,47.1741384213906,0.48035712680638987,0.8780253671570551
605,18.0,11.0,0.9952667880040651,22.0,837.0,42662.0,33.746146496643,0.49416070753981056,0.9104726028179613
606,18.0,12.0,1.0005747839565133,25.0,757.0,42665.0,30.682633956446765,0.5285430814293608,0.890632880406875
607,18.0,13.0,1.0225504898158526,38.0,894.0,42678.0,25.84519953494056,0.502576741051217,0.9764038250193026
608,18.0,14.0,1.0853279922019428,45.0,814.0,42685.0,18.622001298572673,0.5483244965949348,0.9836094012712264
609,18.0,15.0,1.045584998135055,43.0,611.0,42683.0,16.484108651764156,0.4962526401817904,0.8813950567094744
610,18.0,16.0,1.234308645486462,44.0,587.0,42684.0,18.943617425771677,0.5043883646175855,0.9582282403446337
611,18.0,17.0,1.0540709660271579,29.0,711.0,42669.0,24.462732730094093,0.5176252393171862,0.9415639409621629
612,18.0,18.0,1.0661686484880124,47.0,743.0,42687.0,18.478337673529904,0.5411019765516454,0.9748891284614143
613,18.0,19.0,1.0277886509830723,34.0,603.0,42674.0,23.044473708546523,0.46829233973575746,0.8187594702529235
614,18.0,20.0,0.8006330892869482,58.0,993.0,42698.0,19.939268834644864,0.5063141739089295,0.9908970254605686
615,18.0,21.0,1.2016299986055257,58.0,743.0,42698.0,13.094146138479402,0.5401583200472986,0.9996406833932672
616,18.0,22.0,1.0557364271864083,42.0,781.0,42682.0,19.95024533489175,0.5241427295393573,0.9952480875993241
617,18.0,23.0,1.0626468229508925,32.0,737.0,42672.0,28.0666250286418,0.5225047443531231,0.9905733532996793
618,18.0,24.0,1.012200143682761,33.0,837.0,42673.0,25.8592339539353,0.5074051097646106,0.9724226136565917
619,18.0,25.0,1.0577447864362686,39.0,647.0,42679.0,19.10505199691288,0.4983238314473155,0.8975735263886546
620,18.0,26.0,1.1808819267357267,40.0,758.0,42680.0,19.03896774162234,0.5454466431454378,0.9997208983791226
621,18.0,27.0,1.3348477851171718,63.0,713.0,42703.0,12.11665811492789,0.5082863444516619,0.9921777955317787
622,18.0,28.0,0.9670882407111776,26.0,743.0,42666.0,29.69996413337691,0.5145132243489179,0.95799727324498
623,18.0,29.0,1.0473846827404345,37.0,651.0,42677.0,17.377089479818533,0.4878871006925395,0.8792404321987092
624,18.0,30.0,1.0680469571835363,54.0,720.0,42694.0,15.656059059925546,0.5231128862847523,0.9979219627236264
625,18.0,31.0,1.0829373791910344,39.0,737.0,42679.0,23.826157653968238,0.5196920041538082,0.989499520837492
626,18.0,32.0,1.0571509548855644,43.0,702.0,41989.0,19.94335262594442,0.51804491019215,0.9987891149805131
627,19.0,0.0,1.0216385210870553,36.0,677.0,27861.0,20.27246338144595,0.6390588486040286,0.9724899980670855
628,19.0,1.0,0.9835794431695666,37.0,754.0,27135.0,19.99181229308593,0.640387072635813,0.9811915867272837
629,19.0,2.0,1.0041347855839642,38.0,665.0,24156.0,18.513688194120313,0.642435095385295,0.9780312681757966
630,19.0,3.0,0.9390102166600318,38.0,660.0,21718.0,16.531285445267667,0.6328337532626027,0.905194728534973
631,19.0,4.0,1.0230351120958134,39.0,646.0,28460.0,17.734613758615115,0.6263957489082745,0.9218422574566081
632,19.0,5.0,1.0355256281538958,27.0,743.0,30034.0,37.257614765303366,0.6371053529677984,0.976008710279703
633,19.0,6.0,1.001944266292409,32.0,679.0,26327.0,23.290120095842354,0.6416209758361635,0.9569870591098766
634,19.0,7.0,0.9909724804699351,48.0,795.0,36013.0,16.188878022383225,0.6363518847196439,0.9939647910337671
635,19.0,8.0,1.0631726537873143,29.0,610.0,22793.0,29.216608758461888,0.6275622139235495,0.8864850155025263
636,19.0,9.0,1.0397184890025826,42.0,662.0,23540.0,16.70238922714516,0.6303388594182954,0.9564384876314527
637,19.0,10.0,1.074003421921145,35.0,615.0,23153.0,26.92204985056078,0.6276803894027616,0.8971993084381982
638,19.0,11.0,1.0487617335778057,33.0,569.0,21762.0,23.53329252761512,0.6253400583475832,0.9029827033764244
639,19.0,12.0,1.0687552355497143,48.0,587.0,26288.0,12.714271969972646,0.6466991677481966,0.7874378335914873
640,19.0,13.0,1.0291362618316218,25.0,696.0,25776.0,43.788730044257726,0.6320602265594742,0.9586386442069894
641,19.0,14.0,1.0190230540197016,34.0,624.0,24066.0,20.595397354915693,0.6270771646054395,0.8842276919755165
642,19.0,15.0,1.0274828955139799,36.0,733.0,24902.0,22.641642314611797,0.49641127261501417,0.8884818187830631
643,19.0,16.0,0.5193131102344508,35.0,639.0,64169.0,25.241626091732673,0.2733785765849218,0.9942346749965274
644,19.0,17.0,1.100057140611086,40.0,557.0,25195.0,12.171170106003014,0.5385479637450612,0.826571903700046
645,19.0,18.0,1.0150968731204404,45.0,538.0,27446.0,15.366645499304854,0.48564347529254515,0.8397302080611374
646,19.0,19.0,1.4840961051688084,87.0,764.0,51687.0,12.709774228180867,0.5451759774290352,0.9998957054801414
647,19.0,20.0,1.0357959402389438,30.0,724.0,29817.0,18.267658146126706,0.5252114540135737,0.8924329209488786
648,19.0,21.0,1.2406798609870384,68.0,867.0,56267.0,11.132801550581332,0.5934824423326968,0.9997523494118575
649,19.0,22.0,0.8634233903099114,32.0,1026.0,48719.0,25.05551177482471,0.5077624184183349,0.9933373794504297
650,19.0,23.0,0.8171259554989919,42.0,1036.0,57494.0,19.672104968870094,0.504076642351903,0.9996717625602267
651,19.0,24.0,1.0061647230440667,24.0,568.0,40457.0,36.52489311977895,0.424709890023768,0.9996624772916405
652,19.0,25.0,1.0665222215950334,39.0,718.0,29367.0,19.84812976318702,0.5213664190891014,0.9528549423346497
653,19.0,26.0,1.057607050451139,32.0,743.0,30613.0,28.405514649139036,0.5311481932110157,0.959365395392196
654,19.0,27.0,1.1886582769478753,43.0,808.0,49819.0,17.055805730864584,0.619219454514114,0.9997290341202758
655,19.0,28.0,0.8548221812574528,29.0,901.0,49926.0,27.30829435840407,0.5126286382308738,0.9996478509476878
656,19.0,29.0,1.067938566345831,37.0,806.0,43356.0,20.016259572442763,0.5083312499382597,0.9335491598660991
657,19.0,30.0,1.4338098104657524,52.0,588.0,30330.0,12.854486757353275,0.5522734325892411,0.9810026565169186
658,19.0,31.0,1.0564257959314247,33.0,845.0,35043.0,46.622097176320835,0.5143650133019932,0.9554337589747325
659,19.0,32.0,1.0408154016158333,37.0,735.0,34553.0,20.13003188813946,0.5188053082637873,0.9303642846586906
660,20.0,0.0,1.0252973919694224,23.0,681.0,20410.0,28.582501908064316,0.6384774236128217,0.9531414638145135
661,20.0,1.0,1.0218384385277415,37.0,539.0,20424.0,14.601644059928702,0.6121320208338663,0.8281529486183259
662,20.0,2.0,1.006467809326404,25.0,499.0,20412.0,16.408303607024703,0.5534852734180447,0.6202873208466813
663,20.0,3.0,1.0133164901197873,35.0,623.0,20422.0,20.411612117725838,0.6358747689816995,0.9132986514179241
664,20.0,4.0,0.9764320692007848,27.0,607.0,20414.0,23.797183770679975,0.6262375006658125,0.8827835741284557
665,20.0,5.0,0.8043203550847041,23.0,341.0,20410.0,15.044411659352702,0.4049318424129381,0.48294457446330663
666,20.0,6.0,1.0158407436436399,32.0,709.0,20419.0,23.012473139446048,0.6401213120810767,0.9747742443119283
667,20.0,7.0,1.0381229236114016,39.0,733.0,20426.0,22.353508203283628,0.6380052930868698,0.9874652835500234
668,20.0,8.0,1.0117806936433802,31.0,720.0,20418.0,22.98807005795986,0.6345407372314736,0.9623296276235481
669,20.0,9.0,1.1261501818098938,60.0,485.0,20447.0,18.73603526972338,0.6316626492937878,0.7717836599092522
670,20.0,10.0,0.7163159224699337,51.0,937.0,20438.0,16.068736120329028,0.5892871492805551,0.9391958551393185
671,20.0,11.0,1.0005420659850834,53.0,712.0,20440.0,15.406235359884079,0.6443173877596073,0.9624824094273982
672,20.0,12.0,1.014051782218256,34.0,749.0,20421.0,22.331416593840753,0.6434464879470023,0.9789977965790497
673,20.0,13.0,0.9689674542343318,35.0,600.0,20422.0,18.12003794987854,0.6073867126738004,0.7718847758580032
674,20.0,14.0,0.963823898727239,27.0,477.0,20414.0,21.944379957845598,0.5263600635459176,0.6376584220915927
675,20.0,15.0,1.2026158460955099,44.0,678.0,20431.0,15.547829811724206,0.5933402160851955,0.9349495718624006
676,20.0,16.0,1.0934671957725186,43.0,543.0,20430.0,16.438957668451895,0.6245380370080952,0.8648970232841924
677,20.0,17.0,1.0282477360187965,41.0,640.0,20428.0,16.754613353284267,0.6261899881302859,0.8924701742773202
678,20.0,18.0,1.0335500436059666,49.0,718.0,20436.0,14.672212104266848,0.6392697162825269,0.9708616423573402
679,20.0,19.0,1.321377733646824,64.0,654.0,20451.0,10.599718714633402,0.5469268217188512,0.9232824202418364
680,20.0,20.0,1.0469043605062116,27.0,616.0,20414.0,39.866515689605045,0.6260016344355828,0.8749244916754645
681,20.0,21.0,0.9301775586397224,29.0,562.0,20416.0,22.238051020533202,0.6026037529846597,0.7586533636143319
682,20.0,22.0,1.0668204311540666,34.0,595.0,20421.0,22.48005297565152,0.6354721804176702,0.9276291924499475
683,20.0,23.0,0.9318988156088092,25.0,541.0,20412.0,26.44436437425343,0.5494107006689336,0.6918333721488383
684,20.0,24.0,1.0015079184762996,38.0,612.0,20425.0,16.67963657970073,0.6222031899198419,0.8647271953283249
685,20.0,25.0,0.7024277167418218,51.0,793.0,20438.0,15.46675319488618,0.3957880515636145,0.9996700687198296
686,20.0,26.0,0.9435350831261038,32.0,689.0,20419.0,21.265851669706247,0.6398765244979672,0.9389892763872263
687,20.0,27.0,0.9798570579736423,41.0,758.0,20428.0,17.65472462186489,0.6422578851645553,0.9874104269965709
688,20.0,28.0,1.0483577177621464,24.0,712.0,20411.0,34.24596844212291,0.6320521540708892,0.9257702847605367
689,20.0,29.0,1.0051696831078483,37.0,713.0,20424.0,19.47961934677374,0.6358980289505861,0.9816511108737627
690,20.0,30.0,0.883879222617639,39.0,657.0,20426.0,14.213245126153282,0.487854687437173,0.9997167731198522
691,20.0,31.0,1.007518396816254,23.0,668.0,20410.0,28.308293997976737,0.6247205416268597,0.9351560057515457
692,20.0,32.0,0.9965089682692919,18.0,588.0,20141.0,31.99994428581888,0.6024886163124618,0.7792251485486168
693,21.0,0.0,1.0107284948593338,34.0,751.0,21535.0,22.6713411190552,0.6452356829564656,0.9992737715143205
694,21.0,1.0,1.0605657492744016,32.0,645.0,21533.0,23.864000579294043,0.6338088886046234,0.9703186539259128
695,21.0,2.0,1.0436168989546633,33.0,591.0,21534.0,20.33886130722192,0.623839559922351,0.8380037707955064
696,21.0,3.0,1.0286278209156259,34.0,706.0,21535.0,21.42960586258235,0.6419751745277895,0.992174573556423
697,21.0,4.0,1.0992211961680645,52.0,746.0,21553.0,16.615810858010768,0.6578586581653829,0.9622179299525766
698,21.0,5.0,1.0697189209236266,44.0,770.0,21545.0,19.400704969617166,0.6977676282505332,0.9996960277183956
699,21.0,6.0,1.198783802791589,50.0,687.0,21551.0,19.023879605001287,0.6695293394243045,0.9308682820182913
700,21.0,7.0,1.0655662336392577,34.0,682.0,21535.0,30.055497963088985,0.6236621776569368,0.934002136009485
701,21.0,8.0,1.0107895220074734,34.0,638.0,21535.0,18.19581629637143,0.6399465512564392,0.936853164165433
702,21.0,9.0,1.3167121965737056,47.0,607.0,21548.0,14.466955447486649,0.5387562592975387,0.9523077485772212
703,21.0,10.0,1.0629610935263094,40.0,699.0,21541.0,21.883891645485015,0.6535954661246085,0.9331355228142171
704,21.0,11.0,1.0354369785327697,41.0,639.0,21542.0,17.6349019395542,0.6307364572505432,0.905942729232367
705,21.0,12.0,0.9896195869926749,32.0,681.0,21533.0,20.545613799056483,0.6243128486005085,0.8820895333517488
706,21.0,13.0,1.0265638809206754,41.0,648.0,21542.0,21.5871471896042,0.6314052024752561,0.9562775475479345
707,21.0,14.0,1.1113314025633656,32.0,589.0,21533.0,16.85414276392877,0.4886880697002288,0.8006092649894228
708,21.0,15.0,1.05011647021547,31.0,691.0,21532.0,22.845212442101996,0.6339172860072684,0.968569541918782
709,21.0,16.0,0.974107274610553,31.0,589.0,21532.0,19.719166587980286,0.5900855816226014,0.7714312280865506
710,21.0,17.0,1.041821060470729,42.0,627.0,21543.0,15.798590592237698,0.6615422562009223,0.9126923087513417
711,21.0,18.0,1.03019803816452,32.0,719.0,21533.0,22.043496578135446,0.6371915205773233,0.9685367805696323
712,21.0,19.0,0.953920589616019,25.0,675.0,21526.0,29.24995076399053,0.6347916593291979,0.9429734868967613
713,21.0,20.0,0.943306652518567,24.0,688.0,21525.0,27.345993882448223,0.6216751182975115,0.8598680551102509
714,21.0,21.0,1.0199023880603346,44.0,690.0,21545.0,17.094186376541675,0.635499267042138,0.9712509971734962
715,21.0,22.0,1.0245904595895192,31.0,648.0,21532.0,20.58410518883852,0.634412069272694,0.9579863853142442
716,21.0,23.0,0.8941363102879494,30.0,504.0,21531.0,16.61839760218915,0.5268485894896782,0.6364248353614941
717,21.0,24.0,1.056018337416857,43.0,730.0,21544.0,20.363224750245752,0.6320905082985033,0.9533004043385065
718,21.0,25.0,0.9896197817804893,33.0,778.0,21534.0,22.37352490756886,0.6388091506175606,0.9827979200497732
719,21.0,26.0,1.038078623735422,35.0,538.0,21536.0,21.466629493405378,0.5918338649506499,0.830056359231557
720,21.0,27.0,1.0399521212357428,35.0,658.0,21536.0,19.576698992036857,0.6354935476415395,0.9630331588428385
721,21.0,28.0,0.9827025921131121,32.0,765.0,21533.0,22.652755949482458,0.6455120711673846,0.9774366239786655
722,21.0,29.0,0.9780734588228047,27.0,509.0,21528.0,18.619022607748743,0.5905806372437294,0.7137915845753608
723,21.0,30.0,0.5894860286413526,17.0,275.0,21518.0,12.363615048253934,0.35266477715263045,0.4206619270489509
724,21.0,31.0,0.9031671485647081,23.0,676.0,21524.0,40.430691935457574,0.6139926433013942,0.8090693245141461
725,21.0,32.0,1.0202083888035678,42.0,515.0,21229.0,12.324849655070507,0.5974376919922677,0.689184565428459
726,22.0,0.0,0.8591114926803721,88.0,1158.0,21145.0,8.797140555493156,0.39932607257295827,0.9997891793269722
727,22.0,1.0,0.6256347058476109,51.0,1138.0,21108.0,14.604529282999616,0.5458597879960554,0.9732094563970721
728,22.0,2.0,0.5574748060175359,28.0,1085.0,21085.0,24.277743454681257,0.5358453017879776,0.9875334259689563
729,22.0,3.0,1.0086281414299982,49.0,830.0,21106.0,14.700765323030957,0.6531291772664307,0.9912534438303956
730,22.0,4.0,1.0959193284793876,27.0,749.0,21084.0,31.27643767184398,0.6503976039129393,0.9663577167973001
731,22.0,5.0,1.1869965146091812,49.0,748.0,21106.0,13.336494601211959,0.6445753275924024,0.9996447563189308
732,22.0,6.0,0.9621894823818926,39.0,734.0,21096.0,20.094167409544557,0.6323311932421485,0.9603016987992319
733,22.0,7.0,1.3949198430919627,64.0,477.0,21121.0,9.673970408161226,0.5949969502437642,0.7819785412571229
734,22.0,8.0,1.0124077111551917,19.0,540.0,21076.0,24.141611052930298,0.5719850732736156,0.7741234121646902
735,22.0,9.0,1.034793613122901,36.0,670.0,21093.0,18.666649341581138,0.6391409468318789,0.9791600935806666
736,22.0,10.0,1.012272380395692,33.0,630.0,21090.0,18.83821610620654,0.6361123375576228,0.9744269430246111
737,22.0,11.0,1.044346889763863,32.0,587.0,21089.0,18.94535706221829,0.6331885144730893,0.9564509779407996
738,22.0,12.0,0.9591287909463263,37.0,731.0,21094.0,18.668672219050645,0.6461302472855913,0.9884335550758175
739,22.0,13.0,0.9872630870711219,29.0,760.0,21086.0,25.069418794394398,0.6448611494397878,0.9469572442474118
740,22.0,14.0,1.0120990526618705,38.0,752.0,21095.0,18.99285462922733,0.6438213841785045,0.9731875698236553
741,22.0,15.0,1.0586346353659633,38.0,632.0,21095.0,21.599042806406697,0.6369423221116661,0.9624179709125611
742,22.0,16.0,1.0414642954085773,32.0,591.0,21089.0,22.82218642969326,0.6288142315702613,0.9272126904445618
743,22.0,17.0,0.9812496225228051,28.0,548.0,21085.0,23.659262505493796,0.6003353031015394,0.8010472007671688
744,22.0,18.0,1.0166206641768847,41.0,747.0,21098.0,18.855904102360523,0.640596711854574,0.9996714279021203
745,22.0,19.0,0.9821345556919661,39.0,793.0,21096.0,21.31545601883617,0.6478082656132607,0.9963880465409387
746,22.0,20.0,1.0098211700562354,33.0,726.0,21090.0,22.4874090419939,0.639446362413668,0.997177284876574
747,22.0,21.0,1.0060815225421065,34.0,650.0,21091.0,21.043763265244763,0.6356795968338793,0.918748970842803
748,22.0,22.0,0.9968768871443272,33.0,757.0,21090.0,22.684959556840514,0.6413511143508026,0.9920132649711303
749,22.0,23.0,0.8299093455976833,28.0,438.0,21085.0,14.455532900055777,0.5526489499030907,0.6062725234245
750,22.0,24.0,1.0319636576040543,36.0,740.0,21093.0,20.46098830790267,0.6421755105385928,0.9856004416604612
751,22.0,25.0,1.0575383793069146,28.0,746.0,21085.0,37.5343027583013,0.6331083897872527,0.9729250067799675
752,22.0,26.0,1.0213421339089144,32.0,709.0,21089.0,22.179341844849205,0.6372761007866964,0.9437146584197986
753,22.0,27.0,1.0364370561340455,36.0,775.0,21093.0,21.820349564167856,0.635960034528045,0.9877086154988753
754,22.0,28.0,1.0647745546439613,43.0,648.0,21100.0,17.32080898511098,0.5062776135643438,0.9967577576733689
755,22.0,29.0,1.1717084716114574,52.0,600.0,21109.0,10.80379548429883,0.5999150350007731,0.9836448058119037
756,22.0,30.0,1.0273778944618308,33.0,617.0,21090.0,20.25947793332566,0.6254254007280065,0.9370262303211581
757,22.0,31.0,0.7316243194265535,90.0,952.0,21147.0,16.9729919855195,0.4136708631177122,0.9998187328180794
758,22.0,32.0,1.1578484654884746,39.0,575.0,20761.0,13.703047734639089,0.5878812359601902,0.8744645342662309
759,23.0,0.0,1.0764932222422328,43.0,700.0,29215.0,25.53081771501172,0.6323595492573009,0.9909279459091975
760,23.0,1.0,0.6712860177043469,39.0,432.0,29211.0,7.696424152851347,0.5103185001552915,0.5002843887763808
761,23.0,2.0,1.185278852335141,54.0,723.0,29226.0,13.209641077783768,0.6306577179771038,0.9995755145842313
762,23.0,3.0,1.0388986535243674,39.0,846.0,29211.0,22.305867601995,0.6345489226607361,0.990250117839138
763,23.0,4.0,1.0478814947905843,49.0,787.0,29221.0,14.5768393056067,0.6539792254109892,0.9860985127937238
764,23.0,5.0,1.0863285318468692,29.0,685.0,29201.0,20.092918728063957,0.643402172789167,0.8740739607289454
765,23.0,6.0,1.0269963963671647,41.0,808.0,29213.0,19.439016351153114,0.6325021944272209,0.9994522049996074
766,23.0,7.0,1.037941859603056,42.0,704.0,29214.0,22.391595420753646,0.6381278580425349,0.9980417154992122
767,23.0,8.0,1.0617169057058224,48.0,732.0,29220.0,21.143179936884597,0.6296737341798381,0.9995775749138186
768,23.0,9.0,1.014884159551691,44.0,601.0,29216.0,15.90009418319619,0.6240277040451835,0.9146748771100486
769,23.0,10.0,1.285589259013172,47.0,505.0,29219.0,12.818835210070795,0.5317720983146568,0.8626658538734008
770,23.0,11.0,0.9772940898076945,28.0,473.0,29200.0,19.74669092592146,0.5813581878948235,0.6943609199485665
771,23.0,12.0,1.119369435768446,47.0,728.0,29219.0,16.591227702976962,0.6448803867163039,0.9968956239001531
772,23.0,13.0,1.1444173256375132,49.0,690.0,29221.0,15.125190637654779,0.6469272501806118,0.9720218777705552
773,23.0,14.0,1.322233754008087,65.0,634.0,29237.0,11.362684139294235,0.6238176538430257,0.9427961457189727
774,23.0,15.0,1.0650565455794092,32.0,654.0,29204.0,15.665532819239896,0.5976224679530154,0.8406124178795263
775,23.0,16.0,1.0924229733430497,41.0,821.0,29213.0,20.15342399139412,0.6273995200535377,0.9996069330897985
776,23.0,17.0,1.3276498448307996,39.0,695.0,29211.0,46.11802118061174,0.5909137440088466,0.9578241225439414
777,23.0,18.0,0.9886900704678673,44.0,754.0,29216.0,16.29363992032745,0.6303132071591839,0.9703447510975702
778,23.0,19.0,1.0178099724964664,23.0,619.0,29195.0,26.811071016733113,0.6296586182183831,0.9276740567988526
779,23.0,20.0,0.9980460192752301,39.0,779.0,29211.0,20.223465677582183,0.6358037286027616,0.9521634499428637
780,23.0,21.0,1.0338071981451988,47.0,695.0,29219.0,16.976173653648104,0.6454302661953975,0.9790697881531165
781,23.0,22.0,1.0414188042001977,33.0,663.0,29205.0,20.945074178732067,0.6365259941975002,0.9227254759648688
782,23.0,23.0,1.0186290604368364,41.0,576.0,29213.0,15.330208750264731,0.6245496621379201,0.8470725736557772
783,23.0,24.0,0.9773707518244135,32.0,693.0,29204.0,24.068480592568637,0.6451418812203311,0.9808319066627124
784,23.0,25.0,0.8694538663769593,32.0,526.0,29204.0,27.301406778761105,0.5286682109645726,0.6436067952258726
785,23.0,26.0,1.02474585480932,36.0,736.0,29208.0,20.985943537737505,0.6437559071746063,0.9875740765921754
786,23.0,27.0,1.0381670537354373,40.0,677.0,29212.0,17.27194258032853,0.6360762447623974,0.9933508135969571
787,23.0,28.0,0.9937841420315412,29.0,826.0,29201.0,28.4721868146993,0.6400125637338675,0.989080190681338
788,23.0,29.0,1.0132452216685488,37.0,761.0,29209.0,21.710295326777082,0.6393717256720878,0.9968232196401793
789,23.0,30.0,1.0158452966648426,34.0,678.0,29206.0,19.43649022228667,0.6295923705193669,0.9363457235030531
790,23.0,31.0,1.0389261789817015,42.0,729.0,29214.0,19.95846469000485,0.6404715366078895,0.9928114812693525
791,23.0,32.0,1.0203512102012118,27.0,654.0,28858.0,27.464238399333286,0.6072136157042213,0.8080179025807502
792,24.0,0.0,1.0146646429114348,28.0,774.0,33222.0,34.94438171309927,0.6333768387407113,0.9366385416986479
793,24.0,1.0,1.0211436606531867,30.0,726.0,33224.0,26.222186358080112,0.6297275030430389,0.9244864199785334
794,24.0,2.0,1.0306391678591793,46.0,768.0,33240.0,18.12931785606623,0.6387504019578241,0.98581758749736
795,24.0,3.0,1.0628429077862969,33.0,682.0,33227.0,17.805527116230728,0.6391221718226933,0.964718370562084
796,24.0,4.0,1.0511837499024306,57.0,678.0,33251.0,12.20414869172002,0.6441778555129862,0.9995708271172112
797,24.0,5.0,1.1128251401489762,58.0,637.0,33252.0,10.061410576451882,0.6462194162697505,0.9641964183849023
798,24.0,6.0,1.0079663332213364,37.0,635.0,33231.0,22.25181419535102,0.6439626625585402,0.9208412621582148
799,24.0,7.0,1.023710636424754,36.0,718.0,33230.0,19.258316996889512,0.6496350100607675,0.9668984749042789
800,24.0,8.0,1.0272920240417083,30.0,724.0,33224.0,28.143816005063368,0.6441934812386488,0.9158526708916611
801,24.0,9.0,1.055411384521855,49.0,726.0,33243.0,13.485342750754008,0.6765566718048115,0.9943208899325601
802,24.0,10.0,0.9703085304930753,39.0,645.0,33233.0,16.936490155919145,0.6045438529416642,0.8109970091598349
803,24.0,11.0,1.0539838132215833,45.0,688.0,33239.0,17.37960337364136,0.6387679921867044,0.9923193815888539
804,24.0,12.0,1.0523560655726987,42.0,423.0,33236.0,10.268670401438303,0.6164976110331155,0.6113950128504839
805,24.0,13.0,1.0753801019090787,37.0,587.0,33231.0,18.17330299850014,0.6318674267093264,0.9349056779957475
806,24.0,14.0,0.9523733394934072,33.0,310.0,33227.0,14.131191026849649,0.35508448096450707,0.4759409155819848
807,24.0,15.0,1.0319236376630097,36.0,617.0,33230.0,17.936450457599985,0.631829221067661,0.9430572762915818
808,24.0,16.0,1.0237450090096076,37.0,770.0,33231.0,20.374056304954966,0.6415803613091944,0.9909865952491406
809,24.0,17.0,1.025542377046394,26.0,711.0,33220.0,27.056741960124203,0.6323380224557231,0.9616974551522791
810,24.0,18.0,1.038530104665831,41.0,626.0,33235.0,19.199973794915987,0.6108054709580606,0.818292316847328
811,24.0,19.0,1.0279066479832308,33.0,856.0,33227.0,20.330326507477423,0.646237750879955,0.965899417526227
812,24.0,20.0,0.9956877237945996,35.0,568.0,33229.0,13.92631332979115,0.5961779652994892,0.7263121644834238
813,24.0,21.0,1.0429525487330398,35.0,725.0,33229.0,20.683692800574807,0.6391421605883969,0.9987192800296877
814,24.0,22.0,1.0368045610299494,39.0,751.0,33233.0,19.509242600324026,0.6336059677502146,0.9996341759043863
815,24.0,23.0,1.0644790560089272,37.0,651.0,33231.0,25.81995319710194,0.6376074331889297,0.9938323814356663
816,24.0,24.0,1.2913822598773603,58.0,590.0,33252.0,15.480922145760337,0.5701998922985136,0.9075003247077054
817,24.0,25.0,1.500865840758674,69.0,566.0,33263.0,12.162471458781004,0.6341761043964597,0.8828809497024594
818,24.0,26.0,1.0269370960721138,38.0,779.0,33232.0,20.156548526781688,0.6437615419874931,0.9893548829423094
819,24.0,27.0,1.0136497337471888,26.0,745.0,33220.0,27.59917348596362,0.6387049780665776,0.9995988845877193
820,24.0,28.0,1.0084722092275298,33.0,741.0,33227.0,25.539002082784616,0.6395745556386454,0.9721188843338379
821,24.0,29.0,1.0433764357547601,35.0,734.0,33229.0,22.43623181175042,0.6394353180676897,0.9990302631836903
822,24.0,30.0,1.0321693092171833,32.0,769.0,33226.0,27.018523521588282,0.6364421031734406,0.9885814295231183
823,24.0,31.0,1.0046482940962698,34.0,827.0,33228.0,25.247743381270993,0.6438865361519732,0.9995786677448284
824,24.0,32.0,0.9135992006875194,26.0,905.0,32926.0,39.92942986682935,0.6162350618797511,0.9611113313672922
825,25.0,0.0,0.9483700743192505,35.0,770.0,33437.0,21.16942558034232,0.6435190936477702,0.9992062423305346
826,25.0,1.0,0.9837479621470289,26.0,763.0,33428.0,21.717234756626915,0.6465498308301432,0.9885983610837713
827,25.0,2.0,1.0380088592591528,27.0,681.0,33429.0,25.59520516444562,0.6401133285974396,0.9987653898904858
828,25.0,3.0,1.021523121663293,35.0,693.0,33437.0,25.146155802777773,0.6437680403512132,0.9536127574651674
829,25.0,4.0,1.0059659860136303,24.0,527.0,33426.0,24.794397562139466,0.6205932097621092,0.785075833996906
830,25.0,5.0,0.9908749271839349,35.0,670.0,33437.0,23.72803005548994,0.6389575270182022,0.9258271677382821
831,25.0,6.0,1.0442148631273935,38.0,592.0,33440.0,25.498397037142514,0.6140991676448213,0.8269557435584002
832,25.0,7.0,1.0369073351373126,42.0,763.0,33444.0,21.557574254047278,0.632338088466925,0.9832925864406399
833,25.0,8.0,1.1031413449258918,43.0,738.0,33445.0,17.551119506874713,0.6232615015097135,0.9691739248756396
834,25.0,9.0,0.9409153853617909,29.0,784.0,33431.0,20.64372805158608,0.6404246709824717,0.9684430150141671
835,25.0,10.0,1.1864306183348043,24.0,600.0,33426.0,41.869046413882316,0.6137897840351529,0.9316437561061468
836,25.0,11.0,0.507564863601187,50.0,702.0,33452.0,11.754434431922327,0.28481224627373214,0.9997120773559288
837,25.0,12.0,1.3669513228578842,69.0,780.0,33471.0,14.497857251465986,0.7108689864426075,0.9996730192456426
838,25.0,13.0,0.6618567848149182,26.0,434.0,33428.0,12.813876384504029,0.5259769127609091,0.5044608361545522
839,25.0,14.0,1.0109333145301325,31.0,776.0,33433.0,26.262790444236852,0.658608164801353,0.9995293877704067
840,25.0,15.0,1.0915022274123116,51.0,711.0,33453.0,16.15618558905489,0.6530951243684713,0.9788172680575551
841,25.0,16.0,1.1619699341560037,46.0,651.0,33448.0,14.669135835761853,0.6314334293377197,0.9996619738221579
842,25.0,17.0,1.2025229357560852,28.0,568.0,33430.0,20.629124792464594,0.6068606410003333,0.9536123266100549
843,25.0,18.0,1.0330242297195122,34.0,585.0,33436.0,16.718503418944326,0.6495611774409696,0.9330963589457834
844,25.0,19.0,1.0817177722874165,49.0,515.0,33451.0,12.474881243959214,0.6287111003311521,0.8586575434666813
845,25.0,20.0,1.0149250117437285,26.0,535.0,33428.0,20.374974461840313,0.6056674929308953,0.8168137438168488
846,25.0,21.0,1.0017613296759653,39.0,802.0,33441.0,20.498201516354424,0.6328874412155785,0.9996152754464329
847,25.0,22.0,0.9888075326964718,32.0,744.0,33434.0,23.94858320391518,0.6421229291016364,0.9996057225544789
848,25.0,23.0,0.9603110691719723,40.0,889.0,33442.0,21.547603108134055,0.6417933202578826,0.9995661897560261
849,25.0,24.0,1.0393218521073706,35.0,685.0,33437.0,22.73753517428467,0.6417773708283991,0.9886124437955635
850,25.0,25.0,0.4144562767889389,46.0,916.0,33448.0,22.242114668464673,0.2877489039128188,0.999702310898823
851,25.0,26.0,0.9723039977949731,31.0,746.0,33433.0,23.815990976917533,0.6450463830603197,0.9894047414237344
852,25.0,27.0,1.0574208500765903,32.0,725.0,33434.0,37.3610273150203,0.6356187169746058,0.9792111745007489
853,25.0,28.0,1.0314532642577539,36.0,742.0,33438.0,22.16862631888431,0.6432275171476269,0.9968320650968384
854,25.0,29.0,0.6804852003515202,25.0,466.0,33427.0,14.166652458348759,0.4442778348285892,0.505645984326887
855,25.0,30.0,1.0390306263677405,34.0,809.0,33436.0,27.20631400987755,0.6439448249240598,0.9995737140214769
856,25.0,31.0,1.318320975641937,44.0,724.0,33446.0,16.722205184322036,0.6161551345893359,0.9816886310422962
857,25.0,32.0,1.0247855624359392,38.0,763.0,33134.0,25.423041076651582,0.6411968506533052,0.9970812246541032
858,26.0,0.0,0.780127220797458,42.0,868.0,24742.0,12.539987042522027,0.4842293767120006,0.8707361522378501
859,26.0,1.0,0.4401979685006526,33.0,1303.0,24733.0,19.64088706986244,0.4153144649867849,0.9556387021839602
860,26.0,2.0,1.070706770864835,47.0,931.0,24747.0,14.412060977362882,0.5763348668085042,0.9649795938089496
861,26.0,3.0,1.0393248798010752,36.0,746.0,24736.0,21.212587176842884,0.6619543929869935,0.9985582799038994
862,26.0,4.0,1.0199956397958347,37.0,700.0,24737.0,18.466650603307244,0.6510145455146006,0.9774872642335939
863,26.0,5.0,0.4871274694586035,72.0,814.0,24772.0,11.787232916909302,0.3377517291450157,0.9997866604179622
864,26.0,6.0,1.0242027384196013,49.0,684.0,24749.0,14.224084066502504,0.6340028231925714,0.9806940798592675
865,26.0,7.0,1.004412005486903,38.0,666.0,24738.0,17.829203335283037,0.642931151629844,0.9776014438691834
866,26.0,8.0,1.0127532776414427,34.0,709.0,24734.0,15.892841492363994,0.6392087387850421,0.9824987132584493
867,26.0,9.0,1.0231515591433473,33.0,624.0,24733.0,19.609826274062453,0.654455590039597,0.9565985275919717
868,26.0,10.0,0.9871641843861318,21.0,502.0,24721.0,22.64811622432657,0.5717743165414063,0.7262285398643322
869,26.0,11.0,1.0209761144456089,21.0,581.0,24721.0,30.820449304882107,0.6003400551460911,0.7731824214042619
870,26.0,12.0,1.0226279208467481,38.0,654.0,24738.0,19.749976041700304,0.6331213771904295,0.9381444577783122
871,26.0,13.0,1.0277538831139825,24.0,696.0,24724.0,29.7862801274028,0.6320542346266116,0.975139331131157
872,26.0,14.0,1.0478911520828817,31.0,699.0,24731.0,29.380901818691328,0.6319037206622298,0.9881933982871339
873,26.0,15.0,1.0573710324965622,32.0,717.0,24732.0,24.30684904723789,0.6327784014800885,0.9509151618598914
874,26.0,16.0,1.326664963453327,57.0,713.0,24757.0,12.25581820217618,0.6193827823626491,0.9750035161809278
875,26.0,17.0,1.0112366166306608,31.0,739.0,24731.0,28.8754403767807,0.6339600101440341,0.9605804142445056
876,26.0,18.0,1.0110515789327605,47.0,726.0,24747.0,14.815619228405303,0.6411379169902498,0.9944990813146081
877,26.0,19.0,1.0102291762218225,49.0,714.0,24749.0,13.27407138994839,0.6468847254664256,0.9996040138271851
878,26.0,20.0,0.5903897298575509,61.0,810.0,24761.0,15.52855636611451,0.34830890568339445,0.999724456713903
879,26.0,21.0,1.1419645567289405,71.0,775.0,24771.0,8.291096222976181,0.6666640741373222,0.9928922276750499
880,26.0,22.0,0.9745490748261734,29.0,717.0,24729.0,24.286082076659785,0.6467544429237715,0.9611300519738332
881,26.0,23.0,1.0135971360793137,23.0,663.0,24723.0,27.696788916225703,0.6307628946521358,0.9003561898507911
882,26.0,24.0,1.052430893815836,32.0,665.0,24732.0,26.052340570479384,0.6300256964634001,0.9543780929255069
883,26.0,25.0,1.3496669239336765,72.0,608.0,24772.0,11.030050511222768,0.6300972234655,0.9858613912870653
884,26.0,26.0,0.95332929621184,38.0,852.0,24738.0,21.78469667279891,0.6658704647223166,0.9994194631516956
885,26.0,27.0,1.0385222388904882,27.0,704.0,24727.0,26.984091511766934,0.630319890805567,0.9830753855377948
886,26.0,28.0,1.0153658571793311,31.0,663.0,24731.0,21.80144473997863,0.6385447488538893,0.9653449672198077
887,26.0,29.0,1.0160378255155766,27.0,786.0,24727.0,29.92588823050454,0.6382202739840557,0.9995987312795876
888,26.0,30.0,1.0599408305980151,43.0,688.0,24743.0,17.263269471393617,0.6378246047625062,0.9839531622963372
889,26.0,31.0,1.000211010514771,38.0,739.0,24738.0,23.80948548137609,0.6427702981753981,0.9861058041629571
890,26.0,32.0,1.0556151981334145,35.0,705.0,24475.0,21.413789421894773,0.6372989356254164,0.9706335569218301
891,27.0,0.0,1.0947847665773665,30.0,441.0,29576.0,17.308203450340052,0.5149498787077033,0.7951328943083155
892,27.0,1.0,1.091808521066773,45.0,632.0,29591.0,15.051606430652686,0.6412944371827161,0.968456100073034
893,27.0,2.0,1.1397155432596389,24.0,669.0,29570.0,30.57073115129957,0.6391977203652345,0.9799368577410065
894,27.0,3.0,0.556358464639314,45.0,989.0,29591.0,19.129020866419953,0.42036073762572623,0.789490696705493
895,27.0,4.0,0.5499313741170176,39.0,1198.0,29585.0,18.49466358412388,0.5228261427239338,0.999729144797616
896,27.0,5.0,0.40252293238386183,46.0,1284.0,29592.0,16.48077828017339,0.47193096599064366,0.994652549895897
897,27.0,6.0,1.0059226985798433,40.0,740.0,29586.0,18.34125613852125,0.6658055907892626,0.9992018220765168
898,27.0,7.0,1.0339695638699091,57.0,634.0,29603.0,12.305934221913738,0.5245809642155841,0.995607726119764
899,27.0,8.0,1.0147101473943487,40.0,779.0,29586.0,19.27745104988808,0.6631863184725143,0.9968448384101805
900,27.0,9.0,1.0653233978676389,34.0,658.0,29580.0,25.82030575829428,0.6491166457572239,0.9806075221501929
901,27.0,10.0,1.0315500563298818,31.0,666.0,29577.0,21.771404747017627,0.6645933120609673,0.9738015940311471
902,27.0,11.0,1.0072277753861951,20.0,361.0,29566.0,45.756573812834695,0.5136401622419384,0.6271700409315357
903,27.0,12.0,1.0412396336401513,39.0,655.0,29585.0,18.86493589009095,0.644318539139101,0.9405546897258531
904,27.0,13.0,1.3124556444920423,43.0,559.0,29589.0,20.936704126737347,0.5602960507976862,0.7940936570647771
905,27.0,14.0,1.1054865358823158,43.0,822.0,29589.0,17.726974829732267,0.6909828606955101,0.9996759066057869
906,27.0,15.0,0.8704900790714796,38.0,530.0,29584.0,12.638878327557334,0.5207513388995751,0.6431344060767521
907,27.0,16.0,1.0163809933789205,39.0,733.0,29585.0,20.517439106563668,0.6433952132142735,0.9994985211774852
908,27.0,17.0,1.0552274254772098,25.0,697.0,29571.0,39.42343128317688,0.6232446685901039,0.8929600071778865
909,27.0,18.0,0.9707627883304314,31.0,684.0,29577.0,20.799979133355993,0.6351218029294481,0.9351540360338342
910,27.0,19.0,1.0307407745341197,31.0,649.0,29577.0,22.037554594624808,0.647794298629305,0.9295771550374328
911,27.0,20.0,0.9923131168019953,53.0,697.0,29599.0,18.38509210181994,0.6452849376455441,0.9432879340140153
912,27.0,21.0,0.9627303492967263,49.0,658.0,29595.0,12.13117647116027,0.6751672849442074,0.9508343921853796
913,27.0,22.0,1.219906777495928,36.0,632.0,29582.0,18.194421658981472,0.6576208521852862,0.9087369175368314
914,27.0,23.0,0.9460457610278807,33.0,704.0,29579.0,19.79257478849436,0.642943617578923,0.9629148825687053
915,27.0,24.0,1.0323783893315925,33.0,806.0,29579.0,28.408292760485214,0.6415773620240199,0.9987693156887091
916,27.0,25.0,1.044140058122662,57.0,666.0,29603.0,21.59732317224316,0.5033808261009993,0.9998615263035757
917,27.0,26.0,1.0120865043597091,32.0,761.0,29578.0,23.03814833521683,0.6430952254358503,0.9946922612415642
918,27.0,27.0,1.0341887762379343,34.0,697.0,29580.0,20.644796920279074,0.641733473317905,0.9948877787723069
919,27.0,28.0,1.0148089955995556,43.0,792.0,29589.0,18.449260369893768,0.6410952972450532,0.9942788014282712
920,27.0,29.0,1.0150061128702825,28.0,708.0,29574.0,27.36126940452162,0.6339433255286473,0.9496680584857509
921,27.0,30.0,1.0946894942271812,37.0,695.0,29583.0,21.09579745389586,0.6758441126931738,0.9996919378626882
922,27.0,31.0,1.0130350718855778,31.0,583.0,29577.0,22.63567551215594,0.6179140241200206,0.8573639964418603
923,27.0,32.0,1.0757836306337007,42.0,619.0,29237.0,18.56967459768103,0.6305617596985258,0.9648114527147257
924,28.0,0.0,0.5874516357549541,44.0,948.0,40723.0,13.441076958800219,0.48233278932705015,0.8610482980352185
925,28.0,1.0,0.9399160924091423,49.0,1180.0,40728.0,26.440170937079927,0.5086943708458699,0.9997207129219705
926,28.0,2.0,0.5667162182110088,28.0,1065.0,40707.0,23.370059255455594,0.4908844791275805,0.9276111627246806
927,28.0,3.0,1.0453718822071054,40.0,635.0,40719.0,13.119627632395146,0.638425906989711,0.9392117542127699
928,28.0,4.0,1.0428766185650276,44.0,725.0,40723.0,18.249983078721645,0.6347834656346878,0.986553060305736
929,28.0,5.0,1.024811023205356,34.0,650.0,40713.0,18.68154834933041,0.6307767074927532,0.9385123745968197
930,28.0,6.0,1.066057745200504,27.0,590.0,40706.0,35.844348429916415,0.6294291214964732,0.9625153074148383
931,28.0,7.0,1.038678944943041,39.0,603.0,40718.0,18.249977789383394,0.6199749189973471,0.8881302462201918
932,28.0,8.0,1.039685339163972,33.0,672.0,40712.0,22.949176515992367,0.6296290256808937,0.9728411092183435
933,28.0,9.0,1.2278151743261558,58.0,773.0,40737.0,12.286727727424406,0.6964797496691624,0.9560355486559673
934,28.0,10.0,1.0444761494517039,28.0,763.0,40707.0,27.640992113785867,0.6595482997322601,0.9973566018389718
935,28.0,11.0,1.036350887216942,46.0,655.0,40725.0,18.412675403155436,0.5262599094186282,0.9996382589172841
936,28.0,12.0,0.6179038076654915,28.0,376.0,40707.0,9.93136350851566,0.4715006042071831,0.5059053309533588
937,28.0,13.0,0.6855455741063672,45.0,659.0,40724.0,11.865900358081664,0.3482034114358441,0.9997217919248302
938,28.0,14.0,0.9105052501891164,32.0,720.0,40711.0,22.68648502840595,0.6750113756722873,0.9879796518658305
939,28.0,15.0,1.055540572216683,33.0,706.0,40712.0,23.543831317805786,0.6541289345253496,0.965013659852356
940,28.0,16.0,1.0255627970952208,42.0,787.0,40721.0,18.452071328880574,0.6555134127315174,0.9927563650338259
941,28.0,17.0,1.0691838102984037,45.0,704.0,40724.0,20.10800067247388,0.6588197998929408,0.969686505370837
942,28.0,18.0,0.9674252974856707,39.0,761.0,40718.0,21.211471858862065,0.6417988391967775,0.9789937016734263
943,28.0,19.0,1.3095439890416456,35.0,620.0,40714.0,20.448911959302116,0.5305091045125014,0.9412937888418006
944,28.0,20.0,1.0038782665603987,20.0,691.0,40699.0,32.99624593135725,0.6241310096063837,0.9138381499689564
945,28.0,21.0,0.9586904073646529,35.0,694.0,40714.0,19.182889889373747,0.6728741879894695,0.9950604127402447
946,28.0,22.0,1.2601367828616072,61.0,686.0,40740.0,11.840268000394705,0.6213908176410661,0.9721382276517923
947,28.0,23.0,0.9737585309758721,29.0,757.0,40708.0,24.991243750728035,0.6697329721914139,0.9917304046665021
948,28.0,24.0,1.0086279593926508,35.0,640.0,40714.0,18.930461698207363,0.6442611205348372,0.9722792796867158
949,28.0,25.0,1.0007195290673303,29.0,692.0,40708.0,23.222195670228157,0.6421209808895537,0.9709212059339549
950,28.0,26.0,0.9919550778154202,27.0,745.0,40706.0,26.92589390950677,0.644962489726952,0.9616780395759116
951,28.0,27.0,1.047345695006719,36.0,629.0,40715.0,19.669288624581245,0.6408613851810171,0.9448608711271426
952,28.0,28.0,1.3166210120523847,67.0,638.0,40746.0,10.011118928515517,0.6119314016153365,0.9157991991181953
953,28.0,29.0,1.0288004790222824,33.0,540.0,40712.0,39.37683392684835,0.5945429321826352,0.7803052384868803
954,28.0,30.0,0.9597700711253129,46.0,751.0,40725.0,15.912469322080804,0.6611439940865103,0.9719056468176991
955,28.0,31.0,1.0346197801415864,37.0,627.0,40716.0,20.675333218813034,0.6484964644196896,0.9336760760303601
956,28.0,32.0,1.3419514277999505,47.0,668.0,40342.0,17.056292012223455,0.5374671819170471,0.7219430447624413
957,29.0,0.0,1.0441102398409539,48.0,777.0,34950.0,12.841655037231693,0.6679307528932326,0.999601509732634
958,29.0,1.0,1.1036380306132316,41.0,744.0,28822.0,15.207777727963006,0.6776824788128131,0.9582848265635863
959,29.0,2.0,1.053439069151437,27.0,750.0,31172.0,24.002739674330442,0.6717434236795974,0.9996201637732364
960,29.0,3.0,1.03770798444321,28.0,541.0,22766.0,27.01660815847509,0.6514942370282062,0.8540671462054212
961,29.0,4.0,1.0507891318066733,43.0,622.0,29013.0,19.969892318670663,0.6567641049559108,0.9743010651645074
962,29.0,5.0,1.0118353735763677,39.0,661.0,27016.0,17.922083229089168,0.6600097742578755,0.9536104664723065
963,29.0,6.0,1.0401301583846947,44.0,665.0,26185.0,16.621101940851858,0.6626895168089602,0.9852771545852366
964,29.0,7.0,1.246081943336668,42.0,590.0,22312.0,15.627065136902617,0.6662651849650457,0.8957950692119308
965,29.0,8.0,1.0178415752558623,29.0,664.0,25512.0,26.451344187498165,0.6419334292866078,0.94924007101387
966,29.0,9.0,1.0331880227488988,31.0,709.0,32555.0,23.0118793319823,0.6651830857918193,0.9872412285436468
967,29.0,10.0,1.013924143240873,42.0,727.0,32326.0,17.58710591843244,0.6703901787601376,0.9913724543675384
968,29.0,11.0,0.9658628337522275,39.0,635.0,28386.0,25.192580460854277,0.6510578605186994,0.8875837347720087
969,29.0,12.0,1.02662262871087,33.0,473.0,23758.0,16.975898724027118,0.6086958894606223,0.7109552970276232
970,29.0,13.0,1.0879136616153513,42.0,595.0,24544.0,21.266253892441195,0.648064156515592,0.9517508007070461
971,29.0,14.0,1.0240301153781364,31.0,661.0,26199.0,20.934369469648303,0.6579142498559893,0.9689513919295948
972,29.0,15.0,1.3782173689514143,67.0,652.0,43829.0,11.330545312555866,0.5498239290292295,0.9996625014274098
973,29.0,16.0,1.0505115029980387,47.0,768.0,35990.0,17.688873742144995,0.6488778972871214,0.9931307157054899
974,29.0,17.0,1.0435730112944213,37.0,769.0,31373.0,20.30553898612504,0.6579150778988065,0.996415225397568
975,29.0,18.0,1.0179488270376575,28.0,732.0,25633.0,27.427744530599146,0.6734130182359271,0.9598324450854977
976,29.0,19.0,0.9915819307790013,53.0,750.0,32301.0,16.050358256838873,0.6706191982324696,0.9996209831817332
977,29.0,20.0,1.0479067902112837,19.0,605.0,17513.0,31.457092623211608,0.6389403935796335,0.8408253153931645
978,29.0,21.0,1.064614872038034,31.0,730.0,28030.0,35.3749155245572,0.6514218649008665,0.959992254988642
979,29.0,22.0,1.0310893973871074,25.0,729.0,23967.0,28.691882921115663,0.6371549053454628,0.9200818429138736
980,29.0,23.0,0.5246348781933237,74.0,837.0,68773.0,25.59893743844667,0.37195266099582514,0.8628617642329081
981,29.0,24.0,1.0370663432473353,38.0,748.0,30808.0,19.115515144748105,0.6577847381731832,0.9922466302716133
982,29.0,25.0,0.6149827723646479,64.0,942.0,70092.0,16.740880381692342,0.3906358275952486,0.9997017614177752
983,29.0,26.0,1.0354185326502074,27.0,722.0,27459.0,28.526149598621913,0.6514782612890746,0.9897098356194254
984,29.0,27.0,0.9838475530552234,32.0,547.0,22575.0,21.381241024407327,0.6076520987765692,0.7655297449133622
985,29.0,28.0,1.0926237365911011,54.0,719.0,32794.0,14.515960961160953,0.6831185069172508,0.9901232202608395
986,29.0,29.0,0.9787313258528373,27.0,692.0,25830.0,26.576734962914344,0.6616437524825759,0.9595317394134754
987,29.0,30.0,0.9575353105472252,36.0,762.0,30330.0,20.06348501940491,0.6609080112507457,0.9853816114098966
988,29.0,31.0,1.0399710678771994,29.0,717.0,28609.0,31.319387223312933,0.6461428587890877,0.9841339652563882
989,29.0,32.0,1.0589421880935155,50.0,743.0,33129.0,13.774988131261633,0.6744492440488921,0.9988590100969353
990,30.0,0.0,1.004626330679229,40.0,542.0,27255.0,11.924223091958353,0.6002762232770747,0.7471166397724235
991,30.0,1.0,1.011855380681168,27.0,701.0,27242.0,19.687475824684995,0.656335546749671,0.9727711542505622
992,30.0,2.0,0.5978752028401908,54.0,754.0,27269.0,10.67511768434774,0.36680441063947256,0.9952824230411477
993,30.0,3.0,1.165163221858634,47.0,735.0,27262.0,12.00415031218976,0.6570156449873001,0.9924198741732406
994,30.0,4.0,1.0589309264705151,37.0,785.0,27252.0,17.03739400695179,0.6595031864375893,0.9862794165413156
995,30.0,5.0,1.076542729050537,33.0,657.0,27248.0,17.588885841457135,0.6537381756123379,0.9107043052591717
996,30.0,6.0,1.0064203970148171,42.0,816.0,27257.0,14.767029390813446,0.6501855798614542,0.9971863305610146
997,30.0,7.0,1.0293484608531251,32.0,579.0,27247.0,31.774216859932803,0.5808038342901399,0.7514762214652637
998,30.0,8.0,1.0011242344636893,43.0,723.0,27258.0,14.535671230090337,0.6654913528064709,0.9997537183714642
999,30.0,9.0,1.0809581236158183,27.0,618.0,27242.0,24.745998303147825,0.6597955111090541,0.9332886990745679
1000,30.0,10.0,1.064704291289639,35.0,676.0,27250.0,19.30785276876045,0.6653872700891377,0.9914675877559146
1001,30.0,11.0,0.9326133930258875,23.0,522.0,27238.0,21.717915142237597,0.5978690216078302,0.6669538128895389
1002,30.0,12.0,1.0827891023526364,37.0,652.0,27252.0,20.370347630833447,0.6617924533304,0.9691769407901349
1003,30.0,13.0,1.0448072888831286,44.0,735.0,27259.0,19.16664907409253,0.668376209420336,0.9928859019350254
1004,30.0,14.0,1.0150153414920082,22.0,660.0,27237.0,38.36022148788723,0.645869335189202,0.8898119097714795
1005,30.0,15.0,0.9468542865197376,35.0,693.0,27250.0,27.213163480131062,0.6418478600136589,0.8688839297428512
1006,30.0,16.0,1.1151729962232613,39.0,484.0,27254.0,14.306228122433307,0.6331961168053741,0.7364214267199252
1007,30.0,17.0,1.072026888022133,44.0,657.0,27259.0,17.371778030097047,0.6641467218499975,0.9563662984812151
1008,30.0,18.0,1.064162614802097,40.0,687.0,27255.0,19.646355896631654,0.6665852563558843,0.984277328187088
1009,30.0,19.0,1.0699827217062254,42.0,654.0,27257.0,15.877765207418037,0.6622607248481447,0.9705601963705307
1010,30.0,20.0,0.989567723624281,31.0,726.0,27246.0,22.477542272889536,0.673262129644055,0.9914440135178961
1011,30.0,21.0,1.032389765616477,32.0,626.0,27247.0,24.720326884148975,0.6605478769187163,0.9612802286364353
1012,30.0,22.0,1.088812227302554,57.0,686.0,27272.0,17.601122045943946,0.6566834578984333,0.9836734574344165
1013,30.0,23.0,1.0546789810971144,32.0,627.0,27247.0,24.423447711869965,0.6448050282182276,0.8689450013799642
1014,30.0,24.0,1.0110752694409388,25.0,432.0,27240.0,14.374975221208283,0.5504741983165604,0.657827519830321
1015,30.0,25.0,1.0152402964310903,22.0,654.0,27237.0,23.357109489843587,0.6622817790801971,0.9523081766869299
1016,30.0,26.0,0.2936324169174342,41.0,615.0,27256.0,9.616425973299474,0.23846132241646867,0.9997245847695854
1017,30.0,27.0,1.1593005886757508,46.0,804.0,27261.0,20.86302009880254,0.5050165645079403,0.831145697860639
1018,30.0,28.0,1.0743656619026694,36.0,601.0,27251.0,20.29037814349823,0.663673431699754,0.9722685960236119
1019,30.0,29.0,0.9658038961660251,31.0,704.0,27246.0,21.699978021112816,0.6585618504130095,0.9438844855297189
1020,30.0,30.0,0.9517733866800299,28.0,719.0,27243.0,29.992024669678685,0.660683028708762,0.8711085084473392
1021,30.0,31.0,1.039270417369818,38.0,709.0,27253.0,26.33804776813527,0.6572693689315909,0.9817808607333125
1022,30.0,32.0,1.07664761244988,31.0,667.0,26959.0,28.42587462974169,0.652603219420336,0.9786824968127744
1023,31.0,0.0,1.0675277634242883,54.0,646.0,23548.0,18.110254519680833,0.6623282643904835,0.9822927768981213
1024,31.0,1.0,1.0464990085610284,25.0,668.0,23519.0,29.983283209949732,0.6663428810627496,0.9772232590049907
1025,31.0,2.0,1.290200744746354,42.0,704.0,23536.0,15.109435092215886,0.6432391543857101,0.9841691334678629
1026,31.0,3.0,1.0011976453728189,35.0,780.0,23529.0,23.39930495850773,0.6613595386542002,0.9910269214867643
1027,31.0,4.0,1.018283928858279,33.0,640.0,23527.0,20.03701395064816,0.6500486229403803,0.8963234784439521
1028,31.0,5.0,1.0361589838213465,33.0,737.0,23527.0,25.322187428453223,0.6695655573070325,0.9831730321355207
1029,31.0,6.0,1.1249923380702658,59.0,603.0,23553.0,11.290471862845642,0.6768400139446495,0.9617689653434554
1030,31.0,7.0,1.0238027580825286,33.0,691.0,23527.0,20.560164985232323,0.6627796349308308,0.9882335393967985
1031,31.0,8.0,1.0502921763881643,35.0,551.0,23529.0,16.63740926260218,0.6496966495434051,0.8828012157548613
1032,31.0,9.0,1.0225463153414323,36.0,783.0,23530.0,27.242419643149898,0.6386282095933269,0.9708613849024883
1033,31.0,10.0,1.0603854649617575,33.0,679.0,23527.0,20.41871261103642,0.6484724297178222,0.9496408127733769
1034,31.0,11.0,0.9759273148806727,33.0,735.0,23527.0,24.311083561146756,0.6622470338368185,0.9951590459170344
1035,31.0,12.0,1.0180324094368105,35.0,730.0,23529.0,23.093994467113173,0.6735785785642682,0.9948622448624572
1036,31.0,13.0,1.0775932414854115,30.0,593.0,23524.0,24.207899266857122,0.6544610105635421,0.8884607323664498
1037,31.0,14.0,1.0772481585100184,27.0,595.0,23521.0,23.103602716353432,0.6547591989609651,0.9190438412669889
1038,31.0,15.0,1.0317996422533873,32.0,694.0,23526.0,24.51107760375953,0.6674793294969439,0.9688793590222685
1039,31.0,16.0,1.0001339825343494,24.0,551.0,23518.0,22.508304286845043,0.6288991651583969,0.8508550883449748
1040,31.0,17.0,0.9420283450393802,45.0,733.0,23539.0,18.014271761235793,0.6758747226403421,0.9894178724213283
1041,31.0,18.0,0.9552919141791041,23.0,695.0,23517.0,30.422179056856816,0.6627056671554834,0.9420126882014191
1042,31.0,19.0,1.024831450200142,29.0,590.0,23523.0,20.76765467811772,0.6540484796770263,0.8791606959372804
1043,31.0,20.0,1.0704962534569813,32.0,604.0,23526.0,17.080930342661613,0.6688662999694246,0.9593451385532987
1044,31.0,21.0,1.1687848977898945,36.0,844.0,23530.0,26.994919516109533,0.7267284116285383,0.9996666330523297
1045,31.0,22.0,1.0344750112865921,33.0,726.0,23527.0,23.956110772394723,0.6672600561150811,0.9819859261568119
1046,31.0,23.0,1.0709227135474753,33.0,548.0,23527.0,21.357111589241285,0.6541389167131935,0.9539170897062282
1047,31.0,24.0,0.988813695510858,34.0,675.0,23528.0,21.22378921158429,0.666623930261085,0.9841437929390277
1048,31.0,25.0,1.0081915765642022,28.0,728.0,23522.0,26.99600072770744,0.6640837043643221,0.991366201385778
1049,31.0,26.0,1.0331332909380202,30.0,637.0,23524.0,22.24997235246921,0.6646014145560422,0.9824767793003779
1050,31.0,27.0,1.2020756047326606,39.0,943.0,23533.0,31.390713678890318,0.518457655645342,0.9336517828499175
1051,31.0,28.0,0.9786507801740064,30.0,758.0,23524.0,31.089690540054473,0.672017344307898,0.9837920243250576
1052,31.0,29.0,0.9607367744962976,65.0,700.0,23559.0,11.697210400269247,0.4198016722839799,0.9997228957218428
1053,31.0,30.0,1.0672322014426814,50.0,733.0,23544.0,18.390028599837162,0.6584657172483468,0.9995916689170519
1054,31.0,31.0,0.9995168022438887,28.0,692.0,23522.0,24.522191564593225,0.668409731898552,0.9870728674936975
1055,31.0,32.0,0.9869188687129746,23.0,727.0,23300.0,30.518478937810233,0.6609416568715087,0.9825504457677958
1056,32.0,0.0,0.9017125420676055,48.0,836.0,22237.0,15.643429685756141,0.5522528315847857,0.8198735210253079
1057,32.0,1.0,0.37909262049663095,40.0,1309.0,22229.0,16.506031226970077,0.44949209865486206,0.9505264127791013
1058,32.0,2.0,0.5978420678275616,44.0,1220.0,22233.0,18.143309386195874,0.4504774352455313,0.9045591450960928
1059,32.0,3.0,0.9468225598518412,36.0,689.0,22225.0,19.44218927707016,0.669729898443115,0.9566906785583511
1060,32.0,4.0,1.0226031304459444,27.0,677.0,22216.0,30.03572612489487,0.6663089768273953,0.9303161193792292
1061,32.0,5.0,1.0651947903935959,25.0,602.0,22214.0,26.84993181061717,0.6565832712141237,0.9061159564183013
1062,32.0,6.0,1.011424014505046,30.0,462.0,22219.0,16.504388902221844,0.6212268962924287,0.8059615072659652
1063,32.0,7.0,0.6196719951948787,44.0,685.0,22233.0,15.140136964418794,0.35990340001893495,0.9996585690747151
1064,32.0,8.0,1.0385448718242478,29.0,511.0,22218.0,21.94586683289116,0.6502045804114139,0.8724268647548646
1065,32.0,9.0,1.0218488730441284,36.0,694.0,22225.0,18.885571145965525,0.6710180803782991,0.9930017846355482
1066,32.0,10.0,1.0595495781110673,39.0,542.0,22228.0,20.507680180474512,0.6232549654332449,0.7554585446175915
1067,32.0,11.0,1.0629710221621953,35.0,723.0,22224.0,22.212695696732066,0.6670301441492579,0.9939283674214628
1068,32.0,12.0,0.45756192305458654,53.0,966.0,22242.0,28.489485059840895,0.3356216697622175,0.9998139410305493
1069,32.0,13.0,0.9948737365327478,38.0,506.0,22227.0,21.451213913920174,0.6042144656156084,0.6823749796645633
1070,32.0,14.0,1.0264153297481962,29.0,494.0,22218.0,23.161061114023042,0.6061736118946273,0.7090891176068432
1071,32.0,15.0,1.0005479566536584,52.0,647.0,22241.0,12.46649921547308,0.6771228635584423,0.986415739716745
1072,32.0,16.0,1.0577640804302202,28.0,740.0,22217.0,25.955359379929963,0.6720042446262354,0.9882053660254793
1073,32.0,17.0,1.0208198722343174,27.0,587.0,22216.0,24.002740571477464,0.6314396444718289,0.791917650442592
1074,32.0,18.0,0.9574232336270765,24.0,616.0,22213.0,26.383292325077573,0.643513985249903,0.8689119684891347
1075,32.0,19.0,0.8879071434533123,25.0,611.0,22214.0,26.82403220944012,0.6134541409838231,0.7667666639950327
1076,32.0,20.0,1.013460379664319,28.0,668.0,22217.0,23.597193714489382,0.6659024209682681,0.9616018601579288
1077,32.0,21.0,1.0081880921980133,40.0,694.0,22229.0,20.62924773566235,0.6668198175842186,0.9758285646373271
1078,32.0,22.0,0.9907775639872656,48.0,688.0,22237.0,11.949139131427572,0.6750504574553907,0.9893866531168006
1079,32.0,23.0,0.9739663372392873,28.0,706.0,22217.0,24.854950977571335,0.6721522736189166,0.9558465499167298
1080,32.0,24.0,1.049926359694785,32.0,684.0,22221.0,24.216342315851318,0.6603619079543037,0.9907717760860989
1081,32.0,25.0,1.0625600275938851,34.0,645.0,22223.0,23.261731251470923,0.6595305263099603,0.9747513045604315
1082,32.0,26.0,1.0464978108768765,51.0,728.0,22240.0,14.541025616769025,0.6613073371028506,0.9891430827546815
1083,32.0,27.0,0.7767560489201447,65.0,835.0,22254.0,29.259254661046842,0.4475012049322762,0.9997532368274376
1084,32.0,28.0,1.0575000878164387,37.0,632.0,22226.0,18.46158935012079,0.6537168215277839,0.9583208406883689
1085,32.0,29.0,1.0174877349186349,27.0,667.0,22216.0,24.972191350350386,0.6668078802238186,0.9921715218660275
1086,32.0,30.0,0.5769924161167299,48.0,767.0,22237.0,20.05666532263158,0.36566924044360116,0.9997778345912272
1087,32.0,31.0,1.0265080046883273,33.0,670.0,22222.0,26.78589965897267,0.6610040304150868,0.9891004315979244
1088,32.0,32.0,1.0238494254920425,27.0,558.0,21953.0,21.089257038948272,0.6369094630398144,0.8123075752739531
1089,33.0,0.0,1.0498805024418671,29.0,568.0,23546.0,23.186235215263334,0.6644121508577447,0.9219514495961829
1090,33.0,1.0,1.1020222948448841,44.0,667.0,23561.0,16.831978287737847,0.6603074456654479,0.9994229501666667
1091,33.0,2.0,0.5657171658067146,22.0,403.0,23539.0,17.124984352694018,0.4742775932652368,0.49999993905328965
1092,33.0,3.0,1.0314951068202107,36.0,570.0,23553.0,16.505246070934227,0.6597982807599241,0.9154748473206328
1093,33.0,4.0,1.5030658440771152,69.0,646.0,23586.0,12.186954979204842,0.5454098309361785,0.9472152335510917
1094,33.0,5.0,1.0535737285799511,45.0,700.0,23562.0,22.44738988408481,0.6597085357737622,0.9784143221070449
1095,33.0,6.0,1.0720407159212582,35.0,603.0,23552.0,26.602171544406048,0.6545998382084283,0.9719605733557444
1096,33.0,7.0,0.9800448036215493,26.0,417.0,23543.0,30.4488558659837,0.5900124971254321,0.6485730366191895
1097,33.0,8.0,1.0634917350465156,19.0,503.0,23536.0,29.613573514265415,0.6226809272000888,0.8004663323127601
1098,33.0,9.0,1.0603120214479895,39.0,731.0,23556.0,18.744102451348933,0.6690575469110365,0.9912577299503619
1099,33.0,10.0,1.0664549886430625,26.0,727.0,23543.0,29.88091008509915,0.6688182986609517,0.983444792295866
1100,33.0,11.0,1.2980746835272965,73.0,991.0,23590.0,13.277386873644305,0.5567087525143538,0.9997334642372139
1101,33.0,12.0,1.0640958839979222,61.0,686.0,23578.0,13.164762055408996,0.5307302912248815,0.999730684111598
1102,33.0,13.0,1.0758882875282068,39.0,624.0,23556.0,16.50234295043241,0.665054128143705,0.9786506772406667
1103,33.0,14.0,1.231060231133968,32.0,632.0,23549.0,22.36455060334783,0.5028391002224313,0.8207490499975657
1104,33.0,15.0,1.0421859623526593,33.0,518.0,23550.0,30.46503420875817,0.6225011264147661,0.8127480766641333
1105,33.0,16.0,1.0353251984115865,36.0,510.0,23553.0,18.522190164885952,0.6392682067933904,0.8330982926345918
1106,33.0,17.0,1.0734613521544065,30.0,523.0,23547.0,24.388842018621137,0.6364710296236786,0.8957632657220612
1107,33.0,18.0,1.062714658993174,44.0,698.0,23561.0,16.60538840843094,0.6667201792293922,0.9996054865692142
1108,33.0,19.0,1.0460046645862582,33.0,693.0,23550.0,25.74301801366494,0.6655285457013055,0.9920123505992697
1109,33.0,20.0,1.0352952770312573,41.0,733.0,23558.0,18.96030004867648,0.6722243788342037,0.9966354848218955
1110,33.0,21.0,1.0018914282869025,35.0,699.0,23552.0,19.9645126521573,0.6675126886838576,0.995435612702475
1111,33.0,22.0,1.058247518053789,40.0,719.0,23557.0,19.835477604172898,0.6622277449412044,0.9823239175317241
1112,33.0,23.0,0.9960640194028914,34.0,675.0,23551.0,19.54760096798839,0.6709341571994647,0.9763206112229105
1113,33.0,24.0,1.365661695586302,57.0,629.0,23574.0,14.801088672929112,0.6313647994387364,0.9982891205270165
1114,33.0,25.0,0.9739300951202903,34.0,740.0,23551.0,21.602544199970108,0.6687349989329905,0.9864281553366054
1115,33.0,26.0,0.7348937428913662,35.0,379.0,23552.0,8.833325950007557,0.5098119005345645,0.5610288483048635
1116,33.0,27.0,1.03487196988209,46.0,671.0,23563.0,15.392294982457438,0.6514356665247545,0.9589988331277063
1117,33.0,28.0,0.9491650874586224,27.0,563.0,23544.0,23.57027141539608,0.6387037953904735,0.8345252909675456
1118,33.0,29.0,1.0096160647617243,33.0,567.0,23550.0,22.196088380759434,0.6453420613456304,0.9002224845015816
1119,33.0,30.0,1.0788470192927895,47.0,637.0,23564.0,16.264594933491423,0.666656388289498,0.9794845072158155
1120,33.0,31.0,1.0233738914884505,27.0,655.0,23544.0,27.22495394384576,0.6670423457104462,0.9686340018709259
1121,33.0,32.0,0.8312313787420864,29.0,560.0,23316.0,16.82220491020539,0.5554622007814345,0.635900561886365
1122,34.0,0.0,1.0193373131654087,36.0,753.0,24451.0,20.83502400717917,0.67210408008278,0.9995198829836262
1123,34.0,1.0,1.0383607120246447,32.0,667.0,24447.0,28.14994907152413,0.5233423691816688,0.9990082921738734
1124,34.0,2.0,1.0169198214473214,37.0,747.0,24452.0,19.63405014508,0.6692670312630383,0.999669332225163
1125,34.0,3.0,0.9701736708294915,23.0,457.0,24438.0,22.199952814938698,0.5869721022194583,0.6804733495167086
1126,34.0,4.0,0.9987433666281009,33.0,719.0,24448.0,24.849538920328115,0.6698694282121107,0.9855462370872152
1127,34.0,5.0,1.0423658673082765,40.0,685.0,24455.0,20.308308993784493,0.6678940512640545,0.9831198496793329
1128,34.0,6.0,1.0500102565329534,37.0,700.0,24452.0,18.955538690551062,0.6741262952691411,0.9969512842650341
1129,34.0,7.0,1.066228279802651,40.0,678.0,24455.0,21.486916644697615,0.6682431831952524,0.9604277974911757
1130,34.0,8.0,0.9764914886306055,27.0,667.0,24442.0,30.334299304536327,0.6551487748191219,0.8315714154181394
1131,34.0,9.0,1.0586767086146172,40.0,658.0,24455.0,17.81513437873733,0.6737720072442652,0.9866504285689024
1132,34.0,10.0,1.0653036830208231,35.0,681.0,24450.0,19.819153270271247,0.669121567956717,0.9833546916926134
1133,34.0,11.0,1.0383769410018464,48.0,702.0,24463.0,14.770740666643997,0.6711319030125464,0.9977355732577525
1134,34.0,12.0,1.0104855322653592,28.0,658.0,24443.0,24.308299986859282,0.6630594748474496,0.9725409103547721
1135,34.0,13.0,1.0891189350966717,43.0,955.0,24458.0,24.540558601171238,0.4832823832084506,0.8975180176624441
1136,34.0,14.0,0.9878493874902676,29.0,657.0,24444.0,22.081795491552725,0.6674190901075311,0.9881852945445913
1137,34.0,15.0,1.080408645779394,29.0,659.0,24444.0,31.301109690547786,0.6543754037758083,0.9699288222946224
1138,34.0,16.0,0.9956599723352437,47.0,779.0,24462.0,16.00070221282709,0.6675908593781276,0.9982258265133118
1139,34.0,17.0,1.0182822780208762,37.0,646.0,24452.0,17.995425125853505,0.6611684061986777,0.9440948224134219
1140,34.0,18.0,1.1623793296448017,44.0,583.0,24459.0,13.926632505099638,0.6620656626328254,0.9926884521334302
1141,34.0,19.0,1.1224759420817054,48.0,1020.0,24463.0,23.987134859406478,0.5798651296765871,0.9997058262510387
1142,34.0,20.0,0.9823540845857643,26.0,693.0,24441.0,30.311066890194724,0.6696770292520919,0.9585100119355217
1143,34.0,21.0,1.278428189563095,36.0,646.0,24451.0,19.98539045125159,0.5539644688106806,0.9841014285838614
1144,34.0,22.0,1.0512815682777628,31.0,684.0,24446.0,23.882366415102666,0.6721595816687522,0.9917875737554664
1145,34.0,23.0,1.077364513801851,34.0,666.0,24449.0,23.52817222323166,0.6669089624247486,0.9984079892125282
1146,34.0,24.0,1.1307376634699942,30.0,515.0,24445.0,18.47774988168031,0.6459883940520463,0.8394800197260258
1147,34.0,25.0,1.0192369883532193,34.0,666.0,24449.0,18.92614971129181,0.6680188765887362,0.99889899935882
1148,34.0,26.0,0.9960337274195619,26.0,585.0,24441.0,21.916376893823355,0.6534725739477021,0.8560964349067369
1149,34.0,27.0,1.0639776083964196,45.0,681.0,24460.0,19.044243818004123,0.6631202609877003,0.9996167579778308
1150,34.0,28.0,1.0424576092149962,30.0,810.0,24445.0,29.180634180492387,0.6681482211490464,0.999290399550546
1151,34.0,29.0,1.3196003278511537,51.0,553.0,24466.0,13.214745057108624,0.5979651923026212,0.9424728784081386
1152,34.0,30.0,1.284833737101312,43.0,751.0,24458.0,18.327120103753195,0.48569796902235696,0.9997059092483626
1153,34.0,31.0,1.04111257346403,36.0,734.0,24451.0,20.08972686687804,0.668923471970914,0.995959266824623
1154,34.0,32.0,1.0107112941832066,28.0,705.0,24246.0,27.57420450251693,0.6700351963156478,0.9973388288363371
1155,35.0,0.0,1.0345249775771248,41.0,724.0,24468.0,17.12983796018651,0.677491599885877,0.9987484490990618
1156,35.0,1.0,1.0560379112450382,21.0,576.0,24448.0,29.521375358782894,0.6418965066309514,0.837057295929386
1157,35.0,2.0,1.0600404020265901,32.0,603.0,24459.0,23.741491955726175,0.664040359088844,0.9207513022123079
1158,35.0,3.0,1.0414819153539956,28.0,700.0,24455.0,24.6075728089927,0.668083852721961,0.9635376592694503
1159,35.0,4.0,1.0530360195707,38.0,705.0,24465.0,19.790985665753826,0.6750506227963122,0.9963495315423435
1160,35.0,5.0,1.0755914576750354,36.0,667.0,24463.0,20.73180691274168,0.6690541437787236,0.9704705012608358
1161,35.0,6.0,1.077359323810004,39.0,706.0,24466.0,22.166640882969503,0.6661747126596973,0.9940339571523295
1162,35.0,7.0,1.056133349831681,35.0,662.0,24462.0,19.885892241585246,0.6629577220682478,0.991633215786102
1163,35.0,8.0,1.2666207216190375,79.0,718.0,24506.0,8.444969011894829,0.4161118943778803,0.9997153872312499
1164,35.0,9.0,1.023454503892808,60.0,740.0,24487.0,13.589777853957765,0.6732696407739787,0.9961678122138136
1165,35.0,10.0,1.2465462490436812,47.0,807.0,24474.0,27.149954474042048,0.7700554182709165,0.999686320840833
1166,35.0,11.0,1.0714297257309506,35.0,653.0,24462.0,34.90192738354911,0.659455347566996,0.9452706481836504
1167,35.0,12.0,1.0517518937297723,41.0,618.0,24468.0,16.921279283069445,0.664889679837727,0.9328913608340167
1168,35.0,13.0,1.0506550766319314,44.0,716.0,24471.0,15.93517422142164,0.673991122033496,0.9979333275462576
1169,35.0,14.0,1.0236396118407425,35.0,642.0,24462.0,18.07919619832229,0.6539619676406707,0.882606599739117
1170,35.0,15.0,1.1665053091943638,44.0,660.0,24471.0,20.586980668387092,0.6790457627429815,0.9813091536837508
1171,35.0,16.0,1.0512466720942668,34.0,672.0,24461.0,19.84164749168659,0.6628772632517321,0.9774662380288129
1172,35.0,17.0,1.1317867839203721,52.0,1054.0,24479.0,22.72459627438831,0.5143889918270221,0.9238043998962949
1173,35.0,18.0,1.2429277530614486,42.0,738.0,24469.0,32.51422468828051,0.5643256338821744,0.8568025746614814
1174,35.0,19.0,0.9692197680406927,37.0,677.0,24464.0,19.238282765687675,0.6701100878580362,0.9696199331762286
1175,35.0,20.0,1.0333458766861048,27.0,576.0,24454.0,22.846395662427046,0.6535420862752785,0.8918397816800142
1176,35.0,21.0,1.0585396769533353,36.0,498.0,24463.0,15.032258878103953,0.6562698281314564,0.8731383792726098
1177,35.0,22.0,1.0380921043874827,36.0,506.0,24463.0,21.805930235019858,0.6234290337845674,0.8037315148141311
1178,35.0,23.0,1.064394087533708,31.0,632.0,24458.0,23.626981423429708,0.6648088221414088,0.9750896557254692
1179,35.0,24.0,1.0770831587845078,37.0,723.0,24464.0,22.36505450998276,0.6641413132269678,0.9995962962525994
1180,35.0,25.0,1.0583352989253303,26.0,629.0,24453.0,28.684472420390353,0.6648313947093908,0.946817491741282
1181,35.0,26.0,1.0772122802252293,22.0,655.0,24449.0,38.58720791788536,0.6603949531815475,0.978829977514741
1182,35.0,27.0,1.3243469193431052,52.0,668.0,24479.0,14.50820243658229,0.7686063006053112,0.9970444034212761
1183,35.0,28.0,1.0475669928593487,33.0,783.0,24460.0,26.10449989233585,0.6684892154248241,0.98779866633209
1184,35.0,29.0,1.3060769157245062,43.0,590.0,24470.0,20.438060217941974,0.5588355762103483,0.9172525011851601
1185,35.0,30.0,1.042304949310417,37.0,718.0,24464.0,19.633152038036197,0.6658836203516285,0.9856750648112421
1186,35.0,31.0,1.0150239281631566,28.0,551.0,24455.0,19.62118760448997,0.6281786992709129,0.782116753217875
1187,35.0,32.0,1.0549513806451394,26.0,652.0,24221.0,24.89679495563257,0.6600661680846549,0.9087086714437357
1188,36.0,0.0,0.9089683619758564,39.0,937.0,32107.0,20.480332915558954,0.653956308425649,0.9995188796724638
1189,36.0,1.0,0.7812540055339285,39.0,977.0,32107.0,17.93682488618666,0.6274789274196251,0.9996712236319609
1190,36.0,2.0,0.6208927266026045,44.0,916.0,32112.0,12.859521490211254,0.5012635223775976,0.8100944936204154
1191,36.0,3.0,1.1031777412334547,30.0,826.0,32098.0,28.450356829076046,0.6943817248654123,0.9997230560381819
1192,36.0,4.0,0.6302453071343768,32.0,921.0,32100.0,20.9617955924036,0.5485366496294019,0.9000939711073539
1193,36.0,5.0,0.8751843538284566,27.0,848.0,32095.0,29.624946371678885,0.6306531707902834,0.9351812090106894
1194,36.0,6.0,1.0347571803422166,33.0,762.0,32101.0,22.730787614519613,0.6648889084296012,0.9935347659026911
1195,36.0,7.0,1.0074001404281692,32.0,740.0,32100.0,22.95690796985373,0.6731022074247949,0.9982544577326844
1196,36.0,8.0,1.040685154316461,30.0,710.0,32098.0,25.15031997886155,0.6529967207053429,0.9983148648829286
1197,36.0,9.0,1.0715967707050889,32.0,645.0,32100.0,28.608279289703574,0.6653101127033185,0.9750441269416751
1198,36.0,10.0,1.0333239878981613,28.0,587.0,32096.0,25.764902663153006,0.6381904211116635,0.8070485823646568
1199,36.0,11.0,1.0322222762088584,27.0,614.0,32095.0,42.13187024098946,0.6625158794876517,0.9207498475462559
1200,36.0,12.0,1.041484031131704,38.0,719.0,32106.0,18.548596147871354,0.6756489412976842,0.9995724277037099
1201,36.0,13.0,1.055021171219078,36.0,750.0,32104.0,20.653828843210004,0.6719320347080291,0.9989680947619087
1202,36.0,14.0,1.0700257515560434,34.0,696.0,32102.0,21.251884763600447,0.6702452613196592,0.9994591528853979
1203,36.0,15.0,1.031622002943989,25.0,708.0,32093.0,29.249958104234565,0.6713806929747056,0.9996216111402263
1204,36.0,16.0,1.2438440027504591,47.0,981.0,32115.0,29.68867997939155,0.5786024912024302,0.9435583556493551
1205,36.0,17.0,1.0474756334189825,30.0,693.0,32098.0,23.41386464053492,0.6771307832351887,0.9953415540290339
1206,36.0,18.0,1.061682609675998,42.0,701.0,32110.0,18.92855226192769,0.6719191558288966,0.9995906189533338
1207,36.0,19.0,1.1464545304119569,63.0,721.0,32131.0,11.321934979549315,0.6773018100172818,0.9777076046805332
1208,36.0,20.0,0.9980289329353229,32.0,740.0,32100.0,24.825368431631787,0.6694002636162097,0.9983184095035939
1209,36.0,21.0,1.432756759675898,58.0,585.0,32126.0,16.93568781476285,0.5786960711859368,0.9817919087908644
1210,36.0,22.0,1.1852290493161368,42.0,693.0,32110.0,15.752548013716265,0.6394240544538357,0.9994052731177556
1211,36.0,23.0,0.993402959892608,34.0,458.0,32102.0,14.476172456564031,0.5604312238085092,0.6977441779076857
1212,36.0,24.0,1.0306190806927362,35.0,694.0,32103.0,33.2757328218969,0.6764424396614531,0.9954418386738577
1213,36.0,25.0,1.0591581625923905,29.0,685.0,32097.0,23.477538651101302,0.6725695896903761,0.9754107109858308
1214,36.0,26.0,0.9791878937423775,33.0,708.0,32101.0,22.777755358047113,0.6675187726788785,0.9776649105101133
1215,36.0,27.0,1.2755899183204031,58.0,631.0,32126.0,11.162491934874163,0.5983647586535226,0.9960596394376059
1216,36.0,28.0,1.0863583790706008,39.0,623.0,32107.0,20.176563285296737,0.6555003836080182,0.937284443224887
1217,36.0,29.0,1.0495644600784604,46.0,757.0,32114.0,18.838606691985344,0.6719752850906116,0.9994817365534443
1218,36.0,30.0,1.05525100113659,31.0,701.0,32099.0,31.78024239683207,0.672663801939006,0.9898876713459445
1219,36.0,31.0,1.3598660110788556,70.0,664.0,32138.0,9.120810205637143,0.6955397113384154,0.9850600850600818
1220,36.0,32.0,1.0504870003420756,32.0,744.0,31878.0,24.612171265435915,0.6674542567271008,0.9951964817748031
1221,37.0,0.0,1.169975380951506,32.0,580.0,29361.0,19.722455258705303,0.6166811033453643,0.8896305673296814
1222,37.0,1.0,1.2623337100046408,39.0,649.0,29368.0,25.30706685507846,0.6557797492191294,0.9996902469944547
1223,37.0,2.0,1.2649400806327402,35.0,611.0,29364.0,16.074582308213113,0.6464267670355451,0.8918922951044083
1224,37.0,3.0,0.5769743968137475,41.0,1216.0,29370.0,18.612859963098252,0.5466372737793584,0.9875861794729973
1225,37.0,4.0,0.43486423708625577,41.0,1320.0,29370.0,18.3681674894816,0.4975511095772909,0.9998297554613776
1226,37.0,5.0,1.0381927556382906,54.0,778.0,29383.0,13.13806490318496,0.5859701892688298,0.9400635601426754
1227,37.0,6.0,1.1300755057209364,40.0,696.0,29369.0,17.06485886756854,0.6726368011786676,0.9958803076111299
1228,37.0,7.0,0.8314056936240647,39.0,945.0,29368.0,20.00734348668572,0.6333965228535945,0.9750299042097936
1229,37.0,8.0,1.2703628270662275,35.0,594.0,29364.0,25.0412740548411,0.6163864430576858,0.8858436296169869
1230,37.0,9.0,1.0405428295908945,30.0,654.0,29359.0,23.650893526454535,0.6680179883631054,0.9605753997771995
1231,37.0,10.0,1.0651884733397803,25.0,676.0,29354.0,34.10409931004502,0.6635509652482742,0.954931681111435
1232,37.0,11.0,1.074760321331404,33.0,680.0,29362.0,21.759780588622622,0.6682195454128237,0.9820158510688745
1233,37.0,12.0,1.0772908167680009,34.0,661.0,29363.0,23.88885659868767,0.6702531544684418,0.9887681659917879
1234,37.0,13.0,0.9772008845533614,30.0,546.0,29359.0,18.359065329410182,0.6227869996087011,0.7649825359867514
1235,37.0,14.0,1.4739332614735825,61.0,596.0,29390.0,12.32497269467323,0.6223231162527496,0.9996881978860096
1236,37.0,15.0,1.0912851851933394,39.0,640.0,29368.0,25.067586876898094,0.6648787341764352,0.9508844016993007
1237,37.0,16.0,1.0366132731840076,31.0,723.0,29360.0,23.520609353620646,0.6771626853149046,0.9948969922356602
1238,37.0,17.0,1.200316497964028,43.0,942.0,29372.0,28.78206249636099,0.5448270896520098,0.9389363052477967
1239,37.0,18.0,1.0303378938266397,37.0,662.0,29366.0,22.587264125176176,0.6551662086469413,0.908887241741364
1240,37.0,19.0,1.0816003159869068,47.0,736.0,29376.0,16.1023904685909,0.6765076775076423,0.9967890924303083
1241,37.0,20.0,1.0165719711780872,36.0,682.0,29365.0,20.65680748668308,0.6706857766553582,0.9989279213734725
1242,37.0,21.0,1.0082139532646228,25.0,536.0,29354.0,21.342561077732814,0.6225824788951217,0.7446889796988705
1243,37.0,22.0,1.052724419842555,34.0,692.0,29363.0,21.843564972485428,0.6667128917533112,0.9595949855553196
1244,37.0,23.0,0.9040914336810218,57.0,671.0,29386.0,13.612785145608612,0.4898541191419453,0.9996144052341369
1245,37.0,24.0,1.0530437648298774,26.0,600.0,29355.0,25.544405137104224,0.6651733465676278,0.9219835324962813
1246,37.0,25.0,1.0410355940708587,40.0,463.0,29369.0,15.12694604065244,0.6239498705663584,0.7301688456710888
1247,37.0,26.0,1.0283786121683718,32.0,672.0,29361.0,25.598708054578186,0.6705372027418499,0.9561009049945485
1248,37.0,27.0,1.0130702628898878,41.0,732.0,29370.0,17.223278251279396,0.6757517934247878,0.9922119073574491
1249,37.0,28.0,1.045766346115897,54.0,697.0,29383.0,13.35020754673833,0.6726305740162394,0.9996215223959201
1250,37.0,29.0,0.9817380739205399,32.0,671.0,29361.0,20.107916392917218,0.6576966619117603,0.9284130784505398
1251,37.0,30.0,1.0308905228389262,49.0,734.0,29378.0,16.459906890825476,0.6782920482218473,0.999642877500838
1252,37.0,31.0,1.0663589532188902,44.0,643.0,29373.0,15.075745874665374,0.6739474487342314,0.9699186918175858
1253,37.0,32.0,1.2260434244404244,32.0,710.0,29167.0,21.603147226100738,0.6648238366718888,0.9920605325084405
1254,38.0,0.0,0.980684066996145,41.0,740.0,22119.0,20.532192203964858,0.6773935731223797,0.9938057021186427
1255,38.0,1.0,1.0536158742200006,29.0,663.0,22107.0,24.924965306306024,0.6656805714197928,0.9466157511470715
1256,38.0,2.0,1.0609956768059736,32.0,581.0,22110.0,21.21575951849341,0.6502453069575296,0.8788023810381924
1257,38.0,3.0,1.0859236520015747,36.0,686.0,22114.0,20.86035865852661,0.6719570893961588,0.9927274307902719
1258,38.0,4.0,1.073532058667327,38.0,601.0,22116.0,17.427231062918352,0.6702290016690217,0.9724897119240136
1259,38.0,5.0,1.038430085631523,32.0,627.0,22110.0,19.523789570214046,0.6658783930123132,0.9249296230982815
1260,38.0,6.0,1.0513808603999815,40.0,777.0,22118.0,16.414267590844602,0.6563034962606676,0.9996715023923858
1261,38.0,7.0,1.0611502673052138,40.0,751.0,22118.0,21.59719926507331,0.6522394466867764,0.973396294466317
1262,38.0,8.0,1.0189030927700355,27.0,776.0,22105.0,22.49997133684516,0.6640257964346239,0.99874954762588
1263,38.0,9.0,1.0042879335535742,44.0,731.0,22122.0,17.322738794310876,0.6728976489283081,0.9975784894645947
1264,38.0,10.0,0.8996691581310664,29.0,434.0,22107.0,14.237483506792834,0.5704736956701401,0.5929866053677928
1265,38.0,11.0,1.062356064510599,38.0,624.0,22116.0,17.74932087215618,0.6620842347335854,0.9254695404907557
1266,38.0,12.0,1.0233935753376862,26.0,724.0,22104.0,30.222182372740104,0.6701060791201329,0.9535664714336454
1267,38.0,13.0,1.0536233515075795,42.0,702.0,22120.0,16.618205937136008,0.6750759691705237,0.9996441693634752
1268,38.0,14.0,1.0464683853132228,21.0,717.0,22099.0,34.14994876258115,0.6752023041453399,0.9910914044158571
1269,38.0,15.0,1.3329524182624508,44.0,657.0,22122.0,17.618035950060857,0.5804439233720036,0.9785417478652518
1270,38.0,16.0,1.087938608844325,47.0,747.0,22125.0,16.183910763159737,0.6672096387690022,0.9995585015319606
1271,38.0,17.0,1.024096685626396,32.0,641.0,22110.0,22.339880073233246,0.6956264032003086,0.9074412776969293
1272,38.0,18.0,1.0564868419648237,30.0,731.0,22108.0,24.2797359683541,0.669420895546696,0.9861450505204908
1273,38.0,19.0,1.0314313010561638,43.0,657.0,22121.0,16.49284152718636,0.659053811691324,0.9123307870862537
1274,38.0,20.0,1.1421446533967212,44.0,895.0,22122.0,28.39599891636995,0.5022902563909483,0.8518866518897864
1275,38.0,21.0,1.2038678627157946,42.0,692.0,22120.0,26.354698038335215,0.6641368147820524,0.8953081606969214
1276,38.0,22.0,0.7513667149364984,67.0,757.0,22145.0,16.806405599095026,0.4166429889075719,0.9997380865844994
1277,38.0,23.0,1.0586826587392277,31.0,728.0,22109.0,29.461064084343434,0.6513870039909412,0.9833439171909408
1278,38.0,24.0,1.0628630127011442,36.0,668.0,22114.0,21.566640316703968,0.673600288774798,0.9756922879162521
1279,38.0,25.0,1.0459388232150513,35.0,615.0,22113.0,18.5703506895002,0.660814372015605,0.9179086112852641
1280,38.0,26.0,1.0538447039952785,28.0,663.0,22106.0,31.79992647429295,0.6693397872037166,0.9482231258201903
1281,38.0,27.0,1.04965381883614,30.0,689.0,22108.0,23.77404561773379,0.6697148937574764,0.9728896444282238
1282,38.0,28.0,1.01655957121676,33.0,701.0,22111.0,21.958060061949606,0.674862294696513,0.9888172148341403
1283,38.0,29.0,1.0334265307019534,48.0,644.0,22126.0,15.55763759992366,0.6502268553722882,0.8773559472433757
1284,38.0,30.0,1.009290147192751,22.0,683.0,22100.0,31.630908310010543,0.6751076166980275,0.9920523781938958
1285,38.0,31.0,1.0238424509886472,47.0,731.0,22125.0,16.072593813457075,0.6731176398002923,0.9986924020394186
1286,38.0,32.0,1.074869315490716,24.0,655.0,21894.0,40.615172334282995,0.6627064439989778,0.9315395918805893
1287,39.0,0.0,1.0471968662163191,37.0,792.0,36148.0,16.31248375784979,0.670379967620716,0.9996190101805056
1288,39.0,1.0,1.066812126072775,21.0,625.0,23188.0,78.46454554077481,0.6389836191751901,0.8481231022006434
1289,39.0,2.0,1.0360032035668523,42.0,725.0,32602.0,18.47141099718571,0.6650471497425425,0.9996512524013357
1290,39.0,3.0,1.292159450243791,59.0,649.0,31671.0,19.138905484972074,0.613553082753991,0.997724111273042
1291,39.0,4.0,1.069005792396659,41.0,656.0,27861.0,19.491195019497788,0.6719195723045253,0.9985330151168612
1292,39.0,5.0,1.0739442214679702,38.0,520.0,22420.0,15.285698233578996,0.6408891541727608,0.8158069652271565
1293,39.0,6.0,1.051511368075079,32.0,720.0,31137.0,22.896470162246278,0.672413113845759,0.9970199880673086
1294,39.0,7.0,1.0064094523887457,35.0,653.0,27463.0,18.28073657294138,0.6567944422500471,0.9037299081341829
1295,39.0,8.0,1.1840094321999337,35.0,618.0,25679.0,17.284971803803558,0.7106081215304831,0.8803632925713817
1296,39.0,9.0,1.2317393767265332,50.0,689.0,28767.0,14.052296074335251,0.6907512101363515,0.9487530399176618
1297,39.0,10.0,1.0548897550595164,25.0,540.0,20015.0,26.83328208344607,0.6348471556508946,0.8711917851438944
1298,39.0,11.0,0.9560280837318405,30.0,709.0,23408.0,22.081887211568226,0.6771234842550535,0.9872095742840022
1299,39.0,12.0,1.0139507913211703,31.0,636.0,25894.0,23.97945339019475,0.6627997924228615,0.9272479163708659
1300,39.0,13.0,0.9867476129327543,31.0,671.0,21530.0,21.54543361189687,0.6749610143249076,0.9617868327657861
1301,39.0,14.0,1.1603407338614857,34.0,625.0,24288.0,20.11303900592268,0.694804719902411,0.9334219927030495
1302,39.0,15.0,1.1731052471765993,41.0,804.0,44272.0,18.17257921448561,0.7293750551069735,0.9996878381217845
1303,39.0,16.0,1.0744091654433954,35.0,622.0,26027.0,22.735573021181565,0.66784052212071,0.9664836923012857
1304,39.0,17.0,1.0431042031393045,34.0,556.0,20125.0,17.14581599220629,0.6568545590439413,0.8967419546532537
1305,39.0,18.0,1.047053144778785,34.0,593.0,25188.0,20.115797400100632,0.6555568780749523,0.8894715009115627
1306,39.0,19.0,1.0559655533729344,30.0,670.0,29587.0,23.58145263913423,0.6738326469908638,0.9971129472958928
1307,39.0,20.0,1.0577153807974018,23.0,532.0,16775.0,24.205518167655452,0.628934019291715,0.8245750551871998
1308,39.0,21.0,1.0722818156038088,42.0,670.0,28943.0,19.31902653757705,0.6682384993751074,0.9841820921195232
1309,39.0,22.0,1.0266003845221732,23.0,690.0,23423.0,30.863053640575018,0.6720346617854699,0.9706175589137572
1310,39.0,23.0,1.0158030055618492,31.0,779.0,33430.0,25.50738210784425,0.6694238479054287,0.9987949812434884
1311,39.0,24.0,1.0472284386450672,36.0,710.0,28965.0,23.326576306274067,0.6663234792496535,0.9697224433192603
1312,39.0,25.0,0.43877022270159544,51.0,894.0,67725.0,24.26306081036401,0.31915324140948875,0.9997325602618629
1313,39.0,26.0,1.0529674351042666,29.0,663.0,23762.0,25.96292515726567,0.6667326364745108,0.9655882371134479
1314,39.0,27.0,1.0200913685840047,30.0,650.0,22893.0,21.66664500002167,0.676786792756717,0.9887422865531621
1315,39.0,28.0,1.2354140930117385,45.0,679.0,26346.0,14.67359740621546,0.6645379383319501,0.9987797569953643
1316,39.0,29.0,1.0589440977853721,25.0,713.0,27646.0,28.757538528517767,0.6736547804944955,0.9902409329025144
1317,39.0,30.0,1.0276286872111635,26.0,548.0,20290.0,22.05570866912029,0.6600335781185007,0.8961446503788263
1318,39.0,31.0,1.1927739065107759,48.0,756.0,65654.0,22.377111054724164,0.3949941073335801,0.9997359737957044
1319,39.0,32.0,1.0017433631058195,28.0,657.0,22909.0,25.70830258684283,0.6740705680658826,0.9644497653855264
1320,40.0,0.0,0.6492453863511949,31.0,874.0,45770.0,18.547341880393358,0.527842429570506,0.8527813885680472
1321,40.0,1.0,0.292411195918432,26.0,1475.0,45765.0,39.677742806592704,0.4233256421263468,0.967624594950849
1322,40.0,2.0,0.8186085035182975,43.0,973.0,45782.0,17.981388129835004,0.6268491023196573,0.9996587467076296
1323,40.0,3.0,1.096606266859373,37.0,638.0,45776.0,15.8937306435559,0.6722270374673236,0.9623680327255084
1324,40.0,4.0,1.0231426500627592,29.0,743.0,45768.0,19.296681727738196,0.6755341808396554,0.999692812282593
1325,40.0,5.0,1.1119787477780154,29.0,669.0,45768.0,26.56811015475342,0.6791977968184177,0.9898298607991902
1326,40.0,6.0,1.037611840625868,27.0,701.0,45766.0,27.901150201299856,0.6715479468580398,0.9832768491399789
1327,40.0,7.0,1.0484388607267967,42.0,609.0,45781.0,16.017231735773876,0.3524156781271518,0.8968043667818143
1328,40.0,8.0,1.138058115995306,36.0,759.0,45775.0,22.38925632130109,0.6887723076865435,0.9768118972379493
1329,40.0,9.0,1.0550288996968347,36.0,673.0,45775.0,15.086517866212098,0.6617886666320912,0.8974542144955372
1330,40.0,10.0,0.3983000614066284,36.0,718.0,45775.0,17.73331069447631,0.27188724245796136,0.9996733302640655
1331,40.0,11.0,1.4515084522013812,52.0,611.0,45791.0,12.726713678901033,0.5943222263281426,0.9943452746839196
1332,40.0,12.0,1.2546352933973084,38.0,590.0,45777.0,17.86207585227323,0.6546120178748269,0.9498325203568786
1333,40.0,13.0,1.2635301203200053,43.0,547.0,45782.0,18.37972635521146,0.6270069837748475,0.9478225456936348
1334,40.0,14.0,1.0070601914777744,30.0,613.0,45769.0,20.193839258323056,0.6512206295527083,0.8837139270766112
1335,40.0,15.0,1.070594117511625,32.0,630.0,45771.0,19.962016685952985,0.6694750667360768,0.9693593198239411
1336,40.0,16.0,1.0284643260527098,41.0,615.0,45780.0,14.603205162887507,0.6608374969882173,0.9039616172122841
1337,40.0,17.0,1.05763689528613,31.0,726.0,45770.0,24.82969642604989,0.6740017459023464,0.992118169841316
1338,40.0,18.0,1.042762793093311,29.0,702.0,45768.0,23.676743481302385,0.6713672083413456,0.9974034858738136
1339,40.0,19.0,1.067449626264399,39.0,639.0,45778.0,19.70287477896648,0.668810679719841,0.9864201975150154
1340,40.0,20.0,1.0758737034199843,35.0,578.0,45774.0,35.69430293388427,0.647673794138326,0.8567435682153506
1341,40.0,21.0,1.047661882603785,34.0,713.0,45773.0,26.215027020085824,0.6728398022068541,0.9980576952931296
1342,40.0,22.0,1.0119191056928685,26.0,540.0,45765.0,25.455502427782864,0.6364604423185369,0.8031445613772648
1343,40.0,23.0,0.9051222798629186,18.0,476.0,45757.0,27.533255244762348,0.5313964164606836,0.6125660525137403
1344,40.0,24.0,1.0485766488243353,46.0,726.0,45785.0,15.554083173534968,0.6724249920620458,0.9994031969201412
1345,40.0,25.0,1.052730739884646,28.0,675.0,45767.0,24.511366277281823,0.6752827891850934,0.9862646417501497
1346,40.0,26.0,1.0323356794395673,25.0,649.0,45764.0,25.199969948846203,0.6611403411247307,0.9429982670888966
1347,40.0,27.0,1.063324579562625,34.0,646.0,45773.0,20.908769153731388,0.6659727115834417,0.9708504226888875
1348,40.0,28.0,1.139832115350425,32.0,699.0,45771.0,19.970809916347715,0.6630561559560287,0.9785468532025281
1349,40.0,29.0,1.0580405628759548,32.0,624.0,45771.0,20.725228281452896,0.6708292028825555,0.9756799259589809
1350,40.0,30.0,1.0556354745430574,46.0,678.0,45785.0,14.630331798146853,0.6752520838837206,0.9933363080544284
1351,40.0,31.0,1.065252789681499,34.0,662.0,45773.0,23.875759704936126,0.6738666835692668,0.9835047403571675
1352,40.0,32.0,1.0471405962746738,56.0,683.0,45272.0,12.383637911880854,0.5130860267691051,0.9980234051439953
1353,41.0,0.0,1.0593245836549645,33.0,622.0,34007.0,23.716627289896792,0.6405508573919423,0.8582573851592117
1354,41.0,1.0,1.0538472141330417,38.0,686.0,34012.0,20.198807494724164,0.6541674738554859,0.9620619808035099
1355,41.0,2.0,1.065032898510585,27.0,662.0,34001.0,32.25706909908369,0.6544706110522169,0.9262051008710689
1356,41.0,3.0,1.0562246430021576,27.0,727.0,34001.0,27.05857521921887,0.6750841302011305,0.9871625251977911
1357,41.0,4.0,0.9535021860148394,34.0,774.0,34008.0,24.022199681502787,0.6770878996332841,0.9941802072608593
1358,41.0,5.0,1.0298158267318733,33.0,650.0,34007.0,19.670615277327055,0.653234948794067,0.8644235561105278
1359,41.0,6.0,1.0606389993524215,30.0,658.0,34004.0,21.677328025697065,0.66917189634028,0.9672081471378077
1360,41.0,7.0,1.0765600953422383,27.0,679.0,34001.0,34.56936383125426,0.6479864519912777,0.9390216266788206
1361,41.0,8.0,1.0664781390266778,38.0,689.0,34012.0,20.155534194432224,0.6639844898165151,0.9938300254182045
1362,41.0,9.0,1.069220936136334,46.0,628.0,34020.0,14.243621260304858,0.671592925673886,0.9849762477029131
1363,41.0,10.0,1.2286304097738785,42.0,668.0,34016.0,15.282722024006205,0.6620702987131254,0.9996095225308156
1364,41.0,11.0,1.0813893597442545,25.0,570.0,33999.0,25.903256010407173,0.6578932330447689,0.8720451821346356
1365,41.0,12.0,1.0186047243796672,35.0,707.0,34009.0,20.840044510369008,0.6727900175154204,0.9993717958328213
1366,41.0,13.0,1.014911468776929,36.0,732.0,34010.0,21.89896956855834,0.6763843374446568,0.9989939794004553
1367,41.0,14.0,1.0776425064432,29.0,577.0,34003.0,25.94440122847382,0.665545760452214,0.9509018163417965
1368,41.0,15.0,1.0775346448600989,33.0,602.0,34007.0,21.999970844341025,0.6693926027477872,0.9322533233844875
1369,41.0,16.0,1.0870713430313592,32.0,638.0,34006.0,22.736082618674413,0.6714115353931783,0.9650740434960505
1370,41.0,17.0,1.0374777360129066,32.0,483.0,34006.0,20.65868582731706,0.6195536597959962,0.743076449925577
1371,41.0,18.0,1.0625829208346873,35.0,700.0,34009.0,19.994426191144093,0.6718242906757294,0.9836694844745689
1372,41.0,19.0,0.9988193455732389,33.0,720.0,34007.0,23.199974366699177,0.6721336098858165,0.9995955582232101
1373,41.0,20.0,1.0706604797211725,40.0,486.0,34014.0,25.664233114543638,0.628438131203015,0.753734100852989
1374,41.0,21.0,1.061805633031005,37.0,655.0,34011.0,21.73806767237573,0.6735076948486661,0.9851848510837631
1375,41.0,22.0,1.0164738659659627,29.0,701.0,34003.0,26.84845084485887,0.6750254226085102,0.9945687592130944
1376,41.0,23.0,0.5023139934257359,46.0,777.0,34020.0,17.496196351311283,0.33381840067691215,0.9997092311998298
1377,41.0,24.0,0.8823962244384221,80.0,858.0,34054.0,13.194147374389885,0.33647005038520783,0.9997323099867154
1378,41.0,25.0,1.1453829538087819,52.0,684.0,34026.0,12.648800030078352,0.6628665590760998,0.9997324243296609
1379,41.0,26.0,1.2508904686919555,55.0,700.0,34029.0,15.015656468309144,0.5790116648437736,0.9856698382364926
1380,41.0,27.0,1.0861021564049456,39.0,712.0,34013.0,18.54475604192315,0.6663618483165407,0.9942812452109728
1381,41.0,28.0,0.9391719749947114,28.0,476.0,34002.0,17.766644389978527,0.5813412526755624,0.6597474365628729
1382,41.0,29.0,1.0243213767106683,29.0,692.0,34003.0,27.361866874890254,0.6732304180625306,0.978629013053317
1383,41.0,30.0,1.0639110726893284,31.0,660.0,34005.0,22.220212773203098,0.6505704702767695,0.9947929246073616
1384,41.0,31.0,1.1968919309270074,39.0,699.0,34013.0,19.889557555418513,0.6783500840244341,0.925715472338931
1385,41.0,32.0,0.9547293425275489,46.0,730.0,33808.0,16.834973973976304,0.6724062115978193,0.9979304998254033
1386,42.0,0.0,1.095527068790047,33.0,697.0,31311.0,17.93747993610627,0.679255744228904,0.9891829608702859
1387,42.0,1.0,1.3231998166890326,49.0,665.0,31327.0,16.54525710124577,0.5737696797373042,0.9949796167008689
1388,42.0,2.0,1.1580000969368875,34.0,617.0,31312.0,16.689564924152734,0.5524395921452183,0.859667083389916
1389,42.0,3.0,1.0909039958338056,51.0,638.0,31329.0,33.143544379995305,0.6619003081902618,0.9598455274780386
1390,42.0,4.0,1.0332528317624754,40.0,502.0,31318.0,18.000650604341903,0.6210774376425583,0.7521334358972502
1391,42.0,5.0,1.065185579541772,33.0,655.0,31311.0,19.604743653759044,0.6753338712710111,0.97138154872956
1392,42.0,6.0,0.8757308835748069,72.0,803.0,31350.0,12.194586792458455,0.4742548042745969,0.9996492541198589
1393,42.0,7.0,1.072969826130553,36.0,692.0,31314.0,20.77487001879714,0.6738569466068349,0.992158226222849
1394,42.0,8.0,1.0753065209300476,37.0,604.0,31315.0,20.49323958690036,0.6646771578790047,0.924050406154018
1395,42.0,9.0,1.0422228675017,30.0,658.0,31308.0,25.488851651915677,0.674411356144175,0.9924745087144571
1396,42.0,10.0,1.0777337266766371,30.0,702.0,31308.0,28.42059159934374,0.6719348980464205,0.99628804349015
1397,42.0,11.0,1.0467713680295578,30.0,711.0,31308.0,23.306956047620258,0.6733480208941235,0.9977110781894774
1398,42.0,12.0,1.0500911263143595,34.0,703.0,31312.0,20.97220301699333,0.6762492256648864,0.9893040202589933
1399,42.0,13.0,1.0079538630002405,25.0,684.0,31303.0,27.966628366725633,0.6729810195724284,0.9666433716200811
1400,42.0,14.0,0.9006690880619572,26.0,452.0,31304.0,18.312456653816707,0.5744496916259227,0.6011527087056703
1401,42.0,15.0,0.917786686846715,31.0,440.0,31309.0,13.006395208005829,0.5806388933817199,0.6107689373321504
1402,42.0,16.0,1.0679061818967104,26.0,698.0,31304.0,26.70613698494226,0.6767786421186011,0.9968170831077737
1403,42.0,17.0,1.0347656704490622,28.0,693.0,31306.0,24.027751782436535,0.6734443202383684,0.9934430136179773
1404,42.0,18.0,1.0612643181524102,29.0,611.0,31307.0,27.726444733292908,0.6713793958910524,0.9738165530665285
1405,42.0,19.0,1.0801963404329733,21.0,607.0,31299.0,29.77667288671579,0.6686336914173107,0.9707808219847764
1406,42.0,20.0,1.0731267153904933,27.0,661.0,31305.0,25.11107990744946,0.6736680279160492,0.9905579643018803
1407,42.0,21.0,1.0712117436586235,39.0,691.0,31317.0,21.122197270405824,0.6705041978589004,0.9781080889816743
1408,42.0,22.0,1.4674610524418013,53.0,571.0,31331.0,12.178123825901178,0.5247939061868178,0.9995030228492154
1409,42.0,23.0,1.0248253171988417,28.0,673.0,31306.0,23.972193087010186,0.6763756227968603,0.9936849007322118
1410,42.0,24.0,1.1906554705022618,50.0,647.0,31328.0,12.804912925858307,0.6873790436667043,0.9123371603683491
1411,42.0,25.0,1.1486663312732186,57.0,745.0,31335.0,12.7166562907124,0.6735594772303514,0.980615042478177
1412,42.0,26.0,1.0535715509457475,28.0,627.0,31306.0,42.69149893934462,0.6580204331202606,0.9759359451768549
1413,42.0,27.0,1.081117833743463,35.0,657.0,31313.0,21.754944241475485,0.6695611556163803,0.9935600880392148
1414,42.0,28.0,1.0580424193329732,32.0,709.0,31310.0,24.379599167995508,0.6724188603313117,0.9958122492567226
1415,42.0,29.0,1.0387720583977347,41.0,732.0,31319.0,21.36108603985075,0.6702465715913171,0.9996117325982656
1416,42.0,30.0,1.039996365841794,34.0,798.0,31312.0,26.51828577218437,0.6739222059192241,0.9923553397116341
1417,42.0,31.0,0.8376084665323661,49.0,750.0,31327.0,16.399218307657144,0.2970225298099135,0.9997222525342784
1418,42.0,32.0,1.0581365617816305,36.0,705.0,31102.0,23.341196096337796,0.6706750966150566,0.9879948647068554
1419,43.0,0.0,1.027615705711,34.0,746.0,23791.0,22.830316244776608,0.6681791156436525,0.993583031838162
1420,43.0,1.0,0.44346417284862133,38.0,865.0,23795.0,49.873810303235416,0.32943618064423297,0.9996835796530983
1421,43.0,2.0,0.9887120836520844,22.0,646.0,23779.0,24.435471971901535,0.6622286392931964,0.8801346887180903
1422,43.0,3.0,1.0726822958167885,28.0,650.0,23785.0,34.06340975080958,0.6530521273877301,0.9478170729704077
1423,43.0,4.0,0.9962360273288507,20.0,667.0,23777.0,31.958286441042414,0.6445591499390082,0.8951174091816826
1424,43.0,5.0,1.059113584865649,40.0,712.0,23797.0,18.370043713114345,0.660965959905492,0.9942886896222672
1425,43.0,6.0,1.054760089442539,40.0,659.0,23797.0,20.54542909974638,0.674687926485878,0.9761348241469616
1426,43.0,7.0,1.0275315235671654,30.0,626.0,23787.0,23.83244553518472,0.6680183327322469,0.9378409687680351
1427,43.0,8.0,0.9337431361655152,37.0,861.0,23794.0,23.334299619698623,0.6805573021976451,0.9997145943362054
1428,43.0,9.0,1.0808569278314746,30.0,591.0,23787.0,26.24123713501341,0.6621710596857784,0.9528499086024121
1429,43.0,10.0,1.0442904979570513,38.0,669.0,23795.0,18.152761568302978,0.6713624856089987,0.9669547463404075
1430,43.0,11.0,1.0441261618635367,58.0,572.0,23815.0,9.00776977846538,0.4453305307676996,0.9996580841680047
1431,43.0,12.0,1.0356093998759546,34.0,742.0,23791.0,22.937790543371452,0.6777002003653996,0.9939024900444973
1432,43.0,13.0,1.0643198677677608,37.0,672.0,23794.0,19.589863539591036,0.6713923714423863,0.9834365209346884
1433,43.0,14.0,1.323502678201793,41.0,557.0,23798.0,13.58710774593871,0.6019830589606556,0.8942785188702396
1434,43.0,15.0,1.072520630062134,45.0,726.0,23802.0,17.819984732014245,0.6724712803235184,0.9766013373809337
1435,43.0,16.0,0.5868076041094914,53.0,608.0,23810.0,9.591658506059426,0.3078258401657158,0.9998661939929672
1436,43.0,17.0,1.0722508167930016,23.0,514.0,23780.0,25.69692824092087,0.5679079295319511,0.675062141963025
1437,43.0,18.0,0.9544580471901688,38.0,715.0,23795.0,20.42611856976862,0.6790409310165197,0.9946956064693552
1438,43.0,19.0,1.0657125815699648,36.0,628.0,23793.0,19.744421120402443,0.6557804975002737,0.9354357025799307
1439,43.0,20.0,1.0703441474004283,26.0,586.0,23783.0,25.638845435156117,0.651044106918198,0.8856314036549459
1440,43.0,21.0,1.0755838540344258,41.0,613.0,23798.0,20.86663653283595,0.6586281622294259,0.9015050526497701
1441,43.0,22.0,1.355170833405808,75.0,641.0,23832.0,10.977074125879456,0.5329069828451025,0.9996929858918667
1442,43.0,23.0,1.0362200477988701,36.0,610.0,23793.0,16.88389712821459,0.6625130414791996,0.9089028450529164
1443,43.0,24.0,1.0813043393989792,42.0,691.0,23799.0,16.703602299224798,0.6743821837798527,0.9927519466769474
1444,43.0,25.0,1.055086006200105,40.0,652.0,23797.0,16.151839075525075,0.6668754207767356,0.9255157517912522
1445,43.0,26.0,0.9862086359514304,32.0,731.0,23789.0,24.42169231515932,0.6758371132847956,0.9976560879731279
1446,43.0,27.0,1.0545165235621632,27.0,648.0,23784.0,25.852954701557763,0.6678449731937719,0.9551880275937323
1447,43.0,28.0,1.0742638526486703,28.0,596.0,23785.0,25.748207007691764,0.6583116732535772,0.9254793063077845
1448,43.0,29.0,1.0097432180637456,25.0,748.0,23782.0,30.351814817432118,0.6697539648769395,0.9800432763006415
1449,43.0,30.0,1.1008383050362114,40.0,751.0,23797.0,17.9860869918906,0.6691314628976714,0.9960175021569216
1450,43.0,31.0,1.0426357135531572,34.0,634.0,23791.0,15.181073182800802,0.6521414119955061,0.9029030909029305
1451,43.0,32.0,1.0237037142112502,28.0,575.0,23471.0,15.614566222530497,0.6474247054598476,0.911431912195881
1452,44.0,0.0,0.46446006196386813,54.0,1158.0,30002.0,12.446533655249285,0.5130333273749741,0.9989555794582236
1453,44.0,1.0,0.311536396220348,25.0,1282.0,29973.0,32.433279727931705,0.3584767920514045,0.8908997635113312
1454,44.0,2.0,0.6280316543619756,49.0,1071.0,29997.0,21.387486259847,0.5317561190944563,0.9889114687424769
1455,44.0,3.0,1.0818980629349269,37.0,626.0,29985.0,22.010934935512694,0.6672918686656857,0.9680071160029596
1456,44.0,4.0,1.08652819446936,33.0,545.0,29981.0,20.334099318616413,0.6595117413793581,0.941124322583744
1457,44.0,5.0,1.2806895290716185,44.0,655.0,29992.0,17.533792337051793,0.6561733427509568,0.9986505810924915
1458,44.0,6.0,1.0726140632726788,37.0,600.0,29985.0,18.25354033362991,0.6614930994021391,0.9265923955563534
1459,44.0,7.0,1.0639694236994477,29.0,660.0,29977.0,23.174576992492238,0.6743532670854773,0.9751510520958707
1460,44.0,8.0,1.02396653823737,49.0,691.0,29997.0,13.986734133100148,0.6764495494255796,0.9995964729121601
1461,44.0,9.0,1.0713003900357174,30.0,707.0,29978.0,26.363389392259744,0.6714073736952304,0.9789885671281778
1462,44.0,10.0,1.0656780371910257,37.0,551.0,29985.0,20.69139754334481,0.6386424556180346,0.8151899691906992
1463,44.0,11.0,1.0684128198813747,36.0,614.0,29984.0,21.277411094965696,0.6603790640889133,0.9148303628875455
1464,44.0,12.0,1.0433906110345779,34.0,716.0,29982.0,22.49997656334457,0.6750301523056712,0.9939259501629498
1465,44.0,13.0,1.0714368941696115,26.0,662.0,29974.0,26.516448162846462,0.6695009962011733,0.9631763633003734
1466,44.0,14.0,1.0681518608689347,25.0,646.0,29973.0,27.352149163319165,0.6727552104663043,0.9853208311923689
1467,44.0,15.0,1.024436898295688,29.0,694.0,29977.0,26.12817461295563,0.6727275928186502,0.9632510203785546
1468,44.0,16.0,1.0737790167312475,26.0,645.0,29974.0,36.09157651902233,0.6691187040675288,0.9405888456396503
1469,44.0,17.0,1.0676476990273038,39.0,693.0,29987.0,18.252615877576687,0.672833147789846,0.99908422991939
1470,44.0,18.0,1.026100130815338,32.0,597.0,29980.0,19.49468610841156,0.6642709221669528,0.9219895122060177
1471,44.0,19.0,1.0545636756294108,41.0,579.0,29989.0,15.38093721787915,0.6632242964063426,0.8913245011069851
1472,44.0,20.0,1.153266047048219,40.0,704.0,29988.0,16.67454191076258,0.670986828564597,0.999615223433394
1473,44.0,21.0,1.0772346245160502,34.0,648.0,29982.0,19.976169821074375,0.6730791075899999,0.9810248243248187
1474,44.0,22.0,1.0276078420789,33.0,732.0,29981.0,23.111086834873195,0.6762478589419443,0.9996101113279464
1475,44.0,23.0,1.009208311480758,28.0,750.0,29976.0,26.345208049650683,0.675847589283234,0.9906956173676233
1476,44.0,24.0,1.3530761103774347,43.0,476.0,29991.0,11.982404512284422,0.5782441610296627,0.8004520112092096
1477,44.0,25.0,1.0255234481237931,28.0,690.0,29976.0,26.012785085066728,0.6697663595638292,0.9836455274143069
1478,44.0,26.0,1.0632266853946826,33.0,646.0,29981.0,21.018494649133217,0.6745570244083378,0.9942063458985714
1479,44.0,27.0,0.9885670963230477,50.0,666.0,29998.0,16.535608682368196,0.5102227635767539,0.9703938723227025
1480,44.0,28.0,1.1112653884006003,60.0,717.0,30008.0,19.26006688044364,0.34106604153966047,0.9997439645381029
1481,44.0,29.0,1.0762261520546423,36.0,637.0,29984.0,18.21526074509828,0.6653813782665349,0.957521668863673
1482,44.0,30.0,1.0531255132097748,32.0,728.0,29980.0,23.73491734000916,0.6603715741054539,0.996930351878521
1483,44.0,31.0,1.0252438497539862,29.0,690.0,29977.0,23.373460638334823,0.6637922222619156,0.9865048857170086
1484,44.0,32.0,1.0758468255132425,33.0,681.0,29707.0,22.446597856065182,0.6519141472874829,0.9620556930547162
1485,45.0,0.0,1.085162061121664,41.0,642.0,22115.0,19.58457282979749,0.6673189917746349,0.9940007285774757
1486,45.0,1.0,1.0747287714568836,30.0,644.0,22104.0,28.097171248181393,0.6702531533796291,0.9633630511086828
1487,45.0,2.0,1.060009393732538,26.0,541.0,22100.0,28.382294515415868,0.6464608771792524,0.8569598305962459
1488,45.0,3.0,1.158695496513469,48.0,769.0,22122.0,24.18898364362588,0.7509856932123343,0.9753319632311747
1489,45.0,4.0,1.059756133021533,30.0,628.0,22104.0,21.82219625188664,0.6656850855470443,0.9214434161526572
1490,45.0,5.0,0.3892872273521891,39.0,769.0,22113.0,26.4344868007021,0.2821124410821084,0.9998068686853522
1491,45.0,6.0,1.0617588482472973,41.0,711.0,22115.0,18.042841793891615,0.6691811180896526,0.9894100137941991
1492,45.0,7.0,1.0535792681191323,30.0,649.0,22104.0,21.648786314864694,0.6637505678885132,0.9321960806501147
1493,45.0,8.0,1.038245646769963,30.0,655.0,22104.0,22.520806080766146,0.6594652768354179,0.9317095887099153
1494,45.0,9.0,1.0482866591343798,43.0,711.0,22117.0,17.773973872883243,0.6759972378902386,0.9936966715402265
1495,45.0,10.0,1.0517726321564949,41.0,741.0,22115.0,18.68190181142539,0.6760418506087177,0.9987907296218683
1496,45.0,11.0,1.0072311552482647,18.0,627.0,22092.0,50.03358928177975,0.6614123890667094,0.909372949327615
1497,45.0,12.0,1.0445912086285338,30.0,686.0,22104.0,23.80552780096225,0.6741503619555593,0.9787112338056158
1498,45.0,13.0,1.1567975632674916,26.0,708.0,22100.0,24.642818279915886,0.6417434949349199,0.9811524550904395
1499,45.0,14.0,1.0653837208485368,27.0,533.0,22101.0,23.272446321472128,0.6170360793320779,0.76217239995918
1500,45.0,15.0,0.6273627039180892,51.0,819.0,22125.0,18.649072368811723,0.36705855700487067,0.9997088127509758
1501,45.0,16.0,1.072429426245591,30.0,548.0,22104.0,23.78880483172829,0.6463755878814134,0.8370186096080683
1502,45.0,17.0,1.0447798913886412,33.0,650.0,22107.0,19.696951790649887,0.6757224357359279,0.9906614804081999
1503,45.0,18.0,1.323097596364967,50.0,668.0,22124.0,14.200752588617757,0.5644879643906877,0.8826423219969319
1504,45.0,19.0,1.0487036136059114,43.0,706.0,22117.0,17.11914276435351,0.6687487200865387,0.9972785948710977
1505,45.0,20.0,1.0776612085824575,39.0,714.0,22113.0,18.777761723265737,0.667716651109737,0.998794765688368
1506,45.0,21.0,1.0445261270149788,41.0,743.0,22115.0,17.696271018853242,0.6765283743678487,0.9996214930926532
1507,45.0,22.0,1.0322728761212647,36.0,676.0,22110.0,18.558999170253916,0.6686618223284995,0.9995737607495401
1508,45.0,23.0,1.0224059548052082,29.0,519.0,22103.0,17.882518690578728,0.6403198207973941,0.8112219100249127
1509,45.0,24.0,1.0287289243323197,39.0,693.0,22113.0,17.48556311627432,0.6762450470293024,0.9911348274668194
1510,45.0,25.0,1.062802720864917,29.0,650.0,22103.0,22.37177053133928,0.6654260694622363,0.9476906201575229
1511,45.0,26.0,1.0684711836346994,34.0,670.0,22108.0,20.212480087000174,0.669171463686689,0.9710350874879217
1512,45.0,27.0,1.0588106307585126,34.0,699.0,22108.0,22.709246996942824,0.6683070349685032,0.9832890685950585
1513,45.0,28.0,1.0676152528140106,37.0,691.0,22111.0,21.32191243678436,0.670801628315941,0.9869056722534
1514,45.0,29.0,1.1605761813155877,44.0,644.0,22118.0,13.704152877446194,0.6743852499120969,0.9995716279363224
1515,45.0,30.0,1.2468564268030267,40.0,628.0,22114.0,15.315956927844269,0.6499815440555399,0.9698413200341851
1516,45.0,31.0,1.243787129754334,48.0,693.0,22122.0,15.16163285675352,0.7337896052516977,0.92291162287931
1517,45.0,32.0,1.0476680794147812,24.0,595.0,21856.0,25.018003643549168,0.6506388838237684,0.8699962201797193
1518,46.0,0.0,0.9461844204552446,60.0,1061.0,33117.0,12.338561325624557,0.4714566582999461,0.9545117377135416
1519,46.0,1.0,0.7116023238781684,41.0,1014.0,33098.0,17.187183878404227,0.6106337232166852,0.9996374407803434
1520,46.0,2.0,0.5582697384322434,34.0,1129.0,33091.0,23.245804964642176,0.5619718297999445,0.9987615676190097
1521,46.0,3.0,0.5071139849854455,27.0,988.0,33084.0,26.069414898783197,0.44101692905198475,0.7589117081293528
1522,46.0,4.0,0.6960294741953537,40.0,937.0,33097.0,16.090595279895602,0.5551105523558132,0.8992596278131046
1523,46.0,5.0,0.7701403820354417,27.0,955.0,33084.0,29.41165331013405,0.6053198290279058,0.9798396347421438
1524,46.0,6.0,1.060031264508893,42.0,571.0,33099.0,31.897177974727995,0.666452343883676,0.9068437014693851
1525,46.0,7.0,1.0752646981506777,31.0,692.0,33088.0,24.829100960895968,0.6683040190798917,0.9931728446385604
1526,46.0,8.0,1.0610530894799197,27.0,655.0,33084.0,26.61265925599856,0.6643789839095811,0.9358290447583006
1527,46.0,9.0,1.0768601742549602,29.0,555.0,33086.0,36.96018357770188,0.6591260812035727,0.9018636656135679
1528,46.0,10.0,1.0323668744392527,27.0,501.0,33084.0,19.93330537782086,0.6331750388993391,0.7588297376794824
1529,46.0,11.0,1.0318043926279992,43.0,630.0,33100.0,19.504394748974963,0.6810890632412243,0.9902355557002791
1530,46.0,12.0,1.4111403102148141,54.0,586.0,33111.0,10.026300950881469,0.6454784288210292,0.9996756008628298
1531,46.0,13.0,1.0591782691205955,34.0,670.0,33091.0,20.138324074567503,0.6694695381138795,0.9829613152815124
1532,46.0,14.0,1.0466081547837094,33.0,629.0,33090.0,22.71385796868496,0.66119220289355,0.9305387806581348
1533,46.0,15.0,1.0469883894116934,46.0,694.0,33103.0,15.573735322019425,0.6745511061866838,0.9995806868613386
1534,46.0,16.0,1.0850841242187093,36.0,619.0,33093.0,18.397203996701567,0.669911752047601,0.9698166597590175
1535,46.0,17.0,1.0766764584792068,36.0,674.0,33093.0,20.484689966253498,0.6660176285405519,0.9787951852044908
1536,46.0,18.0,1.1898507702847385,44.0,647.0,33101.0,15.0374849195473,0.6835519071818639,0.9189091461005364
1537,46.0,19.0,1.0573837145554135,33.0,686.0,33090.0,24.099966500056155,0.6697909816274998,0.9751648138929317
1538,46.0,20.0,1.0631520455390655,35.0,708.0,33092.0,19.966649122238152,0.6698892989236354,0.9920000035532905
1539,46.0,21.0,1.0433634630494757,28.0,686.0,33085.0,25.599968307450535,0.6727512425786375,0.9743086158842896
1540,46.0,22.0,1.159424647375916,71.0,750.0,33128.0,9.143641855588209,0.3659105098530746,0.9997947581281076
1541,46.0,23.0,1.0471569454249672,24.0,588.0,33081.0,21.931202511160222,0.642410376280189,0.8829482959660928
1542,46.0,24.0,1.0746223217788442,26.0,594.0,33083.0,23.95234882875732,0.6588240990901967,0.9325621084633273
1543,46.0,25.0,1.0588118279969483,45.0,754.0,33102.0,16.862295314435872,0.6665740629457588,0.9972244799213766
1544,46.0,26.0,1.0610896047019347,38.0,695.0,33095.0,18.265403675856643,0.6683553684708003,0.99964833959884
1545,46.0,27.0,1.0749650469410674,32.0,674.0,33089.0,23.874969994254727,0.658173482504167,0.9205308691484937
1546,46.0,28.0,1.0344027402513443,32.0,754.0,33089.0,35.204701590928245,0.6663436259565688,0.9996824415680892
1547,46.0,29.0,1.0626311024582846,28.0,661.0,33085.0,27.84701468350758,0.6719921263089523,0.993149654186681
1548,46.0,30.0,0.9780034828683007,44.0,682.0,33101.0,13.102072429350258,0.6914288659032625,0.9619164103705707
1549,46.0,31.0,1.032697666337852,28.0,683.0,33085.0,24.050237700858847,0.6775977260630166,0.9936572909644016
1550,46.0,32.0,1.0412812166454433,31.0,694.0,32853.0,24.247834107808686,0.6696195458158944,0.9946143815098245
1551,47.0,0.0,1.0698291258584693,37.0,603.0,41839.0,27.06512084490093,0.6615904976727247,0.9144548635364342
1552,47.0,1.0,1.0620320619669896,33.0,609.0,41835.0,23.647327617262835,0.6637996271756272,0.9325017334730351
1553,47.0,2.0,1.3349591580602038,34.0,510.0,41836.0,18.667799188086935,0.5761869922014269,0.8533624020570745
1554,47.0,3.0,1.1296141805795175,39.0,680.0,41841.0,14.843039895934078,0.6704255025779693,0.8992301126578643
1555,47.0,4.0,0.9917730351649421,28.0,524.0,41830.0,20.792219106511183,0.559770549592556,0.6272401371488509
1556,47.0,5.0,1.1225250625121008,32.0,574.0,41834.0,16.742000141453488,0.6605005231009412,0.9084171045805113
1557,47.0,6.0,1.0518975113847806,33.0,670.0,41835.0,27.66982145397778,0.6771707934799737,0.9681340953495108
1558,47.0,7.0,1.0448227912247194,27.0,482.0,41829.0,18.649974647262265,0.6503132493897668,0.8320255856513188
1559,47.0,8.0,1.0104566750026567,32.0,583.0,41834.0,18.15149816530518,0.6771592222828882,0.9677532758403745
1560,47.0,9.0,1.0459766910366923,36.0,728.0,41838.0,19.721195570629554,0.6773338044285735,0.9995867740396122
1561,47.0,10.0,1.0702940805909014,43.0,600.0,41845.0,21.928815823304866,0.6392929347505119,0.8805726330067042
1562,47.0,11.0,1.0736036313182051,29.0,614.0,41831.0,27.80947237539468,0.6715135937347572,0.9843538323608182
1563,47.0,12.0,1.0996253816823538,46.0,700.0,41848.0,13.815266532802653,0.6836064960872423,0.9804841261660665
1564,47.0,13.0,1.2173562108454954,39.0,611.0,41841.0,15.37498300504232,0.6933637113336585,0.888733018715635
1565,47.0,14.0,1.060351334052863,36.0,622.0,41838.0,20.54230219475457,0.6704054893761137,0.9737604629518894
1566,47.0,15.0,1.0652535534150553,42.0,679.0,41844.0,18.049982672240734,0.6758690592679082,0.9839934866028796
1567,47.0,16.0,1.0511800756074399,33.0,572.0,41835.0,17.63115067809642,0.6634843149361327,0.9118885163028347
1568,47.0,17.0,1.014574698235859,31.0,646.0,41833.0,20.8824556798174,0.658711739840762,0.9166785304533218
1569,47.0,18.0,0.996458922560167,26.0,519.0,41828.0,20.103147333752258,0.6151476721322889,0.762992466485715
1570,47.0,19.0,1.06220505465838,35.0,659.0,41837.0,19.764529752900202,0.6699813772653171,0.982947128347863
1571,47.0,20.0,0.42389283755634793,35.0,778.0,41837.0,18.090891599441647,0.28099753253792226,0.9998087366561381
1572,47.0,21.0,1.0498111019587308,40.0,647.0,41842.0,15.789469511707788,0.6747518116356113,0.9901208066828583
1573,47.0,22.0,1.0696184981712353,52.0,748.0,41854.0,21.4467427297271,0.5521757741304146,0.7278130722494776
1574,47.0,23.0,1.0803235021619582,30.0,586.0,41832.0,23.04898577759437,0.6624278713206974,0.942986945846047
1575,47.0,24.0,1.0456704428558035,44.0,723.0,41846.0,16.048571843274345,0.6675539384275616,0.9971826144219094
1576,47.0,25.0,1.0429064887085016,42.0,642.0,41844.0,15.075813517069378,0.6671068520799414,0.9729781845875757
1577,47.0,26.0,1.0332312995314679,25.0,724.0,41827.0,32.54809946644746,0.673678999915911,0.9907759701927179
1578,47.0,27.0,1.0527008197751402,41.0,734.0,41843.0,18.0476044868693,0.6582332609721939,0.9957320310110006
1579,47.0,28.0,0.9753410977342651,29.0,395.0,41831.0,20.90868360508343,0.5413208984261266,0.632038868002447
1580,47.0,29.0,1.1732238595438482,45.0,662.0,41847.0,19.42850755338379,0.6696890137488505,0.8301875085175346
1581,47.0,30.0,1.0531651288546988,30.0,724.0,41832.0,23.690502774337535,0.673902215452755,0.9984957276545183
1582,47.0,31.0,1.035185255525965,37.0,675.0,41839.0,18.504790936823266,0.6669877754103093,0.998660928448962
1583,47.0,32.0,1.3240634445345778,54.0,700.0,41422.0,16.45269836833816,0.5718585413306563,0.9696846929457505
1584,48.0,0.0,1.123214106875075,28.0,644.0,34224.0,19.473186429689058,0.6799167827190427,0.9692718814878353
1585,48.0,1.0,1.1364935670023821,34.0,678.0,34230.0,17.191646227347828,0.6945585360971647,0.959622399787348
1586,48.0,2.0,1.0439283111547428,21.0,619.0,34217.0,35.95700135440648,0.6542875237430803,0.8788974575547843
1587,48.0,3.0,1.1972002342934556,43.0,648.0,34239.0,15.640607166394267,0.694122179414538,0.8834616091115532
1588,48.0,4.0,1.0539208188756755,35.0,647.0,34231.0,15.265607624806272,0.6730346077724707,0.9949424599942224
1589,48.0,5.0,1.0706821077244577,29.0,618.0,34225.0,17.41068827069951,0.6726597547403723,0.9811983183402072
1590,48.0,6.0,1.081542987217531,50.0,697.0,34246.0,13.810012238424457,0.6834502006255213,0.9893889185703342
1591,48.0,7.0,1.0890057577474508,29.0,652.0,34225.0,36.533238944400985,0.6701040035031234,0.9868570407890227
1592,48.0,8.0,1.2899268521391225,53.0,635.0,34249.0,24.384272495425662,0.5771771639184151,0.9741265250661201
1593,48.0,9.0,1.0303617154987712,34.0,674.0,34230.0,20.894641026403512,0.678463396752309,0.9837173044905911
1594,48.0,10.0,1.0706626789173659,32.0,655.0,34228.0,22.026236605116342,0.674693453275294,0.9977878190351486
1595,48.0,11.0,1.0330129785494855,29.0,722.0,34225.0,24.64527104353786,0.6777043118159427,0.9987231869711061
1596,48.0,12.0,1.0372408147176262,20.0,509.0,34216.0,33.38877851900039,0.6445779416799507,0.8118929155071384
1597,48.0,13.0,1.0630472086364238,31.0,657.0,34227.0,27.96775218492282,0.672304078370477,0.9635865005977999
1598,48.0,14.0,0.9963725219322219,24.0,514.0,34220.0,21.787146439832913,0.6166570838044403,0.757964588891981
1599,48.0,15.0,1.268707565595149,38.0,678.0,34234.0,19.254144445512114,0.680894074575522,0.9475754659057504
1600,48.0,16.0,1.0615941216463678,39.0,753.0,34235.0,20.688868985074084,0.6711034582645917,0.999198477257995
1601,48.0,17.0,1.0673239928031668,24.0,624.0,34220.0,26.123341576716133,0.6740859375159112,0.963776073441974
1602,48.0,18.0,1.0531015859583504,26.0,503.0,34222.0,19.956382758573554,0.6376657540453452,0.8171718831424543
1603,48.0,19.0,1.0450726550027465,29.0,714.0,34225.0,24.50592480126628,0.6742115092945813,0.9883022439407229
1604,48.0,20.0,1.0780049931312574,24.0,595.0,34220.0,29.48407226013065,0.6634144065794262,0.8985224331339078
1605,48.0,21.0,1.0640647971619204,38.0,735.0,34234.0,20.734031073053945,0.6670504066285039,0.9898831137441041
1606,48.0,22.0,1.017074483258944,38.0,787.0,34234.0,20.77776037744051,0.6696882344340266,0.9983786112748363
1607,48.0,23.0,0.9831391014744388,17.0,574.0,34213.0,35.46023971297537,0.5874133337740801,0.7199655364031796
1608,48.0,24.0,1.0495282020270915,39.0,676.0,34235.0,17.80635677926776,0.6719046469028349,0.9860928476222651
1609,48.0,25.0,1.0830153972211682,31.0,719.0,34227.0,23.961878772819457,0.6620787674816186,0.9820933228736151
1610,48.0,26.0,0.5424985158057071,47.0,865.0,34243.0,26.96876595533368,0.3433863887484597,0.9997361424856732
1611,48.0,27.0,1.0503689960570148,28.0,644.0,34224.0,23.797589088051776,0.6705109784074367,0.969514032504033
1612,48.0,28.0,1.017191165286102,24.0,661.0,34220.0,29.762918863446014,0.6755370551309993,0.9973891124409128
1613,48.0,29.0,1.0211042295970392,22.0,562.0,34218.0,25.023775948174503,0.6579657034358941,0.8723126418198054
1614,48.0,30.0,1.324465306100465,61.0,704.0,34257.0,13.106685251648752,0.5831822992736023,0.9776738070252872
1615,48.0,31.0,1.0687906118537747,29.0,719.0,34225.0,33.02771588439746,0.6617821042833281,0.9810141455402792
1616,48.0,32.0,1.218441460724844,50.0,602.0,33745.0,11.356079300259726,0.6390297399103089,0.9376653025043553
1617,49.0,0.0,1.0060738466160368,27.0,700.0,23584.0,24.81544836135645,0.6769039258948286,0.9882023154376217
1618,49.0,1.0,1.1675579797013984,36.0,632.0,23358.0,20.990848187480726,0.6806065084960267,0.9664623829745226
1619,49.0,2.0,0.5531191307717526,41.0,802.0,69570.0,22.32631614308183,0.3354558283256285,0.999766274717581
1620,49.0,3.0,1.0718759353115905,38.0,670.0,27775.0,14.58967985768576,0.684306876671144,0.9646051361632713
1621,49.0,4.0,1.1155260556617679,36.0,640.0,25106.0,14.874975375136124,0.6795753793495145,0.9698485876634853
1622,49.0,5.0,1.1203966227931543,18.0,591.0,19531.0,29.520743550820445,0.6676130933547046,0.8381662384906727
1623,49.0,6.0,1.1801264129618079,49.0,647.0,30594.0,10.504152428733219,0.6407569901169442,0.9905041732402711
1624,49.0,7.0,1.0486071054962784,32.0,737.0,30308.0,18.29958342988558,0.6762796677741181,0.9995786395637701
1625,49.0,8.0,1.0705359267931664,39.0,628.0,26237.0,28.172771486259453,0.6568028588803169,0.8945991668172234
1626,49.0,9.0,1.1039466688331472,36.0,697.0,27219.0,16.402214865151798,0.6871407365589953,0.9537319518465723
1627,49.0,10.0,1.0232153804340263,29.0,612.0,22609.0,20.983311450401953,0.672161963341983,0.9424916909892697
1628,49.0,11.0,1.0829939861357114,35.0,735.0,29582.0,20.456683468875784,0.6871954153919932,0.9861361605055954
1629,49.0,12.0,1.0627145103811098,22.0,584.0,17405.0,26.466628533390914,0.6543225412140401,0.9067361206250196
1630,49.0,13.0,1.024039783990135,31.0,661.0,23483.0,21.313110158328154,0.6747931228444728,0.9732949669311529
1631,49.0,14.0,1.0483980990905768,31.0,612.0,27326.0,15.273792907237908,0.669725440034409,0.9539080676962384
1632,49.0,15.0,1.0735790434779724,35.0,660.0,30781.0,21.302356422820157,0.6704042319090155,0.9979210611150767
1633,49.0,16.0,1.0691191635770942,42.0,623.0,28087.0,15.747671432144651,0.6652549661079612,0.9384356374907211
1634,49.0,17.0,1.0456436481700941,27.0,710.0,28609.0,27.685573178844635,0.6751257671431335,0.9990669247015665
1635,49.0,18.0,1.3004328492720654,37.0,550.0,23977.0,19.71626659570758,0.6445285836490404,0.877332715269145
1636,49.0,19.0,1.0467164570406882,34.0,591.0,23402.0,18.94442236114131,0.6520393619763752,0.8900002219653285
1637,49.0,20.0,1.0067416315650217,30.0,758.0,31296.0,24.7992175925702,0.6742173733791283,0.9996972159377516
1638,49.0,21.0,1.0480114205594542,33.0,680.0,27685.0,22.534695296096782,0.6734846227113399,0.998391587304245
1639,49.0,22.0,1.0683262348298328,32.0,595.0,23640.0,19.172995366085914,0.6671047817475153,0.9548708581240378
1640,49.0,23.0,1.0429404932183166,46.0,530.0,24162.0,25.35354228069913,0.5958507223997508,0.7145233268461937
1641,49.0,24.0,1.0474144802339014,31.0,695.0,29039.0,23.116643372554552,0.6800399018990266,0.9987840427350795
1642,49.0,25.0,1.0557962834919623,34.0,600.0,26788.0,17.74581617866364,0.6674004174875106,0.9351957523345185
1643,49.0,26.0,1.0688480793488229,32.0,646.0,26183.0,23.540068712382155,0.6714831695040785,0.985238738252805
1644,49.0,27.0,1.083711193954377,40.0,625.0,26660.0,20.888081880568635,0.6687149624803606,0.9689782417583548
1645,49.0,28.0,1.0385734708921661,44.0,690.0,30340.0,16.92103892496988,0.6765399269960057,0.9943789179222364
1646,49.0,29.0,1.0109869381081973,30.0,547.0,24785.0,18.61108744818478,0.6295547021260546,0.776059532976769
1647,49.0,30.0,1.1160976142752388,44.0,1191.0,64945.0,29.830738792495378,0.49068497657833976,0.9693306121029293
1648,49.0,31.0,1.1455424144895177,43.0,584.0,20905.0,14.353518195496035,0.6666502257562815,0.8840578202023778
1649,49.0,32.0,1.0209592861668297,24.0,578.0,21212.0,24.194412405137246,0.645025192367061,0.8619928057556855
