,round,tube,sp_div_H,tot_pop_0,tot_final_pop,tot_auc,mean_fc,deg_score,nut_score
0,0.0,0.0,0.2279666871608526,40.0,1070.0,87453.0,26.749973250026752,0.3611256568437391,0.5225454284840709
1,0.0,1.0,1.0843809128790003,40.0,456.0,46022.0,11.399988600011401,0.4072616076236095,0.5243437747167705
2,0.0,2.0,0.12411803388263393,40.0,1064.0,100986.0,26.5999734000266,0.294570634318293,0.5268051635468642
3,0.0,3.0,1.0977679059288645,40.0,190.0,21448.0,4.7499952500047495,0.33143855388525645,0.5768855457483
4,0.0,4.0,0.25987257664042956,40.0,860.0,85686.0,21.499978500021502,0.30423641190076833,0.49312823458960386
5,0.0,5.0,0.4403727727024539,40.0,1657.0,131117.0,41.42495857504143,0.4464984271774478,0.9997623621568388
6,0.0,6.0,0.4841077258953063,40.0,1605.0,132297.0,40.124959875040126,0.4138190609872624,0.9997847029364648
7,0.0,7.0,0.2506986651717535,40.0,946.0,88379.0,23.64997635002365,0.3162506077012339,0.5229237954918895
8,0.0,8.0,1.0825241356005082,40.0,430.0,33276.0,10.749989250010751,0.4482198754500448,0.6454235787442393
9,0.0,9.0,1.025794621828934,40.0,554.0,38646.0,13.84998615001385,0.4389037694546688,0.626529969899796
10,0.0,10.0,0.33443835025642266,40.0,1923.0,152189.0,48.074951925048076,0.43145362760308814,0.9997800550162241
11,0.0,11.0,0.9861311030674385,40.0,610.0,44319.0,15.249984750015251,0.45977107336947876,0.5508007457012433
12,0.0,12.0,0.6017424073258995,40.0,1628.0,129908.0,40.6999593000407,0.4379482729543809,0.9665894285769112
13,0.0,13.0,1.119566569656318,40.0,203.0,22226.0,5.0749949250050745,0.3280895974159703,0.5691351585543029
14,0.0,14.0,0.27717224858006545,40.0,1049.0,89185.0,26.224973775026225,0.3361978085552877,0.5300613387074289
15,0.0,15.0,1.0726241253124646,40.0,520.0,47075.0,12.999987000013,0.4187522529641027,0.5322623202652395
16,0.0,16.0,1.1483113698469098,40.0,379.0,40432.0,9.474990525009474,0.3415519304564951,0.5908967716257676
17,0.0,17.0,0.48512300058713226,40.0,1543.0,133556.0,38.57496142503857,0.4068724829011984,0.9998420233597081
18,0.0,18.0,0.2646892273564138,40.0,1026.0,93363.0,25.64997435002565,0.34045593823624765,0.5697917946531303
19,0.0,19.0,1.2349011331811985,40.0,508.0,48684.0,12.699987300012701,0.36893392759924704,0.526113183511779
20,0.0,20.0,0.1688577316603848,40.0,1202.0,97561.0,30.049969950030054,0.34549361473914886,0.5150978602255376
21,1.0,0.0,0.6065268674591929,31.0,634.0,39719.0,14.979155694847336,0.33418355899917007,0.5210937813112814
22,1.0,1.0,0.9576956350185958,29.0,718.0,46429.0,24.73746966827201,0.40489808618531864,0.5349330639433336
23,1.0,2.0,0.7913885390675421,38.0,662.0,41336.0,23.444324005767175,0.3707594067622153,0.5444606444944378
24,1.0,3.0,0.986338563114533,15.0,578.0,39731.0,36.85548361310647,0.3986445482964247,0.5292262037896784
25,1.0,4.0,0.9947442554124426,19.0,599.0,39030.0,29.81542818779741,0.40182680617097666,0.5317447537775519
26,1.0,5.0,0.9285159975881461,19.0,631.0,35950.0,26.416616018631892,0.41205901104944676,0.5359490466439906
27,1.0,6.0,0.3582112790016285,83.0,1672.0,152541.0,17.276237140649332,0.3985928090615606,0.999680136610382
28,1.0,7.0,0.3265887526310063,85.0,1748.0,163994.0,12.94774092418423,0.3970091215571313,0.9997335245922966
29,1.0,8.0,0.34368622453864117,71.0,1739.0,156033.0,23.593391280165065,0.39946709463851515,0.9996524282401117
30,1.0,9.0,0.908070669793472,32.0,708.0,39481.0,20.631171972982425,0.405108584956278,0.5370637015483251
31,1.0,10.0,0.98141966996527,19.0,574.0,36605.0,32.07670150074126,0.3996839707886982,0.5290190461904998
32,1.0,11.0,0.9159121137482503,28.0,690.0,46193.0,23.74498824064928,0.4074420485770607,0.5353302005207317
33,1.0,12.0,0.38978864769038185,90.0,1729.0,156680.0,14.89624523031599,0.41963822764762837,0.9995707696100665
34,1.0,13.0,0.25957213797732526,92.0,1784.0,166532.0,17.13653702059468,0.39113749305351675,0.9481862241967762
35,1.0,14.0,0.30495904813238117,64.0,1665.0,157248.0,18.912619109387368,0.39293922346720733,0.9996576165566973
36,1.0,15.0,0.25807194338521144,81.0,1701.0,158820.0,15.1510939087734,0.39507174615802765,0.9505096816563827
37,1.0,16.0,0.3530246685425763,89.0,1804.0,158872.0,15.273491747361284,0.419951493903844,0.9996726181465869
38,1.0,17.0,0.3263811645231345,97.0,1690.0,157671.0,22.518290489479806,0.39690069681617013,0.9997136662685274
39,1.0,18.0,0.6480286830610649,16.0,265.0,35420.0,14.5666406333823,0.19907969848990603,0.2935256324655787
40,1.0,19.0,1.055712229154761,19.0,478.0,47004.0,28.805497291794556,0.3634055346765034,0.49999988277408025
41,1.0,20.0,1.085391581098001,16.0,491.0,42959.0,26.34041174553929,0.36494842756218515,0.5050325329850729
42,2.0,0.0,0.29999575600483175,80.0,1840.0,161699.0,15.925246122517928,0.40768275870218884,0.9996792147914819
43,2.0,1.0,0.2904872706268054,85.0,1744.0,160859.0,18.72221170485114,0.40032351097584684,0.9996562463397898
44,2.0,2.0,0.3666952533914922,78.0,1735.0,156543.0,44.84654975416314,0.394317670675854,0.9997219507994249
45,2.0,3.0,0.3127902291270218,98.0,1704.0,161431.0,15.679256932487053,0.39028034806946266,0.9481840203215774
46,2.0,4.0,0.28191140195578696,62.0,1673.0,154787.0,22.055544424654613,0.3906093006877188,0.9481832789629646
47,2.0,5.0,0.30451570938220945,68.0,1739.0,155582.0,24.244712432302393,0.39875257486439863,0.9996571008372972
48,2.0,6.0,0.9324488123288674,28.0,770.0,49540.0,30.833284799471475,0.4049641849648209,0.5371324204586426
49,2.0,7.0,0.9040665052424643,35.0,702.0,46248.0,23.60311276860222,0.3992200875648124,0.5426518350311679
50,2.0,8.0,0.9387168551081181,39.0,696.0,44042.0,17.506803504610527,0.40711653486573673,0.5336712220977917
51,2.0,9.0,0.9352823346117014,42.0,696.0,49999.0,16.831863661055635,0.4067714716195897,0.534213628256115
52,2.0,10.0,0.6154607527021863,29.0,776.0,45332.0,18.81479769549881,0.34276601007075025,0.5461800199421971
53,2.0,11.0,0.8267452744802557,32.0,725.0,44646.0,29.16928850482907,0.3929468772940675,0.5506502330189247
54,2.0,12.0,0.915786741692729,33.0,681.0,46205.0,23.787687361231363,0.3999011704835701,0.5422790687511226
55,2.0,13.0,0.9821474638401038,28.0,638.0,40003.0,43.13705604461547,0.40779551084872034,0.5339937482406267
56,2.0,14.0,0.7261552602404825,28.0,743.0,45989.0,21.195802702699027,0.3603319471260702,0.5569999004969441
57,2.0,15.0,0.9358701728178316,28.0,623.0,38358.0,26.41018391550404,0.40744050687910893,0.5374103940675393
58,2.0,16.0,0.9180667409401525,35.0,602.0,41923.0,21.643322295677,0.40530158459378685,0.5378520402907727
59,2.0,17.0,0.8692709201245676,27.0,704.0,42372.0,25.707897791771597,0.39800721526407457,0.5415954559705831
60,2.0,18.0,0.9651422057075176,34.0,674.0,43698.0,20.490716742729685,0.40824010572647396,0.5353229901563084
61,2.0,19.0,0.8732219424627035,27.0,624.0,36688.0,37.62477467398949,0.39662587919052483,0.5366226892690058
62,2.0,20.0,0.6602954874934474,26.0,730.0,41440.0,22.229776064267625,0.3449378273875512,0.5383374640189149
63,3.0,0.0,0.9189993914667276,29.0,700.0,42281.0,27.12492928771016,0.38970562741430215,0.5458125099252369
64,3.0,1.0,0.8507909911219942,31.0,696.0,39273.0,22.526886265465976,0.3808792107528086,0.5346817088663458
65,3.0,2.0,0.9146211154353265,30.0,737.0,48202.0,24.98144287045977,0.4060212515600953,0.5402972730956079
66,3.0,3.0,0.9217645499147187,25.0,643.0,38944.0,28.726116247109882,0.4085645356359777,0.5346444552024272
67,3.0,4.0,0.7878627520830175,26.0,710.0,39438.0,27.89340319513711,0.36038429875998523,0.5449669740236626
68,3.0,5.0,0.944744979069429,27.0,707.0,44784.0,24.190855111197408,0.4071709542630034,0.5551924058478785
69,3.0,6.0,0.29349083335767967,77.0,1788.0,164916.0,19.378779639583662,0.3978720562306651,0.9996564214824933
70,3.0,7.0,0.2990894921612828,111.0,1785.0,168132.0,14.02945018579447,0.402913215268316,0.9996625538126936
71,3.0,8.0,0.3568489747256982,91.0,1713.0,151924.0,23.095216918963086,0.4039381083813228,0.9481836018212949
72,3.0,9.0,0.7314215625907037,26.0,743.0,42390.0,26.345497625282537,0.35740612275531514,0.5540383917821189
73,3.0,10.0,0.9134230835532064,35.0,789.0,48925.0,30.73550595216514,0.39773585945171097,0.542691486554514
74,3.0,11.0,1.0302414122331092,23.0,463.0,35173.0,21.909057860474338,0.38784786743136945,0.525202687247994
75,3.0,12.0,0.8341098560602838,37.0,698.0,46006.0,18.59880490750034,0.3935801623766225,0.5469290687924159
76,3.0,13.0,0.9536740838831207,26.0,665.0,42014.0,29.770754909177565,0.4049866216343694,0.5360631405189324
77,3.0,14.0,0.7983328152572435,38.0,739.0,46132.0,20.158292759542316,0.39152846440777955,0.5461419527778775
78,3.0,15.0,0.8893728180755003,43.0,703.0,48434.0,15.424060041274194,0.40910294276052894,0.5372411044091006
79,3.0,16.0,0.8888786028536928,31.0,715.0,44383.0,22.114496479504442,0.40570882906593697,0.5377078987759839
80,3.0,17.0,0.9788192044217998,26.0,461.0,32492.0,17.47775584385798,0.398736863642828,0.5288484668000986
81,3.0,18.0,0.8366358792608305,28.0,767.0,51376.0,24.0999667148881,0.3813777333935482,0.553267095133926
82,3.0,19.0,0.9749464647465356,26.0,655.0,40030.0,29.995253306561874,0.4032836153948095,0.537496732987033
83,3.0,20.0,0.623669063486972,31.0,774.0,48037.0,18.138858325824483,0.3552188958066913,0.5657784701991662
84,4.0,0.0,0.7176672589088755,42.0,743.0,45528.0,20.833234449348705,0.3669996395151167,0.5518544144233943
85,4.0,1.0,0.9265132547576904,30.0,701.0,46926.0,23.05299376974789,0.40587840570546796,0.5387454049328311
86,4.0,2.0,0.946130873854136,28.0,621.0,41872.0,21.24997229171476,0.4061672135868679,0.5332562682717406
87,4.0,3.0,0.8625880732445259,32.0,658.0,45659.0,21.76470093199389,0.40209568424032793,0.541439501214878
88,4.0,4.0,0.7076190048400993,43.0,719.0,43800.0,15.476163432083718,0.3675970619425918,0.5510154678880745
89,4.0,5.0,0.932274364630373,22.0,762.0,44465.0,41.53562613541326,0.4044819892711762,0.5376374263063124
90,4.0,6.0,0.8837710896158265,35.0,707.0,46018.0,31.0376902434268,0.3921275491824777,0.548936007029964
91,4.0,7.0,1.000547669131166,33.0,512.0,35558.0,15.452763046079511,0.40011009968318334,0.5302551797473474
92,4.0,8.0,0.7549292461186552,36.0,700.0,42273.0,17.891173832257085,0.36379781075650297,0.5426203189537726
93,4.0,9.0,0.8810684784785608,38.0,708.0,45448.0,19.711081122300172,0.39753383473534565,0.5440958504055705
94,4.0,10.0,0.7761177315839126,41.0,669.0,43320.0,22.233211384502628,0.37189256348914745,0.5393188601006926
95,4.0,11.0,0.8094631174838146,37.0,695.0,45210.0,18.103829880503856,0.3849333047504574,0.5514533037559419
96,4.0,12.0,0.9094988412392473,34.0,737.0,52991.0,21.11849543130661,0.4006802417164982,0.5414753306855509
97,4.0,13.0,0.9585442721097998,24.0,640.0,43944.0,27.432496242048586,0.40251622504602,0.5327694507314028
98,4.0,14.0,0.5783874577514017,29.0,709.0,40977.0,16.398279171693293,0.3328557112556626,0.5306364370066219
99,4.0,15.0,0.7263341323947897,33.0,751.0,46313.0,22.833247188272583,0.36720406714517506,0.5488375552996714
100,4.0,16.0,0.7773075893096787,33.0,740.0,46433.0,20.215114606063864,0.3779208806426472,0.555485402395839
101,4.0,17.0,0.8063716993975923,30.0,761.0,45452.0,30.676441115144883,0.3837197370293415,0.5522579360124854
102,4.0,18.0,0.3098142847028995,89.0,1728.0,161462.0,18.738183281965284,0.39908216527517226,0.9997601810015054
103,4.0,19.0,0.2927502330252021,86.0,1678.0,155279.0,16.772113898158025,0.40069326484122114,0.948180954930951
104,4.0,20.0,0.27278316360703103,78.0,1676.0,155249.0,17.1287815903392,0.4062400425469306,0.9481776734018874
105,5.0,0.0,0.35142028799241903,76.0,1602.0,157367.0,32.37494237861304,0.40036919851073316,0.9481819496857574
106,5.0,1.0,0.2991153604179526,79.0,1717.0,157370.0,19.6230048933717,0.4040171576051681,0.9482188348194139
107,5.0,2.0,0.3008572558229118,72.0,1669.0,157363.0,26.243252089122002,0.40539256220226394,0.9482046849105241
108,5.0,3.0,0.869702486364593,34.0,682.0,157325.0,17.946435915477274,0.395878279095223,0.5451067183698821
109,5.0,4.0,0.9455771887305291,26.0,692.0,157317.0,26.715834424745633,0.4050650348333642,0.5352039208792678
110,5.0,5.0,0.9543903195988941,28.0,654.0,157319.0,28.53233158531945,0.4012639101994435,0.5414615438592945
111,5.0,6.0,0.7146985471699612,32.0,737.0,157323.0,19.948427603367186,0.3541151607711678,0.5412435736553924
112,5.0,7.0,0.8531216526524804,30.0,685.0,157321.0,21.47554835030448,0.38660618596512464,0.5404474859933339
113,5.0,8.0,0.9817307282924252,34.0,670.0,157325.0,18.628187290289862,0.4032055224595342,0.5340785789969504
114,5.0,9.0,0.7292521300569521,32.0,657.0,157323.0,18.693421496975514,0.3665201234235361,0.5335758117849156
115,5.0,10.0,0.9667905424550476,35.0,664.0,157326.0,18.177758814841145,0.4055359623516781,0.5355884285401054
116,5.0,11.0,0.9163453038416147,39.0,710.0,157330.0,16.53089664573857,0.40399699162846203,0.5417291302396292
117,5.0,12.0,0.9352179756358365,42.0,632.0,157333.0,15.264453725878264,0.4054736822205708,0.5358546260375648
118,5.0,13.0,0.9814973961166935,30.0,534.0,157321.0,16.736275129164643,0.39430696368408213,0.5279283698256092
119,5.0,14.0,0.8494420509855286,27.0,742.0,157318.0,36.00812996753607,0.3941356341063602,0.5489139615581331
120,5.0,15.0,0.9353246233268893,37.0,648.0,157328.0,17.519819702892644,0.40565507117081023,0.5362050542407717
121,5.0,16.0,0.65567643196163,35.0,783.0,157326.0,29.678509936373686,0.3404592001081732,0.5344274833960942
122,5.0,17.0,0.6538288323466914,26.0,690.0,157317.0,21.46576128379871,0.3458394740004005,0.5370121116651413
123,5.0,18.0,0.30268567721040335,95.0,1721.0,157386.0,21.714396959402094,0.40960696160451526,0.9997584333069685
124,5.0,19.0,0.3283339780279385,80.0,1616.0,157371.0,19.33645166015139,0.3904668837065449,0.9481809784946789
125,5.0,20.0,0.3204673492398964,74.0,1675.0,155636.0,24.776936372707368,0.39954704463665025,0.948186176367123
126,6.0,0.0,0.30697653741686914,76.0,1784.0,157640.0,23.453397713075347,0.41068238560681014,0.9996512253251802
127,6.0,1.0,0.3296208850157448,88.0,1734.0,157652.0,19.68775153977029,0.40422197327196896,0.9481878014887332
128,6.0,2.0,0.3462450030016132,92.0,1702.0,157656.0,27.406858151006347,0.41847513788632185,0.9996957820488462
129,6.0,3.0,0.9486075474235207,32.0,698.0,157596.0,20.917624134748298,0.4030432634571055,0.5348516300397372
130,6.0,4.0,0.931315979418137,32.0,654.0,157596.0,21.88700024381687,0.404020138041144,0.5385395085335323
131,6.0,5.0,0.7897678501247047,34.0,634.0,157598.0,18.312463034004875,0.36659256838711274,0.5433767826912561
132,6.0,6.0,0.9489566442402683,31.0,588.0,157595.0,24.12738462303209,0.4062571613060587,0.5352871959815301
133,6.0,7.0,0.8240445783579153,26.0,613.0,157590.0,20.449468737041503,0.3680070432488387,0.5281024339664848
134,6.0,8.0,0.8927475439845193,34.0,641.0,157598.0,21.180108454410384,0.4008459218024061,0.5422778227360951
135,6.0,9.0,0.9000000499548059,26.0,724.0,157590.0,29.120864030297145,0.39070767138336415,0.547274781713252
136,6.0,10.0,0.911666126691153,26.0,592.0,157590.0,25.544927832479832,0.3883672290655896,0.5316140098203328
137,6.0,11.0,1.000131526290279,22.0,639.0,157586.0,27.517555159442114,0.4013603416623259,0.631451000380699
138,6.0,12.0,0.3322030311971711,69.0,1714.0,157633.0,41.14383929670086,0.4060006318991668,0.9481974319125981
139,6.0,13.0,0.3364264381300825,85.0,1625.0,157649.0,20.129043856023877,0.40938146173496626,0.948179398105105
140,6.0,14.0,0.3127166244955065,62.0,1694.0,157626.0,27.02973723678634,0.41124645780810143,0.9481778359620343
141,6.0,15.0,0.5963251524779862,46.0,677.0,157610.0,9.586365606210228,0.3319384945669951,0.537669095938895
142,6.0,16.0,0.9805461158012737,34.0,649.0,157598.0,21.65215520725623,0.4047533761771481,0.5941429376665999
143,6.0,17.0,0.8251956488833917,43.0,640.0,157607.0,14.258138213756192,0.3816427367313102,0.549584001575098
144,6.0,18.0,0.351473548830809,76.0,1744.0,157640.0,25.217369678667747,0.4076971424746929,0.9997189800295351
145,6.0,19.0,0.3226164089580127,90.0,1608.0,157654.0,21.874976889917882,0.3996596796816515,0.9481869141813842
146,6.0,20.0,0.338912676922241,89.0,1673.0,155831.0,38.358427232542354,0.3966088575188833,0.9482015695266202
147,7.0,0.0,0.32096273362347244,85.0,1661.0,150690.0,18.910807354988094,0.41295807718648725,0.948194841581606
148,7.0,1.0,0.3268033951613485,74.0,1657.0,150679.0,27.49706648454508,0.4207693178383881,0.948185977228532
149,7.0,2.0,0.3076610972168381,83.0,1724.0,150688.0,17.019145439034766,0.4125598956577575,0.9482026417351034
150,7.0,3.0,0.29258845184783333,99.0,1691.0,150704.0,14.926718081942152,0.40661467567947573,0.9481866274672945
151,7.0,4.0,0.3080946385496525,90.0,1688.0,150695.0,19.09145008794666,0.41781841566240374,0.9997568404979941
152,7.0,5.0,0.31781232146397453,87.0,1737.0,150692.0,17.459992772005048,0.4064332208464869,0.9997952389584499
153,7.0,6.0,0.2910972010008829,82.0,1680.0,150687.0,22.02848758034645,0.40575792778549846,0.9481887820393758
154,7.0,7.0,0.2745011268684232,80.0,1725.0,150685.0,20.533252834433814,0.3910429511043413,0.9996781829195287
155,7.0,8.0,0.3253416978250122,76.0,1698.0,150681.0,23.21530195935443,0.4041112703618094,0.9481841624682782
156,7.0,9.0,0.3298188334618374,87.0,1615.0,150692.0,20.848196316191284,0.4056829510958432,0.948187945804302
157,7.0,10.0,0.30100558680953926,92.0,1679.0,150697.0,15.806243597139906,0.4106536218001483,0.9482193872037817
158,7.0,11.0,0.27975741698701195,86.0,1679.0,150691.0,16.057426335148364,0.41048684793650536,0.9481870343879848
159,7.0,12.0,0.31935594984343424,75.0,1622.0,150680.0,22.05040246259653,0.40351633034150836,0.9997412370173533
160,7.0,13.0,0.3235985608631524,67.0,1631.0,150672.0,25.54095913266346,0.3963063474499279,0.9482123926734687
161,7.0,14.0,0.29567646657719865,78.0,1723.0,150683.0,18.55697983792927,0.41044594282195923,0.9997135047143074
162,7.0,15.0,0.9322746500115614,39.0,707.0,150644.0,17.61260835952116,0.40533425067008433,0.5397631383078736
163,7.0,16.0,0.9132956875517313,23.0,719.0,150628.0,28.902731938758098,0.4033667638636085,0.5402211138194903
164,7.0,17.0,0.7994587147156822,37.0,775.0,150642.0,20.57445370822157,0.3885365339453366,0.5535999637491267
165,7.0,18.0,0.32099488148520205,109.0,1620.0,150714.0,14.68134702906333,0.40298662794987716,0.9481998568212253
166,7.0,19.0,0.32178286227339536,86.0,1604.0,150691.0,16.821810367565334,0.3958424146418005,0.948190351404224
167,7.0,20.0,0.3517259293119803,80.0,1671.0,149110.0,40.96309776847484,0.41936234159785013,0.948187146497085
168,8.0,0.0,0.31449220128141064,95.0,1743.0,159390.0,17.576461196894243,0.41815698317771277,0.9996473462315496
169,8.0,1.0,0.31346886417079683,92.0,1783.0,159387.0,20.169628510327016,0.4225382064265307,0.999718849095268
170,8.0,2.0,0.2795533611835803,85.0,1743.0,159380.0,16.516554140948,0.42056446094389677,0.9481858067024105
171,8.0,3.0,0.2931586865504404,93.0,1663.0,159388.0,20.652277985401167,0.4166083891598543,0.9481857715785464
172,8.0,4.0,0.29823121617878984,91.0,1679.0,159386.0,17.55757780162933,0.40036785699797606,0.9481779946971605
173,8.0,5.0,0.3264371718326547,73.0,1620.0,159368.0,37.57371748182133,0.4056141884559026,0.9481778135211876
174,8.0,6.0,0.31494240767087833,92.0,1666.0,159387.0,17.13901531963926,0.41492272985104806,0.9481818141708069
175,8.0,7.0,0.3457221933721207,75.0,1715.0,159370.0,57.45866767803764,0.4200601850412231,0.9481794984428429
176,8.0,8.0,0.3070205263731167,71.0,1751.0,159366.0,23.921856630534375,0.4171767271757626,0.9996600312747561
177,8.0,9.0,0.29408789918854117,97.0,1667.0,159392.0,14.317551159185838,0.4045265325845958,0.9481922074857283
178,8.0,10.0,0.32195714047895607,90.0,1552.0,159385.0,21.077358711061613,0.4237130749508695,0.9482019996815827
179,8.0,11.0,0.3114355789374324,76.0,1619.0,159371.0,20.286751244608503,0.41409340428743824,0.9482211151869434
180,8.0,12.0,0.3158855356983701,87.0,1690.0,159382.0,22.932075101013105,0.41557305493802255,0.9481841370056685
181,8.0,13.0,0.32288923268144953,73.0,1707.0,159368.0,25.560920088372583,0.4170419800410823,0.9996565677717633
182,8.0,14.0,0.31819055735413154,81.0,1703.0,159376.0,26.618386721326562,0.4082650191849214,0.948181331311523
183,8.0,15.0,0.2925490134250035,91.0,1668.0,159386.0,19.29165099421032,0.408342034644843,0.9997927891047976
184,8.0,16.0,0.2956232475903128,84.0,1666.0,159379.0,17.52701838824703,0.4114811782142175,0.9481832916472183
185,8.0,17.0,0.3244226447430847,85.0,1665.0,159380.0,25.968715628972795,0.4024546018931886,0.948210966750285
186,8.0,18.0,0.29986944340163046,102.0,1722.0,159397.0,23.387597432264496,0.41682308815153635,0.9997131588797343
187,8.0,19.0,0.3078036324728674,68.0,1712.0,159363.0,22.824985497932456,0.41232387687130034,0.9481784663919584
188,8.0,20.0,0.28591416569573624,73.0,1736.0,157677.0,23.880575241735535,0.41803757431000843,0.9997139012356754
189,9.0,0.0,0.34533025973847986,73.0,1590.0,146976.0,25.067138435289642,0.4191422490249377,0.9481855286438314
190,9.0,1.0,0.2784668096968036,69.0,1615.0,149569.0,22.543631005006223,0.4135360267167415,0.9481961087719738
191,9.0,2.0,0.3304884750418736,86.0,1737.0,157741.0,20.012253209899335,0.421005982392875,0.999643830653977
192,9.0,3.0,0.25541922861835104,68.0,1740.0,152859.0,20.089646619031534,0.42336846428093056,0.9998144693684242
193,9.0,4.0,0.3696867159797309,82.0,1697.0,152705.0,35.307626707508234,0.42039979540956063,0.9481926931036159
194,9.0,5.0,0.27977825758953145,59.0,1741.0,157449.0,24.446064416224388,0.41387051554390797,0.9481872018056949
195,9.0,6.0,0.3078665034074442,80.0,1614.0,149530.0,22.31529328325032,0.41047453204089024,0.9482055588458859
196,9.0,7.0,0.3182836686753354,72.0,1661.0,149640.0,20.84919452130134,0.4158734798763608,0.9481815681978292
197,9.0,8.0,0.30563472399005326,78.0,1675.0,156485.0,25.724625506272695,0.4177381778220981,0.9482002388513138
198,9.0,9.0,0.2982663903618936,78.0,1622.0,151390.0,19.50177303324122,0.4166866889684079,0.948180960625326
199,9.0,10.0,0.3539641944553677,81.0,1611.0,148052.0,32.147668881120104,0.4156128332315395,0.9482123176046883
200,9.0,11.0,0.31921016423643156,77.0,1695.0,155009.0,21.399442024325182,0.4140856423150515,0.9481963774513268
201,9.0,12.0,0.27800118360802767,90.0,1782.0,159093.0,20.022359535067842,0.4235650496047416,0.999653262468751
202,9.0,13.0,0.34364151503725343,76.0,1657.0,146683.0,32.75688677000965,0.4263069292260777,0.9481862050151486
203,9.0,14.0,0.2857699055756911,92.0,1689.0,155310.0,15.514577262070173,0.41559664810184926,0.9481809779802336
204,9.0,15.0,0.32367631420831,84.0,1721.0,157316.0,22.27920202313186,0.41719778951645536,0.9482207576240054
205,9.0,16.0,0.3241862671736639,73.0,1717.0,151571.0,39.54276056562301,0.4182204955034845,0.9997358018111228
206,9.0,17.0,0.3408628083911234,69.0,1668.0,151108.0,100.447632810637,0.41877471579101,0.9482095377749655
207,9.0,18.0,0.28322596885666806,93.0,1723.0,158204.0,16.580112283727612,0.41820305463654595,0.9997384312952341
208,9.0,19.0,0.30332585356585823,70.0,1760.0,157572.0,32.003736353717244,0.4253658385322302,0.9996490472445977
209,9.0,20.0,0.2947203340106474,82.0,1708.0,155235.0,22.596469322133544,0.4086074906919426,0.9481795434659864
210,10.0,0.0,0.3024380246505955,71.0,1623.0,148955.0,23.528183102532424,0.41895192201862197,0.9481904305470892
211,10.0,1.0,0.2992323174136316,83.0,1637.0,148967.0,21.771623624567564,0.41815965070221495,0.9481887791463975
212,10.0,2.0,0.3324614578010187,76.0,1683.0,148960.0,21.970573009857198,0.4246487245298972,0.9481977424111704
213,10.0,3.0,0.3233824484770148,80.0,1683.0,148964.0,20.96526326872793,0.42001658931774066,0.9481824965370221
214,10.0,4.0,0.2641657011050207,87.0,1646.0,148971.0,18.239272074699056,0.41529149240989316,0.9482197923696138
215,10.0,5.0,0.2941400461693156,75.0,1655.0,148959.0,21.331916546345496,0.41904846240575355,0.9481859225087736
216,10.0,6.0,0.28848822329991686,94.0,1690.0,148978.0,15.017088636215746,0.41493982672418406,0.9481802166127905
217,10.0,7.0,0.3131986689210656,79.0,1743.0,148963.0,20.43808344271752,0.41860807440624703,0.9998198597085495
218,10.0,8.0,0.2961153079528744,72.0,1662.0,148956.0,20.91404932008281,0.4147075971856886,0.9481805983252184
219,10.0,9.0,0.29302565485655346,87.0,1699.0,148971.0,18.95410127362341,0.41966197719926435,0.9996629921082814
220,10.0,10.0,0.3205149258879916,93.0,1644.0,148977.0,16.983725813413606,0.41640228945947455,0.9481772181251076
221,10.0,11.0,0.3364280222227206,74.0,1663.0,148958.0,32.50351522284102,0.41732728293443666,0.9996523552237137
222,10.0,12.0,0.305954779086239,80.0,1585.0,148964.0,18.196390247082917,0.41174611280819684,0.9481938130073816
223,10.0,13.0,0.3345553786491361,66.0,1629.0,148950.0,33.01607400962844,0.4125863728290686,0.9482192820211117
224,10.0,14.0,0.3368165358788919,95.0,1755.0,148979.0,22.134720368528306,0.4211859390934858,0.9997129962751297
225,10.0,15.0,0.3062310981803271,83.0,1703.0,148967.0,19.11935832722324,0.4234649642885574,0.9997202964174376
226,10.0,16.0,0.26294640874905606,96.0,1779.0,148980.0,16.74903297053215,0.41910821505874696,0.9996798717585198
227,10.0,17.0,0.28918610675451484,75.0,1696.0,148959.0,20.527039337161277,0.41539807282729924,0.9481870592024183
228,10.0,18.0,0.30002086089021246,77.0,1687.0,148961.0,18.970140041776524,0.42214102274898946,0.9482027346207424
229,10.0,19.0,0.348427264716517,68.0,1713.0,148952.0,28.11556302799551,0.42046132285893245,0.9481834533360802
230,10.0,20.0,0.37024058516153435,65.0,1652.0,147326.0,32.19162445146963,0.4177067838775421,0.9481778438544308
231,11.0,0.0,0.28557886270917865,80.0,1751.0,158355.0,17.34523255282708,0.42267939270987054,0.9482088964365195
232,11.0,1.0,0.3369197865948147,93.0,1593.0,158368.0,16.3253800248281,0.41701713706581045,0.9481808721414584
233,11.0,2.0,0.3192690271989955,72.0,1674.0,158347.0,21.047607082399992,0.4246657389307077,0.948183913208486
234,11.0,3.0,0.3356802671946783,86.0,1659.0,158361.0,26.566630735049166,0.4206309721205199,0.9481858937186342
235,11.0,4.0,0.3032922060111519,67.0,1716.0,158342.0,22.067995774790468,0.41311879603327784,0.948181133219099
236,11.0,5.0,0.3359322143596015,70.0,1600.0,158345.0,38.6864722361471,0.42059933821579576,0.9481836261959791
237,11.0,6.0,0.3262304989007848,87.0,1721.0,158362.0,30.950246018924304,0.4218830938210031,0.9997561596234776
238,11.0,7.0,0.33771317822301467,73.0,1663.0,158348.0,28.53378672156718,0.41925287839922787,0.948203844370193
239,11.0,8.0,0.3203376008789856,61.0,1676.0,158336.0,27.4120959352083,0.41340355701403886,0.9482082279075098
240,11.0,9.0,0.2950692939135907,84.0,1659.0,158359.0,23.988577581246666,0.4146486018820953,0.9481790304710926
241,11.0,10.0,0.301296864458767,72.0,1699.0,158347.0,24.38634074957632,0.4211617114812002,0.9996710281182905
242,11.0,11.0,0.3162366093237071,80.0,1656.0,158355.0,21.610549885631958,0.4142024111925289,0.9481774688293813
243,11.0,12.0,0.2785253741862617,79.0,1602.0,158354.0,16.65641022919018,0.4129425456074248,0.9481871920226159
244,11.0,13.0,0.2916133824045303,86.0,1664.0,158361.0,17.113149477223338,0.4181315610156584,0.9482149207765885
245,11.0,14.0,0.31023726838277604,73.0,1671.0,158348.0,21.403832173462256,0.4170601601514454,0.9481960050902094
246,11.0,15.0,0.3025663503435495,101.0,1622.0,158376.0,17.060471611454254,0.41283029774738456,0.9996678862439125
247,11.0,16.0,0.2948960221271364,75.0,1695.0,158350.0,23.467369262006535,0.4127951598146218,0.9481782117128826
248,11.0,17.0,0.3015431100089255,90.0,1630.0,158365.0,15.251742680749313,0.4173946384657172,0.9481801826755357
249,11.0,18.0,0.28484374890215874,82.0,1709.0,158357.0,19.407082147281585,0.4257823546049425,0.9997255050365821
250,11.0,19.0,0.3325942143118925,84.0,1595.0,158359.0,19.720380608352496,0.4196325466892371,0.9481809530856536
251,11.0,20.0,0.31644733106765427,82.0,1696.0,156736.0,20.545593974004873,0.42007901830717864,0.9481958291859715
252,12.0,0.0,0.3136988425785933,95.0,1623.0,154313.0,21.086120005962332,0.4212510340941271,0.9996875050261457
253,12.0,1.0,0.2945099368848878,77.0,1652.0,154295.0,19.040022220883962,0.4138778985201642,0.948219027112432
254,12.0,2.0,0.2611950029550413,76.0,1741.0,154294.0,19.10032203773357,0.4222189102651336,0.9996524233698081
255,12.0,3.0,0.31842692801463396,102.0,1763.0,154320.0,17.202164422598443,0.42295887283310374,0.999749529640252
256,12.0,4.0,0.3056091912328153,82.0,1719.0,154300.0,21.62760163878951,0.4256851066970385,0.9998036598397004
257,12.0,5.0,0.2795885796394659,85.0,1668.0,154303.0,17.53654010809818,0.42530003232003677,0.9482211399719064
258,12.0,6.0,0.31290200183863426,86.0,1756.0,154304.0,30.445068894017396,0.42633034204839415,0.9482186032351168
259,12.0,7.0,0.2832553267927961,82.0,1625.0,154300.0,22.988283830142755,0.417418716649292,0.9481993999961279
260,12.0,8.0,0.34485830146927593,74.0,1694.0,154292.0,26.51222757585525,0.41671711804112965,0.9482205002293127
261,12.0,9.0,0.3258697961332528,83.0,1674.0,154301.0,19.50899726355904,0.4201687981067056,0.948212754612617
262,12.0,10.0,0.34318298520900725,91.0,1688.0,154309.0,18.44011315987059,0.42551747194645173,0.9481870700874931
263,12.0,11.0,0.2688723333903234,60.0,1737.0,154278.0,27.790880038069808,0.4203272227734799,0.9997050587847427
264,12.0,12.0,0.35007918640257524,90.0,1665.0,154308.0,18.543739544540692,0.4248765601524378,0.948208345391042
265,12.0,13.0,0.3153005422477989,85.0,1590.0,154303.0,21.767910226316733,0.420593031805243,0.9481855218974132
266,12.0,14.0,0.31824216060599275,59.0,1651.0,154277.0,33.55449299020809,0.41358520890165806,0.9482075666207811
267,12.0,15.0,0.3143662085249378,87.0,1702.0,154305.0,19.87182155302731,0.4150617994773961,0.9997544834934414
268,12.0,16.0,0.31269429100319146,98.0,1673.0,154316.0,15.888707203830043,0.42021662626396405,0.999753294400375
269,12.0,17.0,0.32845405595028676,62.0,1753.0,154280.0,28.89580609999205,0.4166649900288645,0.999705497875693
270,12.0,18.0,0.31144175541365554,54.0,1587.0,154272.0,24.255542807418415,0.42071070734680593,0.9482015248774991
271,12.0,19.0,0.291425982730449,85.0,1689.0,154303.0,19.0324549795639,0.42433487563914063,0.9481777979051758
272,12.0,20.0,0.3329009064947418,69.0,1699.0,152742.0,24.853666695777637,0.4227269191502404,0.9481800334604062
273,13.0,0.0,0.32763507174406314,87.0,1631.0,150462.0,25.43899030018511,0.4166757913494862,0.9481780358223949
274,13.0,1.0,0.30438756882001416,81.0,1685.0,150456.0,21.279905768869114,0.41917219905396363,0.9481817641354778
275,13.0,2.0,0.30245775921516366,89.0,1734.0,150464.0,18.52915580423539,0.42717921329871134,0.9481996135139676
276,13.0,3.0,0.34286259882338155,88.0,1598.0,150463.0,23.10566596953585,0.41778334136924766,0.9482163081101349
277,13.0,4.0,0.2773835912445839,84.0,1624.0,150459.0,20.333314188064207,0.4184054684486731,0.9481882220878853
278,13.0,5.0,0.30285962633367375,78.0,1653.0,150453.0,20.055343967553036,0.4159739999377161,0.9482128016766329
279,13.0,6.0,0.34581526025422704,85.0,1614.0,150460.0,21.854376362230596,0.41668397247314004,0.9482143545221028
280,13.0,7.0,0.3189363469798941,74.0,1584.0,150449.0,18.871865554402504,0.4217806671152373,0.9481794872076326
281,13.0,8.0,0.3339282482792636,74.0,1672.0,150449.0,21.18973107623399,0.42246211367797804,0.9481809263699078
282,13.0,9.0,0.3160864916551479,88.0,1678.0,150463.0,19.54373623673462,0.42094636605663316,0.9997326932946776
283,13.0,10.0,0.2958631932843836,80.0,1687.0,150455.0,46.621609857099045,0.42132258954116497,0.9997249889629064
284,13.0,11.0,0.3036510855167555,82.0,1702.0,150457.0,19.158284322990774,0.4249702502777475,0.999709924925771
285,13.0,12.0,0.3424346249838201,77.0,1601.0,150452.0,24.472979250712513,0.42210883703818314,0.9481790334698795
286,13.0,13.0,0.3201271978869612,86.0,1739.0,150461.0,19.63274431578344,0.420179127977074,0.999641264177098
287,13.0,14.0,0.3349690924643367,60.0,1626.0,150435.0,24.624984026459426,0.42016041220951916,0.9481933032413409
288,13.0,15.0,0.28951819358445835,92.0,1634.0,150467.0,15.507288331417715,0.4208809950108957,0.9481839493859285
289,13.0,16.0,0.3336423612615575,91.0,1703.0,150466.0,19.13819932145895,0.41497851607674685,0.9481867210582101
290,13.0,17.0,0.3379251872919023,75.0,1652.0,150450.0,23.360274663427873,0.4202195907400711,0.9996780444652147
291,13.0,18.0,0.29928698738369913,75.0,1693.0,150450.0,26.021396996999,0.42295893331915624,0.9997102056146224
292,13.0,19.0,0.2976224184531674,76.0,1775.0,150451.0,18.849199694269043,0.42175867718200766,0.9997059482662471
293,13.0,20.0,0.33471399584039313,89.0,1647.0,148919.0,30.176415817608543,0.4183911910991408,0.9482188543319152
294,14.0,0.0,0.3258697961332528,98.0,1674.0,148934.0,14.964280361397746,0.41996430106568916,0.9481880992072186
295,14.0,1.0,0.3213469263935882,76.0,1831.0,148912.0,23.389690034619917,0.4301923157342996,0.99982079675566
296,14.0,2.0,0.32839523834616874,59.0,1586.0,148895.0,52.74979655802417,0.41332760738140917,0.9481918423232203
297,14.0,3.0,0.3384156873531715,81.0,1639.0,148917.0,19.840265624047625,0.42765804704167765,0.9481801947380386
298,14.0,4.0,0.29739092164679615,84.0,1777.0,148920.0,20.414460093505724,0.4235114819393202,0.99972766042671
299,14.0,5.0,0.2955644604019682,75.0,1632.0,148911.0,21.098723394864166,0.41686030172049593,0.9482187673344318
300,14.0,6.0,0.3386862129199505,82.0,1590.0,148918.0,20.16383685076312,0.4191705656422252,0.9481855663522579
301,14.0,7.0,0.32349362723863084,79.0,1662.0,148915.0,19.85951209679914,0.4245468607626105,0.9481808835473757
302,14.0,8.0,0.30698617189892063,64.0,1599.0,148900.0,24.767218804533012,0.41812132806657554,0.9481834050920265
303,14.0,9.0,0.3202345504278164,48.0,1595.0,148884.0,30.13092663552461,0.42441609016486204,0.9481868198593251
304,14.0,10.0,0.3519375578166691,71.0,1705.0,148907.0,22.0016277112166,0.4177885090890626,0.9481844731325949
305,14.0,11.0,0.3394722440074573,82.0,1697.0,148918.0,23.03521827832135,0.42708168116785183,0.9997352639607175
306,14.0,12.0,0.293339224359602,79.0,1708.0,148915.0,18.15975159598185,0.4256279786920363,0.9481820426184892
307,14.0,13.0,0.34770146696870996,82.0,1637.0,148918.0,21.150322367793148,0.41875145679641057,0.9481827754825616
308,14.0,14.0,0.302386218661166,62.0,1679.0,148898.0,24.676605442862748,0.42516347945716937,0.999697467770841
309,14.0,15.0,0.2958631932843836,68.0,1687.0,148904.0,21.217502838222124,0.42678906975157604,0.9996712327394235
310,14.0,16.0,0.29594815550794396,82.0,1606.0,148918.0,23.519451283240507,0.4210581660893772,0.9482031190223145
311,14.0,17.0,0.29942329441419585,90.0,1737.0,148926.0,17.593741063289105,0.42033999751514295,0.9996668359664096
312,14.0,18.0,0.30957651294392396,99.0,1601.0,148935.0,16.3444343506276,0.4154305481318801,0.948184676130113
313,14.0,19.0,0.3163907156044449,74.0,1634.0,148910.0,20.0837492444847,0.42183174654153655,0.9481846109900887
314,14.0,20.0,0.3390829330372517,84.0,1606.0,147308.0,26.1822431314257,0.4215435046793051,0.9481831045527847
315,15.0,0.0,0.3036574178211988,102.0,1713.0,148610.0,17.97472105157278,0.4264268630175584,0.9481921565096354
316,15.0,1.0,0.34954681948447935,96.0,1615.0,148604.0,20.918921336811277,0.4158988570327061,0.9482010165613415
317,15.0,2.0,0.3137089858133472,81.0,1644.0,148589.0,17.71947255483826,0.4194943250830703,0.9481849171307539
318,15.0,3.0,0.32795420792170465,74.0,1678.0,148582.0,21.044432166013834,0.4265326341813356,0.9481804920034111
319,15.0,4.0,0.29217762453873225,80.0,1636.0,148588.0,20.246559653131612,0.41476497986819827,0.9481826251050196
320,15.0,5.0,0.27933699236217535,85.0,1720.0,148593.0,16.29379781011777,0.4233025817937839,0.9996933298048392
321,15.0,6.0,0.3098061054443991,97.0,1610.0,148605.0,15.306546725843706,0.42341732238546426,0.9997367238163354
322,15.0,7.0,0.3148708511100755,86.0,1698.0,148594.0,17.12837135089969,0.41737270651364444,0.9481881834556565
323,15.0,8.0,0.31647178764152306,73.0,1675.0,148581.0,22.9696788033164,0.4185481800881824,0.948180239108114
324,15.0,9.0,0.31455642925526733,92.0,1669.0,148600.0,16.54825266061268,0.4195653423222556,0.9481791826043099
325,15.0,10.0,0.2939152147879743,74.0,1680.0,148582.0,21.81235023210799,0.42181351655986665,0.9481820683838391
326,15.0,11.0,0.30782322043549093,74.0,1636.0,148582.0,23.50242840245253,0.4202762618406528,0.948185193380817
327,15.0,12.0,0.3379089606656779,102.0,1671.0,148610.0,16.969555484838814,0.4200949880024041,0.9481793509262302
328,15.0,13.0,0.33896868906156785,73.0,1635.0,148581.0,53.78851344633666,0.4161984635815261,0.9482219942691491
329,15.0,14.0,0.32997348884743016,68.0,1653.0,148576.0,28.67774210835714,0.4256206220677955,0.9998030804305106
330,15.0,15.0,0.34344473540067866,90.0,1640.0,148598.0,23.535688527535658,0.42130773343090566,0.9482060683380461
331,15.0,16.0,0.3309461816856536,77.0,1675.0,148585.0,20.607013901302672,0.4177431207686275,0.9481831050727736
332,15.0,17.0,0.32237859775054767,99.0,1630.0,148607.0,27.856527821143874,0.4192462120304836,0.9482125709143954
333,15.0,18.0,0.3229287692775532,71.0,1636.0,148579.0,21.823398185287907,0.4197458297305945,0.9481784821689484
334,15.0,19.0,0.33628789374361545,65.0,1626.0,148573.0,26.580482634699518,0.4173944100864433,0.948222154302992
335,15.0,20.0,0.3190731906242343,79.0,1583.0,147013.0,28.776617271564927,0.4192726809164845,0.9482018973775785
336,16.0,0.0,0.3729930844999185,88.0,1682.0,155478.0,29.58549969821038,0.4193338764640139,0.9481849761299294
337,16.0,1.0,0.2911277079463078,67.0,1668.0,155457.0,24.341508281931738,0.42198964963045116,0.9996903104889096
338,16.0,2.0,0.30911886403113487,67.0,1626.0,155457.0,21.104394616960718,0.4172348552170826,0.9481806258099387
339,16.0,3.0,0.2743813041189147,90.0,1790.0,155480.0,19.939743552889517,0.4225457236681741,0.9997413000986436
340,16.0,4.0,0.2864988813746813,76.0,1779.0,155466.0,19.273418527552437,0.42168354498314964,0.9481780040636193
341,16.0,5.0,0.2835701299959051,90.0,1781.0,155480.0,19.094499573092186,0.42673713405172176,0.9481770630377813
342,16.0,6.0,0.31989175974220796,93.0,1618.0,155483.0,21.55744835549976,0.41185272004945983,0.9481826472838609
343,16.0,7.0,0.29485646136965254,74.0,1580.0,155464.0,18.71110094663834,0.4136205033272744,0.9481793969723799
344,16.0,8.0,0.29116132822818286,84.0,1609.0,155474.0,23.016427116959292,0.4204528195864612,0.9997084955855297
345,16.0,9.0,0.2794174343889656,72.0,1657.0,155462.0,19.484116854380805,0.41806652096710906,0.9481959368526883
346,16.0,10.0,0.3036381718552369,78.0,1680.0,155468.0,20.41427228011711,0.4220017198863242,0.9481786191605953
347,16.0,11.0,0.3577707059773716,67.0,1637.0,155457.0,30.57737967145988,0.41788772388639495,0.9481981932949319
348,16.0,12.0,0.3061567487896496,82.0,1649.0,155472.0,18.64915213499754,0.41557671496274773,0.9481864350081336
349,16.0,13.0,0.32817801236568067,81.0,1627.0,155471.0,30.11845369821264,0.4117080598114661,0.9482219352322615
350,16.0,14.0,0.3327755769480071,88.0,1642.0,155478.0,25.867434811216334,0.4194390447550713,0.9996584200555483
351,16.0,15.0,0.3356175391312166,90.0,1669.0,155480.0,18.944432503441497,0.4172880304961474,0.9481865097241494
352,16.0,16.0,-0.0,64.0,1181.0,155454.0,9.524192012227095,0.27370093969234555,0.5001095771639923
353,16.0,17.0,0.32376527448271514,83.0,1670.0,155473.0,20.401652361044167,0.4217539043487841,0.9482039143669406
354,16.0,18.0,0.30322896871862287,78.0,1639.0,155468.0,22.687478006400198,0.416370692365717,0.9481778429311114
355,16.0,19.0,0.30227778701409236,71.0,1691.0,155461.0,21.714271900525354,0.41646299452032853,0.9481816503617749
356,16.0,20.0,0.30090662844507776,75.0,1691.0,153831.0,20.93002380126876,0.4166198685519842,0.9481874272709081
357,17.0,0.0,0.30100160175520574,92.0,1735.0,150779.0,18.129172685621576,0.4199615111131286,0.9996512172193577
358,17.0,1.0,0.351170652379596,60.0,1675.0,150747.0,106.600752788774,0.42079252996791505,0.9996633861315402
359,17.0,2.0,0.2861626571029856,85.0,1782.0,150772.0,18.97221167195641,0.42456604426339806,0.9481775883488092
360,17.0,3.0,0.31246477985873944,71.0,1696.0,150758.0,27.636329873342504,0.417399237519691,0.948197432747604
361,17.0,4.0,0.31852251048517266,89.0,1721.0,150776.0,20.03007836146336,0.4230269631622293,0.9482074536498218
362,17.0,5.0,0.2931452936540913,73.0,1698.0,150760.0,18.80463765384239,0.41972549554943694,0.9481811551343646
363,17.0,6.0,0.3151914915684775,83.0,1685.0,150770.0,19.241730411954705,0.42078227450999584,0.948177551803943
364,17.0,7.0,0.2909147161445496,64.0,1658.0,150751.0,23.378429392989602,0.4152908855730144,0.9481903059213673
365,17.0,8.0,0.3168680443313385,68.0,1755.0,150755.0,25.071409195408055,0.4251763177876222,0.9996500788116478
366,17.0,9.0,0.270502080117507,90.0,1670.0,150777.0,14.546662451557633,0.4179437820958021,0.9481932088613768
367,17.0,10.0,0.3040196370990064,88.0,1699.0,150775.0,22.254042502927582,0.420767739554781,0.9997322641850879
368,17.0,11.0,0.35391159273754386,83.0,1673.0,150770.0,104.04173183356309,0.42122981321288855,0.9996708960102414
369,17.0,12.0,0.301804876162437,100.0,1706.0,150787.0,15.198857321156401,0.4163849136668385,0.9481849821820473
370,17.0,13.0,0.32188299163821504,71.0,1654.0,150758.0,38.12980979329036,0.42076309300424986,0.9481780598304671
371,17.0,14.0,0.32056432577282296,75.0,1613.0,150762.0,23.710121455088256,0.4154079817686468,0.9482001325213361
372,17.0,15.0,0.3739338552256574,79.0,1635.0,150766.0,59.80494109799059,0.41418627389635543,0.9481862634834796
373,17.0,16.0,0.2973492945986149,89.0,1709.0,150776.0,18.998443883307168,0.42211914152524477,0.9481878930045448
374,17.0,17.0,-0.0,89.0,1082.0,150776.0,6.14772657412198,0.26630668960611403,0.4979869894541541
375,17.0,18.0,0.28525397642695727,83.0,1645.0,150770.0,21.132014470618778,0.4218648502422606,0.9996393362484547
376,17.0,19.0,0.3170357439079462,88.0,1681.0,150775.0,20.9479540931187,0.42623380955038637,0.9996848347346784
377,17.0,20.0,0.3568245894309373,62.0,1661.0,149166.0,36.54735192085411,0.42331176704563456,0.9997695608734517
378,18.0,0.0,0.2999595524512935,83.0,1620.0,151295.0,17.97296273639509,0.42192700039604025,0.9996758835632139
379,18.0,1.0,0.32839523834616874,70.0,1586.0,151282.0,21.554421052224008,0.4156427103595628,0.9481772850585151
380,18.0,2.0,0.33104377090546366,78.0,1684.0,151290.0,18.655295288974507,0.4223117149308474,0.9997426095300469
381,18.0,3.0,0.296057978463391,83.0,1651.0,151295.0,17.521909194265227,0.42138064679381115,0.9481834636198095
382,18.0,4.0,0.3288548605336692,98.0,1740.0,151310.0,17.730671959022395,0.42897055535895656,0.9997665107774892
383,18.0,5.0,0.3390233072243729,78.0,1644.0,151290.0,20.367137413254078,0.42736471509113916,0.9482091003480986
384,18.0,6.0,0.3186242616248752,74.0,1885.0,151286.0,27.764678625330983,0.4274337156995184,0.9481875618196121
385,18.0,7.0,0.28758056854783964,70.0,1877.0,151282.0,23.683453239073316,0.4353393023737847,0.9996787894029004
386,18.0,8.0,0.29433977198454253,95.0,1769.0,151307.0,18.849843301216925,0.4257536250979974,0.9996391984818359
387,18.0,9.0,0.3088361757522202,78.0,1736.0,151290.0,19.071904754290887,0.4251532170447828,0.9996948691637146
388,18.0,10.0,0.2906554025439381,85.0,1719.0,151297.0,15.860289890788934,0.4230984074961407,0.9996963685098151
389,18.0,11.0,0.30628422938007405,77.0,1648.0,151289.0,20.28531271794779,0.4292507597965468,0.9481797498057469
390,18.0,12.0,0.28171985686060524,84.0,1650.0,151296.0,16.111104996146054,0.4240503962507497,0.9482006537446286
391,18.0,13.0,0.33012114190586656,88.0,1691.0,151300.0,30.6606591476693,0.4107796924993258,0.9482219964145502
392,18.0,14.0,0.28920441146372333,78.0,1767.0,151290.0,20.002404562193945,0.42122662323929694,0.9481864201742636
393,18.0,15.0,0.33544704085812793,71.0,1613.0,151283.0,31.901064982241316,0.4162037642726353,0.9481801299227097
394,18.0,16.0,0.2425546144309197,74.0,1931.0,151286.0,23.848019626135027,0.4318870812258734,0.9996948455769928
395,18.0,17.0,0.31959883121458904,81.0,1774.0,151293.0,21.77823840689163,0.4268697112111771,0.9481984029658609
396,18.0,18.0,0.3047597219147455,93.0,1693.0,151305.0,19.94765766391425,0.42064081150967625,0.9997621998970153
397,18.0,19.0,0.2965932003135524,73.0,1681.0,151285.0,20.98748670025502,0.4231063215029218,0.9481871492327167
398,18.0,20.0,0.2904907248426202,68.0,1579.0,149568.0,20.416654190985643,0.4115375097094863,0.9481851041478764
399,19.0,0.0,0.29596315445632715,93.0,1755.0,158838.0,18.98601635000426,0.41832545423052825,0.9996766072315059
400,19.0,1.0,0.2455995638378976,91.0,1838.0,157157.0,16.3096526684255,0.4336265258948916,0.9996556297097733
401,19.0,2.0,0.3362489508232986,85.0,1826.0,154308.0,26.341744176191597,0.4369880004526725,0.9996956069770698
402,19.0,3.0,0.2712975355143898,88.0,1767.0,154824.0,19.782171828371805,0.41882033107761096,0.9481863067587399
403,19.0,4.0,0.31639143194891267,90.0,1915.0,166309.0,20.907394730236835,0.4310661035775162,0.9996783292706548
404,19.0,5.0,0.2499669259114234,77.0,1910.0,163069.0,21.07879224515917,0.43115742807428625,0.9996573087930809
405,19.0,6.0,0.39672493191715796,76.0,1594.0,145294.0,63.31053955394329,0.42246778176976496,0.9481809924445954
406,19.0,7.0,0.3707947167874672,74.0,1558.0,140784.0,41.30036257149092,0.42577760044945345,0.9482063739416058
407,19.0,8.0,0.33058058913083926,80.0,1668.0,151471.0,18.132345384953283,0.4312439385154556,0.9482147446380345
408,19.0,9.0,0.29921612525821806,88.0,1671.0,156471.0,17.16281186118442,0.41988349700831273,0.9997136094599816
409,19.0,10.0,0.3827122707112251,70.0,1585.0,141508.0,44.146651852434275,0.419808660389573,0.9997355218473015
410,19.0,11.0,0.34465777346167903,84.0,1613.0,148055.0,21.902578231599435,0.42141522212488025,0.999663066827874
411,19.0,12.0,0.25930337941132275,88.0,1842.0,163498.0,17.142850205773442,0.42136500324972437,0.9482190938406402
412,19.0,13.0,0.2695916777617677,82.0,1678.0,151683.0,15.968482453616378,0.41756636854235263,0.9482107786333985
413,19.0,14.0,0.28873708901557565,80.0,1783.0,153282.0,17.955791676653114,0.426026992724457,0.9481773668223457
414,19.0,15.0,0.3266330133784737,88.0,1698.0,155248.0,19.164545183120005,0.4196771279257414,0.9481846625449266
415,19.0,16.0,0.35719728027661324,86.0,1641.0,151223.0,32.4785983945187,0.41563441310066185,0.948180027805699
416,19.0,17.0,0.3193619931031122,85.0,1817.0,163401.0,21.711835438210564,0.42238400993836933,0.9996734928626997
417,19.0,18.0,0.2929002605120928,96.0,1898.0,162829.0,18.237199979402554,0.43315425410155795,0.9996898742156253
418,19.0,19.0,0.2686278324601996,85.0,1871.0,161520.0,20.102260175449416,0.42928888806884435,0.9997510938140585
419,19.0,20.0,0.29224522965101635,98.0,1799.0,157209.0,18.763875842221942,0.4256263175337638,0.9481797655252826
420,20.0,0.0,0.3042775158800558,96.0,1752.0,164833.0,17.98849488000398,0.4305422510954058,0.9481791350292502
421,20.0,1.0,0.26020764656921075,66.0,1833.0,164803.0,22.301158764586717,0.4390220733558454,0.9481890227793661
422,20.0,2.0,0.2733080982135448,78.0,1890.0,164815.0,21.63748673706818,0.4366005322439178,0.9997521678373069
423,20.0,3.0,0.3015902583979392,94.0,1931.0,164831.0,21.033415528469913,0.4330212072820363,0.9996734239929641
424,20.0,4.0,-0.0,89.0,1162.0,164826.0,6.6022719770145475,0.2689614172621009,0.5001257416497624
425,20.0,5.0,0.32164773093862975,85.0,1798.0,164822.0,32.13111629181463,0.43230633239713223,0.948183052271744
426,20.0,6.0,0.30890561139643663,110.0,1854.0,164847.0,29.43390776579838,0.4339820402237914,0.9481856206308357
427,20.0,7.0,0.2577937597746192,91.0,1927.0,164828.0,16.36973222679126,0.43469219562403405,0.9997317690838027
428,20.0,8.0,0.2952171298371094,94.0,1842.0,164831.0,18.78299549540177,0.42829433804158745,0.9481806973358405
429,20.0,9.0,0.32844230880725556,75.0,1694.0,164812.0,18.88957109530991,0.41886600770440907,0.9482050852379527
430,20.0,10.0,0.3301079248965695,81.0,1652.0,164818.0,18.893652050901338,0.424037925756238,0.9482061008873038
431,20.0,11.0,0.35492364270454657,73.0,1657.0,164810.0,34.26262055537525,0.4244610180642251,0.9481819394552706
432,20.0,12.0,0.2568454602946039,121.0,1937.0,164858.0,21.554282076407816,0.42627748275601907,0.9996853068713603
433,20.0,13.0,0.27562138365784916,84.0,1931.0,164821.0,30.118701110275175,0.42608811346150344,0.99971147486848
434,20.0,14.0,0.28412448832212955,84.0,1922.0,164821.0,21.480249287152056,0.42773679231015205,0.9997265823585212
435,20.0,15.0,0.305498892111275,92.0,1939.0,164829.0,24.994160272034982,0.4256741761438466,0.9997272742060629
436,20.0,16.0,0.31128844346053536,85.0,1780.0,164822.0,19.889608178115584,0.42558219022155563,0.948195168499527
437,20.0,17.0,0.3244084548985716,97.0,1956.0,164834.0,58.018176328227156,0.42350096656028935,0.9481861372248018
438,20.0,18.0,0.2921251164662625,97.0,1765.0,164834.0,21.451443254758054,0.4406286661808906,0.9996810435003792
439,20.0,19.0,0.31510859212790765,91.0,1738.0,164828.0,19.844865408389296,0.42195677207193616,0.9481851017554008
440,20.0,20.0,0.26923769630472466,96.0,1865.0,163388.0,18.664760521062547,0.4311799986463116,0.9998112736130065
441,21.0,0.0,0.2636567497289931,87.0,1894.0,152363.0,20.962484343993793,0.4292961237567018,0.999697198202004
442,21.0,1.0,0.2875711760678602,88.0,1901.0,152364.0,22.110211724887954,0.4429015650380519,0.9997737918624249
443,21.0,2.0,0.31042909500342436,84.0,1723.0,152360.0,21.64283939705518,0.4314320022146656,0.948206720818026
444,21.0,3.0,0.3157665823171807,103.0,1764.0,152379.0,36.14157198059082,0.4343547986342198,0.9482128697799008
445,21.0,4.0,0.27540266190737417,88.0,1806.0,152364.0,20.41444632325431,0.43226211205659315,0.9481797042165878
446,21.0,5.0,0.29063778616233543,83.0,1884.0,152359.0,20.537526086863807,0.43469199762955557,0.9481880184282158
447,21.0,6.0,0.3087258500482616,95.0,1834.0,152371.0,20.188204010350823,0.4321351072705971,0.9481848964155902
448,21.0,7.0,0.2985480939717209,94.0,1835.0,152370.0,21.18635346440989,0.4280607940533159,0.9482040818477969
449,21.0,8.0,0.2956009242687572,95.0,1896.0,152371.0,23.474695091830178,0.43679706993048273,0.9996679568116003
450,21.0,9.0,0.2581205787206234,89.0,1826.0,152365.0,18.65045143687709,0.4299663807768198,0.9481932185943434
451,21.0,10.0,0.2933700935903069,93.0,1882.0,152369.0,23.385033835088496,0.43225715774702933,0.9996874071463303
452,21.0,11.0,0.29687364349355455,103.0,1850.0,152379.0,19.009196934901652,0.44048154035642684,0.9481976092710812
453,21.0,12.0,0.2543301714824365,95.0,1907.0,152371.0,16.26405028529177,0.43110605173809147,0.9998698636288291
454,21.0,13.0,0.2683582024895172,87.0,2032.0,152363.0,22.737482818549417,0.4419169793820005,0.9996594761955212
455,21.0,14.0,0.2667473627959739,83.0,1903.0,152359.0,19.83632590217345,0.4363285756997941,0.9481781453016077
456,21.0,15.0,0.27585336599818083,111.0,1916.0,152387.0,14.812788962168579,0.430373036975491,0.948187329575342
457,21.0,16.0,0.34285321976736016,89.0,1829.0,152365.0,58.87331464220736,0.43344450568671267,0.9481827297233133
458,21.0,17.0,0.3361756528767598,73.0,1760.0,152349.0,34.53798401184137,0.4301584605814188,0.9481830818941646
459,21.0,18.0,0.27982997969094087,81.0,1840.0,152357.0,19.972211454485688,0.4351112425410174,0.9996714384963156
460,21.0,19.0,0.2975409203399812,76.0,1844.0,152352.0,28.04503635428047,0.432619060825438,0.9996807761313927
461,21.0,20.0,0.328626238711342,76.0,1791.0,150908.0,33.92355268436308,0.42905291055800965,0.9481875525305923
462,22.0,0.0,0.31425495904389245,106.0,1808.0,164386.0,17.988533759624758,0.43385103530092173,0.9481785252308977
463,22.0,1.0,0.2684252250338391,104.0,1873.0,164384.0,14.27272338165217,0.4370619217482087,0.9998588829174362
464,22.0,2.0,0.29493693883275085,83.0,1833.0,164363.0,22.37028307831355,0.4396834826611479,0.9996759708019847
465,22.0,3.0,0.30298648955800755,96.0,1907.0,164376.0,30.929293051292333,0.4387900689378944,0.9482102552831358
466,22.0,4.0,0.3073660078678609,100.0,1911.0,164380.0,23.895364644739303,0.4431739383880433,0.9997447014173765
467,22.0,5.0,0.30114843391782486,87.0,1868.0,164367.0,27.07191655470705,0.4390052335903575,0.9481871622052979
468,22.0,6.0,0.21335221421663902,84.0,1959.0,164364.0,17.189052390242985,0.4327672751014441,0.9997561334747896
469,22.0,7.0,0.27187747238905013,89.0,1943.0,164369.0,18.311763889893133,0.4412784534560006,0.9997491941061695
470,22.0,8.0,0.25915915730582906,89.0,1788.0,164369.0,16.949992220892696,0.4271730796496508,0.9481853179450028
471,22.0,9.0,0.29933535528765776,115.0,1907.0,164395.0,17.58699089094205,0.43127344885704433,0.9481871196450027
472,22.0,10.0,0.27454559396412265,94.0,1929.0,164374.0,17.133123516120104,0.4383189637964837,0.9481876326623325
473,22.0,11.0,0.32287772021576616,90.0,1798.0,164370.0,19.02498983438406,0.4283396541573261,0.9482082635503265
474,22.0,12.0,0.25454112929020795,97.0,1919.0,164377.0,16.1191117249608,0.4259823829261513,0.9481878065632966
475,22.0,13.0,0.260455294858401,98.0,2037.0,164378.0,20.950533207967602,0.43875375043949805,0.9997260026180032
476,22.0,14.0,0.3502794623572204,80.0,1753.0,164360.0,34.74335845496633,0.42762458094053624,0.9481916721090626
477,22.0,15.0,0.2810830334720859,93.0,1853.0,164373.0,24.67610526413554,0.4293348458807197,0.9996939662515659
478,22.0,16.0,0.2836598841890114,94.0,1768.0,164374.0,23.617947503656147,0.43308305762012334,0.948179631244995
479,22.0,17.0,0.24700874021779312,97.0,1942.0,164377.0,16.4836085844588,0.4367720575770646,0.9996709099844739
480,22.0,18.0,0.2868359830561607,91.0,1872.0,164371.0,16.714280287572603,0.4319795906579392,0.9481882703996789
481,22.0,19.0,0.2965550805494286,101.0,1830.0,164381.0,28.608196535357315,0.4335396340317401,0.9482118380401683
482,22.0,20.0,0.2774648503819322,122.0,1875.0,162984.0,13.312164771268286,0.4405724559920592,0.9482078971061014
483,23.0,0.0,0.272736739321159,91.0,1973.0,162537.0,21.76188785999978,0.4363176940548591,0.9482128893072698
484,23.0,1.0,0.28446352624053306,77.0,1858.0,162523.0,21.917558720068108,0.42931775386793536,0.9482177327947907
485,23.0,2.0,0.21488058662581289,102.0,1958.0,162548.0,14.579943749745823,0.43822951075560934,0.9481955422562345
486,23.0,3.0,0.2934117113421919,96.0,1870.0,162542.0,16.88094557965333,0.42409372030199777,0.9482004296630738
487,23.0,4.0,0.2938795662547726,105.0,1773.0,162551.0,20.9317961054074,0.4296861524079938,0.9481864574642948
488,23.0,5.0,0.2752569654157107,109.0,1871.0,162555.0,17.72214113597078,0.4382559958130887,0.9481908746759159
489,23.0,6.0,0.29718516855492116,90.0,1870.0,162536.0,16.839994839113743,0.43037244627732774,0.9481834362519744
490,23.0,7.0,0.35602906178825566,91.0,1719.0,162537.0,33.3720638690188,0.4286750239249567,0.9481817679382306
491,23.0,8.0,0.2979957575485592,94.0,1874.0,162540.0,23.46020325266401,0.43418479196637116,0.9481824716403412
492,23.0,9.0,0.31711396965426164,90.0,1753.0,162536.0,21.613578851595307,0.4327833302588414,0.9481888144455997
493,23.0,10.0,0.3137089858133472,82.0,1781.0,162528.0,31.45827919617921,0.43443568521100817,0.948207275345426
494,23.0,11.0,0.2850453742435636,81.0,1901.0,162527.0,27.173651300894022,0.43941608124786746,0.9997293195662467
495,23.0,12.0,0.25960402606730937,84.0,1839.0,162530.0,18.762212495910557,0.4345145779659112,0.9482049153776928
496,23.0,13.0,0.26958857162483585,90.0,1914.0,162536.0,21.079157657067128,0.43913932444625847,0.9481811783704096
497,23.0,14.0,0.2698411989133614,81.0,1846.0,162527.0,25.31707558727959,0.43610710933307084,0.9481871773401288
498,23.0,15.0,0.2567631031882434,97.0,1980.0,162543.0,17.61895725242495,0.43823578898814075,0.9482096840818623
499,23.0,16.0,0.31605823399552396,84.0,1845.0,162530.0,22.036168938512972,0.4318447031305611,0.9482130383030783
500,23.0,17.0,0.26302645982323813,93.0,2009.0,162539.0,23.028713847306168,0.4409763577506145,0.9996868518968508
501,23.0,18.0,0.2820405839666414,97.0,2053.0,162543.0,26.949965485936488,0.4416998146775776,0.9997018571448271
502,23.0,19.0,0.22964355159469024,110.0,1886.0,162556.0,13.551938558974012,0.4357649839301344,0.948186257353587
503,23.0,20.0,0.27797032936717986,89.0,1958.0,161207.0,23.85539871223446,0.4407666848384475,0.9997349145658802
504,24.0,0.0,0.2781070587442818,102.0,1919.0,159737.0,28.1351553498437,0.43332301432884135,0.9482136447469253
505,24.0,1.0,0.2801800311731749,101.0,1936.0,159736.0,20.610925323652527,0.42277603396372665,0.9482218247535491
506,24.0,2.0,0.26291841479836237,92.0,1983.0,159727.0,17.564576828737042,0.4332803661179664,0.948185748685089
507,24.0,3.0,0.2815400998413674,106.0,1898.0,159741.0,18.52294624448358,0.4301509619566508,0.9482218495207445
508,24.0,4.0,0.27471677610208867,82.0,1889.0,159717.0,19.490268698580163,0.43534051978485244,0.9482174357086226
509,24.0,5.0,0.2727469842602414,78.0,1960.0,159713.0,23.589519919863385,0.4382652836271701,0.9482095003779918
510,24.0,6.0,0.2706065175260272,86.0,1969.0,159721.0,18.259740928999975,0.4350847809813113,0.9481791533033399
511,24.0,7.0,0.2688895909234597,107.0,2000.0,159742.0,18.83332051558733,0.439315971306954,0.9996898019074987
512,24.0,8.0,0.3203431492317119,74.0,1911.0,159709.0,43.307406138568666,0.4348658234547006,0.9997227717372118
513,24.0,9.0,0.3225276189984059,87.0,1811.0,159722.0,32.20626817934778,0.4347113329537934,0.9481901175611036
514,24.0,10.0,0.24778139808347016,96.0,1845.0,159731.0,17.585216396577415,0.43095595143799836,0.9481852988803537
515,24.0,11.0,0.2938030203273905,78.0,1878.0,159713.0,25.416642511611805,0.4376391713023817,0.9481788989832837
516,24.0,12.0,0.28268652372104397,93.0,1887.0,159728.0,19.819104416516044,0.4245375771254375,0.9481794134229766
517,24.0,13.0,0.2730661313910594,90.0,1931.0,159725.0,25.476439355769486,0.43268454148097346,0.999667130809221
518,24.0,14.0,0.32580514407242406,105.0,1824.0,159740.0,26.504962579573284,0.43700417888253873,0.9997232576842298
519,24.0,15.0,0.3283570462005614,83.0,1872.0,159718.0,24.63719720136064,0.4463715406957026,0.9996843854429475
520,24.0,16.0,0.2980274312149531,95.0,1851.0,159730.0,18.86949784105318,0.43417423446316517,0.9481955887280259
521,24.0,17.0,0.2894403329547462,83.0,1836.0,159718.0,26.275608644210763,0.4281020798897589,0.9481955773263779
522,24.0,18.0,0.35397275836788544,87.0,1787.0,159722.0,43.26179086205406,0.4412486803956115,0.9998603320143168
523,24.0,19.0,0.2634760081212382,93.0,1950.0,159728.0,18.749989831359237,0.44109552653280293,0.9996743137843765
524,24.0,20.0,0.26987819048815165,85.0,1898.0,158458.0,21.594306107761263,0.43802005388008414,0.9997317658848027
525,25.0,0.0,0.25072235509539786,102.0,1931.0,156132.0,15.924568843095091,0.44930036837135456,0.9997036107054978
526,25.0,1.0,0.2843620585393702,87.0,1944.0,156117.0,19.009561222105066,0.44420152075226393,0.9997412491894646
527,25.0,2.0,0.2644486716139158,83.0,1886.0,156113.0,18.488628894490112,0.43461046264021275,0.9482159939710361
528,25.0,3.0,0.30217155128977097,76.0,1959.0,156106.0,25.491698594837512,0.4381107436950634,0.999711805439952
529,25.0,4.0,0.2634838802933047,93.0,1977.0,156123.0,19.0099103251078,0.4418361875391803,0.99971252036038
530,25.0,5.0,0.26225803350459725,79.0,1881.0,156109.0,20.116656369586437,0.43179236155654643,0.9482138984099026
531,25.0,6.0,0.29174789891963615,90.0,1780.0,156120.0,22.357120592438953,0.43240256459114457,0.948203443123628
532,25.0,7.0,0.3147445224215094,78.0,1699.0,156108.0,26.727363418229757,0.4268995574311657,0.9481827949534961
533,25.0,8.0,0.27294308318699767,94.0,1958.0,156124.0,25.34603587578369,0.446393584107005,0.9997554847515773
534,25.0,9.0,0.3031885488760787,95.0,1883.0,156125.0,23.79023747991014,0.432781969932983,0.9481885838409604
535,25.0,10.0,0.24253874740630083,89.0,1992.0,156119.0,18.328472971718,0.43431906490597305,0.9997783102659257
536,25.0,11.0,0.27366479736924587,107.0,1925.0,156137.0,23.700949539179653,0.42870185534603267,0.9482090204185996
537,25.0,12.0,0.2576034786172744,97.0,1929.0,156127.0,15.968401241436993,0.4358010801646901,0.9481875505950226
538,25.0,13.0,0.26775101841044546,91.0,2065.0,156121.0,22.505935109858505,0.4427328243145726,0.999668545431869
539,25.0,14.0,0.254230916133228,88.0,1965.0,156118.0,18.136356393157687,0.43962664672392704,0.9482031125618025
540,25.0,15.0,0.28120123906702077,107.0,1963.0,156137.0,15.711123571273493,0.43568765784769514,0.9997303053370148
541,25.0,16.0,0.27379476242095746,86.0,1975.0,156116.0,21.29806339529383,0.4402103633483606,0.9481819476748987
542,25.0,17.0,0.26414701157653275,82.0,1970.0,156112.0,22.588554909300413,0.4358854991112996,0.9997417684796617
543,25.0,18.0,0.33452188372275,101.0,1773.0,156131.0,26.770795471862286,0.43128978529924433,0.9482013668661916
544,25.0,19.0,0.30452550446237453,87.0,1893.0,156117.0,21.64239024702266,0.4401599977539503,0.999740352026456
545,25.0,20.0,0.31466936265022766,73.0,1815.0,154680.0,33.52349493784545,0.42915901959965197,0.9482167590459456
546,26.0,0.0,0.26363283422662576,91.0,1786.0,168839.0,26.00570478392542,0.4415317148315072,0.9481945979144863
547,26.0,1.0,0.37369828827352125,86.0,1669.0,168834.0,43.146470839480976,0.4371171571842014,0.9481949679780278
548,26.0,2.0,0.3358457002462729,86.0,1734.0,168834.0,27.780209330906665,0.45008859436836,0.9997281193116669
549,26.0,3.0,0.27990639514564286,86.0,1802.0,168834.0,28.228611992045316,0.44099780949510015,0.9481824021676337
550,26.0,4.0,0.29738116850239993,105.0,1891.0,168853.0,29.28955124002047,0.43684739678330664,0.9997368654411826
551,26.0,5.0,0.247836821607212,103.0,2051.0,168851.0,18.750645976095747,0.44357539989490813,0.9997034397502045
552,26.0,6.0,0.29695739528171905,89.0,1815.0,168837.0,29.61612563719183,0.44020573152946063,0.9996478243468067
553,26.0,7.0,0.306171694132748,88.0,1769.0,168836.0,29.815424426855728,0.43534718326741706,0.9481789072583645
554,26.0,8.0,0.2991189173533435,76.0,1909.0,168824.0,23.35660256246271,0.4368389308536461,0.999818771907268
555,26.0,9.0,0.32159975569083443,89.0,1900.0,168837.0,25.902583226301886,0.43870844201152415,0.9997349666294195
556,26.0,10.0,0.2630124719753535,104.0,1982.0,168852.0,17.77425897633788,0.43565881297018527,0.9482036663987534
557,26.0,11.0,0.2740272450618223,95.0,1947.0,168843.0,18.88048035987309,0.4389272946151622,0.999737785108469
558,26.0,12.0,0.26684652590211183,99.0,1902.0,168847.0,17.716656753713632,0.43480747929989416,0.9481856404055165
559,26.0,13.0,0.2500870298999821,98.0,1967.0,168846.0,16.665092479840858,0.4373117569818169,0.9482164547729333
560,26.0,14.0,0.2962305780581634,104.0,1936.0,168852.0,19.76561083823275,0.4341996143103103,0.9996658713453364
561,26.0,15.0,0.28172797997572063,80.0,1810.0,168828.0,23.48646455140993,0.4307525197185559,0.9481970997971486
562,26.0,16.0,0.31237118480445253,108.0,1824.0,168856.0,29.44225317875871,0.43477257421773874,0.9997398949012465
563,26.0,17.0,0.29478230444980774,102.0,1869.0,168850.0,28.95913215990383,0.43329180927459954,0.9996532175827062
564,26.0,18.0,0.26848178124738903,78.0,1912.0,168826.0,22.800788280448412,0.4353594719691365,0.9997471514989987
565,26.0,19.0,0.30057929039325226,90.0,1918.0,168838.0,20.283938730388357,0.4365390699091054,0.9997424768030572
566,26.0,20.0,0.24239374420728443,88.0,1948.0,167475.0,16.86872094162537,0.42799557505339425,0.948190732680301
567,27.0,0.0,0.30900888407199023,99.0,1810.0,158675.0,18.455544171616573,0.4403909740981856,0.9482221348570297
568,27.0,1.0,0.2615314905014545,85.0,1861.0,158661.0,16.647125322920104,0.45318183146486557,0.9481878880721898
569,27.0,2.0,0.3128109887027203,71.0,1725.0,158647.0,28.133298940469516,0.44128708043688025,0.948220171150789
570,27.0,3.0,0.28972536466503074,98.0,1999.0,158674.0,24.028960954014245,0.45404985264579933,0.9996884037511112
571,27.0,4.0,0.25487900272241437,81.0,1958.0,158657.0,21.090740935783792,0.43931033090368143,0.9481776713560343
572,27.0,5.0,0.2409984707365031,97.0,1933.0,158673.0,18.02667440888205,0.43327604258856167,0.9481795277871622
573,27.0,6.0,0.28136684362784087,110.0,1875.0,158686.0,15.611103951133234,0.4452610794881472,0.9996831724043734
574,27.0,7.0,0.258397904086795,71.0,1865.0,158647.0,22.113082588708632,0.44055453373020625,0.9996760834665567
575,27.0,8.0,0.2985460516584004,94.0,1869.0,158670.0,21.578799771635563,0.44211766172468214,0.9481781649878954
576,27.0,9.0,0.2828707216421983,99.0,1873.0,158675.0,24.448904596982988,0.44615898249458574,0.9997010150477512
577,27.0,10.0,0.27432998702951644,76.0,1880.0,158652.0,21.930133700544474,0.4431192707142926,0.9481895689376332
578,27.0,11.0,0.33196668589112016,80.0,1900.0,158656.0,27.84681806879,0.4461309506646717,0.9482034410960115
579,27.0,12.0,0.2806187428602057,83.0,1845.0,158659.0,19.7372264911412,0.4305893591888754,0.9481853618152438
580,27.0,13.0,0.29131077049457377,91.0,1866.0,158667.0,25.824385650712735,0.4430337564895114,0.9997674982381876
581,27.0,14.0,0.31203663377072993,85.0,1795.0,158661.0,38.081205715330626,0.4423606268117867,0.9997152636349722
582,27.0,15.0,0.3184384571016604,105.0,1866.0,158681.0,26.524962957572484,0.43390438184265023,0.948179149818461
583,27.0,16.0,0.267003301957808,90.0,1927.0,158666.0,22.690454788865914,0.43796441233989913,0.948178769774605
584,27.0,17.0,0.26503268913265077,101.0,2001.0,158677.0,20.493904720599062,0.4377283690050715,0.9481800799389587
585,27.0,18.0,0.25330554917113657,97.0,2018.0,158673.0,16.342938242124156,0.4451979107685674,0.9997231571464728
586,27.0,19.0,0.22616535123500622,91.0,2060.0,158667.0,17.69715249498802,0.4391270745515602,0.9996612032204872
587,27.0,20.0,0.26618834971845357,84.0,1922.0,157417.0,19.85332286401009,0.4374208024616061,0.9481865091805519
588,28.0,0.0,0.27645634907428696,119.0,1948.0,159655.0,16.71009076261649,0.44668358492600124,0.9481806927186375
589,28.0,1.0,0.25144568505113746,92.0,2010.0,159628.0,24.652844527311654,0.44370848126036866,0.9997355192471123
590,28.0,2.0,0.3072982614597044,80.0,1803.0,159616.0,31.5196835501645,0.43747231888313287,0.948184603124616
591,28.0,3.0,0.3006508773603202,88.0,1794.0,159624.0,21.51497360991371,0.4465480052621903,0.9482157090141676
592,28.0,4.0,0.2726272998391848,98.0,1858.0,159634.0,17.629203512333078,0.4513617452522761,0.999833243410075
593,28.0,5.0,0.2784529256994849,77.0,1853.0,159613.0,20.75897594867066,0.4451216507034801,0.9996509699017191
594,28.0,6.0,0.2566319181265493,95.0,1869.0,159631.0,15.999492113936638,0.44193321998703894,0.9996993173703606
595,28.0,7.0,0.3565909383104603,91.0,1741.0,159627.0,33.856258321268804,0.44063965627065405,0.9481868842051022
596,28.0,8.0,0.2692315414240223,96.0,1957.0,159632.0,18.668571983613063,0.44661646319103254,0.9482153023549094
597,28.0,9.0,0.2542086799962267,77.0,1951.0,159613.0,19.28967675957706,0.4425067673185592,0.9481783552461399
598,28.0,10.0,0.25731864054383163,95.0,2002.0,159631.0,18.08528568114917,0.4455960842949265,0.999708888129
599,28.0,11.0,0.2819451786635112,89.0,1931.0,159625.0,19.077838830027257,0.44314988462582316,0.999669835376069
600,28.0,12.0,0.3175198582929943,86.0,1729.0,159622.0,30.399336895022046,0.44762844441397864,0.9481775151474485
601,28.0,13.0,0.297345416033334,91.0,1766.0,159627.0,20.660697327828853,0.4408038005617436,0.9996842999797061
602,28.0,14.0,0.33825307698073825,85.0,1791.0,159621.0,23.834228380775627,0.44565374454190354,0.948185199485281
603,28.0,15.0,0.2675429651214087,124.0,1895.0,159660.0,14.834202702269444,0.43587856813619297,0.9482135234755418
604,28.0,16.0,0.27828785715647236,104.0,2030.0,159640.0,19.85415299697773,0.44430564947755946,0.9998106656620757
605,28.0,17.0,0.2991189173533435,95.0,1909.0,159631.0,21.9577738394686,0.43561078522193664,0.9998489652618631
606,28.0,18.0,0.27509490067254033,97.0,1949.0,159633.0,19.652374553644268,0.4516841693970389,0.9997508180910009
607,28.0,19.0,0.31832904038811577,82.0,1836.0,159618.0,28.566196768092972,0.4481270261795949,0.9996867662279867
608,28.0,20.0,0.24962948936526863,83.0,1899.0,158355.0,22.320326773001185,0.4460040453660671,0.9996769884189293
609,29.0,0.0,0.2723955902656528,87.0,1899.0,156996.0,20.27609470695503,0.44315417626639975,0.9481891276816657
610,29.0,1.0,0.23439540168347547,81.0,1961.0,161760.0,18.719473561330574,0.44627470331281904,0.948183972588781
611,29.0,2.0,0.270614118623845,95.0,1995.0,168618.0,19.20929163587988,0.4445809754402773,0.9996678804299372
612,29.0,3.0,0.303576427686923,90.0,1780.0,150972.0,18.168740685164458,0.44499621605623885,0.999874154062292
613,29.0,4.0,0.2696128865310492,91.0,1822.0,156894.0,21.48331286310421,0.4438209849854259,0.9482157441878702
614,29.0,5.0,0.3196622930129558,76.0,1917.0,158678.0,27.940448452991383,0.4488068066274392,0.9996610601437497
615,29.0,6.0,0.2727893575356131,103.0,1908.0,160071.0,16.292482963182724,0.447678891187996,0.9481819115952035
616,29.0,7.0,0.24930408438296517,84.0,1961.0,159054.0,17.835709003063933,0.4468170771010629,0.999736295933131
617,29.0,8.0,0.2857102087459882,93.0,1955.0,162417.0,20.672044926464928,0.44716207597795543,0.9482105918190918
618,29.0,9.0,0.3143735306261647,83.0,1807.0,156328.0,24.950191182551567,0.4481204458152819,0.9997154500502836
619,29.0,10.0,0.2747050922339237,76.0,1787.0,149499.0,21.934766593323385,0.44769207243477316,0.9481806509028775
620,29.0,11.0,0.28359061488872184,80.0,1854.0,158655.0,26.54663475383878,0.44730780564378236,0.9996737526436097
621,29.0,12.0,0.2671013051359158,101.0,1926.0,164307.0,17.734893378932263,0.4377422047321061,0.9481793838155433
622,29.0,13.0,0.2810892768717612,84.0,1890.0,154390.0,36.222135898774575,0.4420698992027875,0.9482050555562224
623,29.0,14.0,0.3282557376960584,94.0,1794.0,149689.0,31.705497685636125,0.45024948839772927,0.999778164868244
624,29.0,15.0,0.26995443101456623,96.0,2015.0,165478.0,17.94705117200971,0.45650179885930264,0.9996835022135289
625,29.0,16.0,0.3004582437718961,93.0,1762.0,146347.0,18.275782822116597,0.44248578535521577,0.9482003615247061
626,29.0,17.0,0.2886634527496001,100.0,1855.0,153611.0,22.03721141451486,0.44548367388740784,0.9482228547341492
627,29.0,18.0,0.3957180247148987,85.0,1593.0,134318.0,115.70130498665704,0.4515620334914542,0.9482034194704597
628,29.0,19.0,0.2988584196748213,94.0,1787.0,152483.0,16.995063482627195,0.45140233821677955,0.9997350792074976
629,29.0,20.0,0.2569257291400659,96.0,1866.0,159507.0,15.555138458818835,0.4506663904232132,0.9997689197073379
630,30.0,0.0,0.2941286461715173,83.0,1875.0,159087.0,24.623352678819945,0.4484519044749986,0.9482163255222259
631,30.0,1.0,0.23996464443353216,103.0,1960.0,159107.0,15.734677463716046,0.4504034437943558,0.9997126521135161
632,30.0,2.0,0.2865221745832355,85.0,1911.0,159089.0,26.849966831313772,0.45412761956813685,0.9996804092438467
633,30.0,3.0,0.3182917629258084,74.0,1826.0,159078.0,24.948807394200497,0.4512619005547195,0.9481861798296334
634,30.0,4.0,0.2966988194468183,80.0,1783.0,159084.0,18.463228118156444,0.4500301955622379,0.9997175900559235
635,30.0,5.0,0.3107857886044366,81.0,1859.0,159085.0,18.39903306902055,0.45018170034370697,0.9481806064310504
636,30.0,6.0,0.25252559971685384,95.0,1768.0,159099.0,14.761252173366753,0.4450204335983624,0.9482222663810335
637,30.0,7.0,0.32248444656472,94.0,1781.0,159098.0,18.35356149125043,0.4464152385018597,0.9481769215053157
638,30.0,8.0,0.3220290245634546,81.0,1805.0,159085.0,23.70750930871639,0.44940250864033837,0.9481819087266454
639,30.0,9.0,0.3007901409231621,107.0,1804.0,159111.0,24.153888579091777,0.442900590426629,0.9997077394759436
640,30.0,10.0,0.31461830586282363,80.0,1700.0,159084.0,36.98692169029848,0.4475453916286537,0.9482028214838474
641,30.0,11.0,0.32300516170456817,79.0,1696.0,159083.0,31.18661280857588,0.44246164775612085,0.9481771372378813
642,30.0,12.0,0.2546357983322431,108.0,1918.0,159112.0,15.84693109725799,0.442035296434492,0.9481846368576934
643,30.0,13.0,0.27754137284497554,82.0,1912.0,159086.0,20.499227930945274,0.4522413166912911,0.9481889988754224
644,30.0,14.0,0.3008175363353033,68.0,1927.0,159072.0,26.67094027812165,0.4392066231644074,0.9996695027445616
645,30.0,15.0,0.3107797721244685,108.0,1827.0,159112.0,20.412287255626197,0.443965836446644,0.9481856140668165
646,30.0,16.0,0.3070775378414983,88.0,1881.0,159092.0,20.421225646018833,0.4425660041991766,0.9997163006578251
647,30.0,17.0,0.26648264033894775,89.0,1919.0,159093.0,18.434168593149504,0.44373060754248506,0.9481844753189229
648,30.0,18.0,0.27647880543524406,77.0,1796.0,159081.0,19.443274639815797,0.44551010738909946,0.9997324214946729
649,30.0,19.0,0.3359697190897175,99.0,1714.0,159103.0,97.8256298226193,0.44217888303173025,0.9482013040653645
650,30.0,20.0,0.2992563085872576,87.0,1840.0,157749.0,23.935161268327786,0.44079330820081863,0.99967479729764
651,31.0,0.0,0.2699701846576119,92.0,1884.0,158690.0,16.29669819325644,0.44953909808376147,0.9996459032062239
652,31.0,1.0,0.2770679778897425,91.0,1841.0,158689.0,18.446466692023666,0.44464908603418685,0.9481857612198706
653,31.0,2.0,0.2577128879521412,87.0,1858.0,158685.0,23.818264800261566,0.4413740131448275,0.9481888759184572
654,31.0,3.0,0.28477108943535057,91.0,1843.0,158689.0,25.031363805712637,0.4469761424813622,0.9481848311695144
655,31.0,4.0,0.26917797649116837,99.0,1905.0,158697.0,23.86167213179192,0.45300414587993665,0.9996401709801674
656,31.0,5.0,0.3192208231925112,96.0,1849.0,158694.0,38.9730173150519,0.4348852536566403,0.9481866140733227
657,31.0,6.0,0.2907729056243148,104.0,1718.0,158702.0,14.626805596123837,0.4468973425750473,0.9481890468544096
658,31.0,7.0,0.26716619323963414,105.0,1766.0,158703.0,15.244729287402869,0.44627674371050097,0.9482096993100665
659,31.0,8.0,0.2895677964212293,94.0,1823.0,158692.0,17.634514926850244,0.45144597477482795,0.9996832857475692
660,31.0,9.0,0.2721670159057113,87.0,1953.0,158685.0,23.70676777800342,0.44448131840290617,0.9481773360290833
661,31.0,10.0,0.25836192317180184,99.0,1754.0,158697.0,21.25954834690428,0.45585622828194894,0.9481797760543439
662,31.0,11.0,0.2710913884056149,92.0,1951.0,158690.0,22.970908181709646,0.4421174654853578,0.9996839286064085
663,31.0,12.0,0.3136096954367728,107.0,1824.0,158705.0,18.03456896032813,0.45565246053419894,0.9997121461151993
664,31.0,13.0,0.29685681281652576,115.0,1656.0,158713.0,17.352497783896577,0.44763320598157486,0.9481905560972268
665,31.0,14.0,0.300106035871729,71.0,1765.0,158669.0,21.030317858151175,0.4537355255886769,0.9482176596226101
666,31.0,15.0,0.3382718807964967,107.0,1772.0,158705.0,31.1892608919605,0.44423643414583447,0.948204832959407
667,31.0,16.0,0.3179367802622418,72.0,1767.0,158670.0,26.34088350899303,0.4427227501295574,0.9481857974367517
668,31.0,17.0,0.30830921588296406,84.0,1816.0,158682.0,18.067165659348905,0.4495572291003418,0.9997333124107904
669,31.0,18.0,0.289423471307644,96.0,1848.0,158694.0,20.648458133993785,0.4454411989178737,0.9481889987599457
670,31.0,19.0,0.33281075396906823,59.0,1719.0,158657.0,29.37104171724041,0.4432269774448039,0.9481800949613018
671,31.0,20.0,0.3019599552220275,76.0,1883.0,157388.0,26.32616525502803,0.44419027299001534,0.9997032418753049
672,32.0,0.0,0.2622048962002178,91.0,1827.0,152461.0,23.242995311330098,0.44577198335476764,0.9481995142280427
673,32.0,1.0,0.2780800996919425,83.0,1844.0,152453.0,25.578174333622425,0.44280173285494484,0.9481831239565903
674,32.0,2.0,0.29247476907106434,70.0,2007.0,152440.0,31.315348043856115,0.44316638499925953,0.9996980135777728
675,32.0,3.0,0.2604626962161892,76.0,1858.0,152446.0,19.390202172649524,0.4525686652052596,0.9998034840524805
676,32.0,4.0,0.2830409718899607,77.0,1798.0,152447.0,23.876738509175965,0.449460007613278,0.9997806143603949
677,32.0,5.0,0.2910671247036172,77.0,1833.0,152447.0,21.90215996437434,0.4537131341781332,0.9997067189937086
678,32.0,6.0,0.3460050960464662,86.0,1722.0,152456.0,32.97250077331109,0.45044378122857176,0.9997490617744627
679,32.0,7.0,0.2939271779570928,77.0,1761.0,152447.0,19.098476720621235,0.44942875583043573,0.9482162792188837
680,32.0,8.0,0.2612812260936378,74.0,1795.0,152444.0,23.15194079059191,0.45018464565360294,0.9481795474203946
681,32.0,9.0,-0.0,90.0,1127.0,152460.0,12.522220830864352,0.26292809276414564,0.4973215923209545
682,32.0,10.0,0.2578974262160929,92.0,1898.0,152462.0,27.011319998815058,0.45695768409912607,0.9997424318005932
683,32.0,11.0,0.27108287171485335,95.0,1795.0,152465.0,19.271900432942633,0.4498759653527258,0.9482173494561166
684,32.0,12.0,0.2782784473139241,104.0,1792.0,152474.0,16.6233820721415,0.44918504436972884,0.9997100664239671
685,32.0,13.0,0.31333532001717507,75.0,1763.0,152445.0,23.66384677964821,0.45092992978590907,0.9997034382624703
686,32.0,14.0,0.3156311865497606,72.0,1786.0,152442.0,26.484822881123428,0.4558742823634977,0.9996837893451775
687,32.0,15.0,0.32227100526475505,78.0,1803.0,152448.0,28.93009986169648,0.44540549261197704,0.9481982731233976
688,32.0,16.0,0.296796431531062,75.0,1805.0,152445.0,27.56425243373691,0.4562300795960441,0.9997758584687491
689,32.0,17.0,0.340193095479531,67.0,1729.0,152437.0,26.08093135898424,0.44612284988532136,0.9481874799498295
690,32.0,18.0,0.2860861348669652,100.0,1867.0,152470.0,18.991834705385045,0.4505416868290063,0.9481938764490802
691,32.0,19.0,0.3242214276033364,97.0,1787.0,152467.0,38.22507750592552,0.4561994718483845,0.9482102604638505
692,32.0,20.0,0.33569923154802234,82.0,1840.0,151116.0,42.59060875821333,0.45298028756353315,0.999733327609948
693,33.0,0.0,0.23812857354612535,88.0,1825.0,154960.0,18.900339493296926,0.45626067184633023,0.948188122349315
694,33.0,1.0,0.2543599585414076,90.0,1864.0,154962.0,18.754561647702197,0.4560760129503876,0.9482129134144848
695,33.0,2.0,0.24174111940565957,73.0,1772.0,154945.0,26.49996201096044,0.45210640913512135,0.9481792008463645
696,33.0,3.0,0.289423471307644,96.0,1848.0,154968.0,15.44999563125207,0.4522419208805385,0.9998170275363446
697,33.0,4.0,0.31378980785646693,89.0,1833.0,154961.0,19.199989970894944,0.4474441705443658,0.9481825461707749
698,33.0,5.0,0.3323459264830869,85.0,1800.0,154957.0,28.687461539137058,0.44857020331062003,0.9481804489861155
699,33.0,6.0,0.28726922832932095,79.0,1844.0,154951.0,24.40865282457038,0.4525834779371195,0.9997294639853503
700,33.0,7.0,0.2822857231874986,83.0,1854.0,154955.0,21.98964477179068,0.45145981412593794,0.9481812081639138
701,33.0,8.0,0.2662470070327209,84.0,1828.0,154956.0,18.884434484552806,0.4528963112150286,0.948197491347118
702,33.0,9.0,0.284712576562504,84.0,1698.0,154956.0,17.527018604463,0.45210226923803554,0.9482081396120866
703,33.0,10.0,0.33588019997812574,67.0,1648.0,154939.0,33.33129328583399,0.4497496408951386,0.9996765218476494
704,33.0,11.0,0.32862061816420096,90.0,1732.0,154962.0,19.382703999402555,0.45777987326218095,0.9482049526145222
705,33.0,12.0,0.2955005155470112,98.0,1667.0,154970.0,14.890497812316527,0.4527942002613392,0.948188909810011
706,33.0,13.0,0.2970317832269641,81.0,1666.0,154953.0,17.097819421213234,0.4437059518310269,0.9481845950659414
707,33.0,14.0,0.3389886876467995,79.0,1757.0,154951.0,29.308069274654983,0.4517621832176665,0.9996879103292808
708,33.0,15.0,0.27619092240707505,99.0,1824.0,154971.0,19.416133382027965,0.4372816355363319,0.9481926733391014
709,33.0,16.0,0.25903427797653167,86.0,2025.0,154958.0,18.779272494170918,0.44784513507946133,0.9481852154206224
710,33.0,17.0,0.2658473164791689,75.0,1872.0,154947.0,29.697137630788056,0.44630385623259483,0.9482081782597604
711,33.0,18.0,0.31215543291236686,84.0,1656.0,154956.0,25.09363848440801,0.45442129207903326,0.948184379272178
712,33.0,19.0,0.3130952352443366,76.0,1691.0,154948.0,37.15287771145764,0.4466277013692136,0.9481832490361551
713,33.0,20.0,0.31714210230306394,93.0,1815.0,153649.0,26.818145759367642,0.45288269258598746,0.9996508803850983
714,34.0,0.0,0.2686539505120842,79.0,1739.0,150125.0,20.588278631463933,0.4537505469407124,0.9481926206055233
715,34.0,1.0,0.31155045215116545,85.0,1682.0,150131.0,21.054927680053787,0.450027272143531,0.9482076121074224
716,34.0,2.0,0.3648739083462349,89.0,1597.0,150135.0,32.026410239681425,0.450976323324384,0.9481854706443575
717,34.0,3.0,-0.0,83.0,1152.0,150129.0,7.111110233196268,0.26210361175496,0.4977841423895042
718,34.0,4.0,0.24915991729996462,90.0,1904.0,150136.0,21.39283783024566,0.46126672484123077,0.9997599703887663
719,34.0,5.0,0.29981506697564403,80.0,1790.0,150126.0,37.09081938242764,0.45877618556147715,0.9997251404149777
720,34.0,6.0,0.26591791020351774,89.0,1751.0,150135.0,22.742829794950495,0.4543402694564468,0.9481895199737632
721,34.0,7.0,0.3110105168114998,91.0,1793.0,150137.0,23.558799071549977,0.4578381109675581,0.9481818756127401
722,34.0,8.0,0.26313492387323856,85.0,1940.0,150131.0,19.12999125267403,0.45575656134160136,0.9997539855331965
723,34.0,9.0,0.28628576348594426,97.0,1817.0,150143.0,18.79703771330272,0.45206187635047346,0.9998292288351397
724,34.0,10.0,0.3004169889107963,91.0,1695.0,150137.0,21.665664233810553,0.45247002515099755,0.9481858975013387
725,34.0,11.0,0.34367267668696,78.0,1712.0,150124.0,41.17322864390018,0.44873491264556,0.9481929266240547
726,34.0,12.0,0.28869954375403684,90.0,1926.0,150136.0,23.999976250037648,0.4490287158598961,0.948199102826694
727,34.0,13.0,0.2879584205740721,85.0,1778.0,150131.0,22.726771249456043,0.4484017771418183,0.948181120880497
728,34.0,14.0,0.2830966710101456,78.0,1932.0,150124.0,25.486087455669526,0.4536817621628375,0.9996457669947301
729,34.0,15.0,0.3098142847028995,86.0,1728.0,150132.0,23.210393081374228,0.44814718568699463,0.9481846393697577
730,34.0,16.0,0.2946135069737552,79.0,1859.0,150125.0,21.073004202102496,0.4499313660777373,0.9482089111939022
731,34.0,17.0,0.3259351914215394,74.0,1803.0,150120.0,29.853585285054795,0.4501638761614202,0.9482204387654883
732,34.0,18.0,0.2755726872574936,86.0,1779.0,150132.0,20.373402122734426,0.44825113421458873,0.9481892609195581
733,34.0,19.0,0.32716559660120365,74.0,1684.0,150120.0,32.06423104452079,0.44284738264888757,0.9482076178465793
734,34.0,20.0,0.3001955062388028,86.0,1753.0,148850.0,22.98122708571335,0.4518499574223418,0.9481858473864977
735,35.0,0.0,0.24539645252441827,97.0,1885.0,154390.0,25.20694885552981,0.4518053653213705,0.9481789687811637
736,35.0,1.0,0.2639025925864913,106.0,1878.0,154399.0,25.89946553079399,0.4569645839622577,0.9996585397142985
737,35.0,2.0,0.23574122626244637,83.0,1819.0,154376.0,17.90239374776486,0.44989284206555946,0.9481769248617491
738,35.0,3.0,0.2853780277610068,95.0,1922.0,154388.0,19.083322326669098,0.45569555892014735,0.999696806355953
739,35.0,4.0,0.24647907200991398,68.0,1814.0,154361.0,22.5831234507583,0.45112901877983747,0.9481797369393614
740,35.0,5.0,0.248533971448111,83.0,1896.0,154376.0,17.81865574003985,0.456641988801494,0.9481921816851794
741,35.0,6.0,0.20463685480356228,94.0,1862.0,154387.0,14.404215839692549,0.44931217528730616,0.9482195394464108
742,35.0,7.0,0.23899470957212432,80.0,1940.0,154373.0,18.553915265767074,0.4539804771262437,0.9996343263712508
743,35.0,8.0,0.26237019226039027,90.0,1839.0,154383.0,26.781933404817607,0.4508619450178327,0.9482188561528541
744,35.0,9.0,0.29179518289689604,102.0,1803.0,154395.0,21.421852716507097,0.4588499429138728,0.9996567480535198
745,35.0,10.0,0.30763847124171695,94.0,1876.0,154387.0,31.086055997511817,0.4633910148595375,0.9996644047052148
746,35.0,11.0,0.2717392487819596,84.0,1737.0,154377.0,23.54554153605761,0.4538306623067453,0.9481834214964691
747,35.0,12.0,0.2741854806445812,84.0,1971.0,154377.0,21.578933764298487,0.4587635228524013,0.9997480465028662
748,35.0,13.0,0.24540785339011126,92.0,1840.0,154385.0,16.18966813187845,0.45355024828349866,0.9482070618787676
749,35.0,14.0,0.24585746213205287,80.0,1895.0,154373.0,27.506537729496927,0.45791097336111597,0.9996853936141378
750,35.0,15.0,0.31524123942054205,95.0,1716.0,154388.0,19.16952639216668,0.45653854251584525,0.9481980238737745
751,35.0,16.0,0.29081440245335816,78.0,1800.0,154371.0,30.2533290621632,0.45545523275394617,0.9997557370277855
752,35.0,17.0,0.31740456029406905,76.0,1761.0,154369.0,39.23049767040113,0.44929532899361824,0.9481860665755875
753,35.0,18.0,0.2674920246603165,99.0,1869.0,154392.0,16.22726578512939,0.45148730229169143,0.9997312983792696
754,35.0,19.0,0.25459067287259707,93.0,1819.0,154386.0,16.12915088125063,0.4436464232321048,0.9481771943292379
755,35.0,20.0,0.2681380458542621,88.0,1823.0,153133.0,20.258362059328682,0.44760577408585567,0.9481782958509071
756,36.0,0.0,0.25501985516706777,77.0,1758.0,149457.0,26.691740538894233,0.45640153943882045,0.9997314099666121
757,36.0,1.0,0.25486138371451506,93.0,1944.0,149473.0,17.735534007170603,0.4584675240114833,0.9996825104652614
758,36.0,2.0,0.24372647375610657,86.0,1903.0,149466.0,17.990781635428938,0.45588929889557506,0.9996503627488149
759,36.0,3.0,0.25492757845733816,108.0,1844.0,149488.0,24.49034319814158,0.4509266297355503,0.9482064850398745
760,36.0,4.0,0.2520467602202338,82.0,1888.0,149462.0,21.07046126137078,0.45257088908110943,0.948185419939094
761,36.0,5.0,0.26862186857429393,76.0,1792.0,149456.0,21.714270097624336,0.4543257087046385,0.9481876329939254
762,36.0,6.0,0.25507743106774755,94.0,1885.0,149474.0,21.037859184489136,0.46072983452598615,0.9996619196057857
763,36.0,7.0,0.2710907310559892,97.0,1938.0,149477.0,19.36304902786588,0.4582048546489096,0.9996486706162674
764,36.0,8.0,0.25933394425695766,81.0,1814.0,149461.0,19.714885446816467,0.4513857937954513,0.9481820280026177
765,36.0,9.0,0.2905073964690513,97.0,1897.0,149477.0,25.534749383240317,0.4547298663188639,0.999697990029666
766,36.0,10.0,0.2817692758423649,95.0,1785.0,149475.0,33.07962862083153,0.4516840102175973,0.9481800056110278
767,36.0,11.0,0.3533961775925467,89.0,1712.0,149469.0,41.15880592503338,0.45760631998516155,0.9481862412789508
768,36.0,12.0,0.2823037034491751,91.0,1817.0,149471.0,28.091906670580805,0.45132531785350827,0.9481848565448239
769,36.0,13.0,0.23167882362418973,87.0,1847.0,149467.0,21.967049082110005,0.4493963907295686,0.9997217609678626
770,36.0,14.0,0.2615718240022832,95.0,1929.0,149475.0,21.79492310827878,0.4550472140382881,0.999715283924771
771,36.0,15.0,0.2782013167816746,97.0,1893.0,149477.0,22.154739880769412,0.45853053154435486,0.9996770359416175
772,36.0,16.0,0.27139234959426367,98.0,1883.0,149478.0,27.36963455520053,0.45846581704478795,0.9482108594123773
773,36.0,17.0,0.2579105148595532,81.0,1856.0,149461.0,20.113857855775898,0.45267129237105663,0.9482231137778712
774,36.0,18.0,0.2823106360924296,104.0,1731.0,149484.0,15.507438858789401,0.45280223853264834,0.9481839850610932
775,36.0,19.0,0.298312182514583,87.0,1667.0,149467.0,19.999983812521577,0.44614804442486566,0.9481817986446882
776,36.0,20.0,0.3047558326572093,76.0,1748.0,148140.0,30.90967100224635,0.4475063489240857,0.9997000225393035
777,37.0,0.0,0.2567253225388646,99.0,1854.0,154893.0,22.359547093715193,0.4598345366982187,0.9997295275723315
778,37.0,1.0,0.2817492791314472,70.0,1699.0,154864.0,34.649175326237845,0.44241725834962564,0.9481958469867916
779,37.0,2.0,0.25182856761947336,76.0,1847.0,154870.0,22.945218563408567,0.4527234558134091,0.9997586906722172
780,37.0,3.0,0.34099092010377824,92.0,1695.0,154886.0,53.905327122742534,0.45358882356698527,0.9996481165108145
781,37.0,4.0,0.24567135199332762,84.0,1897.0,154878.0,26.937458929786892,0.46174015354769715,0.9997278648593898
782,37.0,5.0,0.2771095033958733,80.0,1828.0,154874.0,23.45493327939421,0.45645590697185734,0.948181270876847
783,37.0,6.0,0.23082465212940323,109.0,1889.0,154903.0,13.972503621107952,0.457546936951873,0.948203599615152
784,37.0,7.0,0.2466320494933894,96.0,1857.0,154890.0,17.6533982070113,0.4564450485901216,0.9481822337517418
785,37.0,8.0,0.2907189046447991,78.0,1742.0,154872.0,47.486655726340686,0.46140231095743767,0.9481872651861729
786,37.0,9.0,0.22934152000847016,100.0,1988.0,154894.0,15.649615805286581,0.45271672453908685,0.9996771520478814
787,37.0,10.0,0.23086055581731363,101.0,1970.0,154895.0,17.503349693030994,0.4577415018605091,0.9996509578173697
788,37.0,11.0,0.24257297433158853,89.0,1946.0,154883.0,17.138522160945413,0.45892505359889635,0.9481810095068695
789,37.0,12.0,0.2711893730418441,96.0,1872.0,154890.0,27.391258327144747,0.44735842963621564,0.9481785506272569
790,37.0,13.0,0.3061812856046937,92.0,1758.0,154886.0,29.198812292868666,0.4532750210268771,0.9481853454237136
791,37.0,14.0,0.2619660409707175,96.0,1843.0,154890.0,20.73886908459927,0.45847775538792224,0.9481900005429055
792,37.0,15.0,0.2503327705090895,89.0,1877.0,154883.0,16.725643397376302,0.4508579690221196,0.9481783386796034
793,37.0,16.0,0.2296948236835426,82.0,1951.0,154876.0,17.720583218613434,0.45145111171715513,0.9481825304110223
794,37.0,17.0,0.23930689484295536,77.0,1921.0,154871.0,19.61043955964116,0.4561681205985506,0.9482221479036835
795,37.0,18.0,0.24276921373751692,92.0,1959.0,154886.0,21.38951572992905,0.4540630211190049,0.9997470104246563
796,37.0,19.0,0.25219952094153825,101.0,1800.0,154895.0,16.817865610153294,0.44373354319204705,0.9481790628328753
797,37.0,20.0,0.24092847575290732,67.0,1811.0,153567.0,22.53689036971714,0.4494169154194071,0.9481873494001464
798,38.0,0.0,0.24708340835635692,81.0,1956.0,147735.0,23.159980045364108,0.45426324439719656,0.9997050257896793
799,38.0,1.0,0.24217224693125,90.0,1920.0,147744.0,18.074064929135467,0.46113276066162345,0.9481873253434615
800,38.0,2.0,0.22248206145512703,96.0,1850.0,147750.0,16.01148643546797,0.4512284770702928,0.9481889102010259
801,38.0,3.0,0.28829705441594744,93.0,1775.0,147747.0,27.75978387190512,0.4608259592588074,0.9482020374255842
802,38.0,4.0,0.2892703626479278,99.0,1719.0,147753.0,20.545677875944172,0.45906897168886707,0.9481845191261787
803,38.0,5.0,0.2528716345894402,75.0,1822.0,147729.0,19.89645486137519,0.4593955928401636,0.948188522179451
804,38.0,6.0,0.2536099796724631,91.0,1786.0,147745.0,16.063061718877535,0.45206772704724474,0.9481812056651955
805,38.0,7.0,0.29987599476425497,88.0,1857.0,147742.0,24.067048995923734,0.4571720379334199,0.9482155947144385
806,38.0,8.0,0.2443499445861866,86.0,1821.0,147740.0,20.708315199680953,0.45622937800045693,0.9481899637642762
807,38.0,9.0,0.25659388609507633,86.0,1771.0,147740.0,16.364858987859947,0.45686052779470987,0.9481806960238424
808,38.0,10.0,0.23269358382244593,91.0,1852.0,147745.0,21.598813035065064,0.458615387128973,0.9481781397880765
809,38.0,11.0,0.2550262218106572,106.0,1843.0,147760.0,15.421867570644617,0.4511345169040384,0.9482059583094172
810,38.0,12.0,0.2696850816692339,75.0,1782.0,147729.0,28.59150516326855,0.44599758265732237,0.9482052808883146
811,38.0,13.0,0.27261732514771575,90.0,1871.0,147744.0,28.159837241696707,0.45049994087335066,0.9481779089613773
812,38.0,14.0,0.2302925353688599,100.0,1797.0,147754.0,15.380334071629292,0.45409856852735,0.9482121736582717
813,38.0,15.0,0.2752955583290326,89.0,1807.0,147743.0,21.863432884623588,0.45278611533979396,0.9997487369168224
814,38.0,16.0,0.25055618480169906,91.0,1802.0,147745.0,22.155788019141134,0.45152520191334755,0.9481935591920924
815,38.0,17.0,0.2865033702845201,97.0,1803.0,147751.0,23.983664675745363,0.44973753360217017,0.9481874775215162
816,38.0,18.0,0.2425499796772339,89.0,1779.0,147743.0,21.592832565182995,0.4586947106321042,0.948199147541019
817,38.0,19.0,0.24771372560507277,92.0,1890.0,147746.0,26.01132249880881,0.4634150786039831,0.948203620866011
818,38.0,20.0,0.30881988012806455,87.0,1693.0,146362.0,25.06582111642225,0.4501607772875307,0.9482009628010082
819,39.0,0.0,0.23487294020483018,109.0,1876.0,156927.0,17.046205601728555,0.4595753414652708,0.9481911677110861
820,39.0,1.0,0.2904872706268054,89.0,1744.0,146555.0,46.17222773972813,0.4626627676677888,0.9482149233626859
821,39.0,2.0,0.27789182557025305,88.0,1783.0,150285.0,20.27247103214015,0.45671906978721033,0.9481813739804681
822,39.0,3.0,0.2912347804504438,79.0,1808.0,150414.0,49.24006584638349,0.45671485803512446,0.9481827413520832
823,39.0,4.0,0.22016157833625538,87.0,1842.0,158707.0,21.18534336280282,0.45599262900676074,0.9996760436319544
824,39.0,5.0,0.23474977833545968,84.0,1941.0,161308.0,20.52596004302692,0.4636891302917704,0.9996970889572208
825,39.0,6.0,0.281293312151351,101.0,1814.0,153247.0,21.02366287034807,0.46017452933237635,0.9481802166892259
826,39.0,7.0,0.2507074946092988,91.0,1815.0,152226.0,16.682091227525078,0.4631071817952209,0.9482002775077435
827,39.0,8.0,0.24038826172766048,76.0,1986.0,163397.0,21.024865590547343,0.4593663835106424,0.9481786956189562
828,39.0,9.0,0.24520964587851035,103.0,1887.0,161494.0,16.36701250233509,0.46409287591622084,0.948184778337807
829,39.0,10.0,0.280009490100008,102.0,1888.0,158533.0,27.857094453471614,0.46691394973117273,0.9997898140810461
830,39.0,11.0,0.29190755047388917,69.0,1802.0,153667.0,31.926873001747833,0.4548256432030574,0.9482017738697149
831,39.0,12.0,0.2925809513464726,89.0,1866.0,154327.0,19.55137767954432,0.45952530245082623,0.999683518873798
832,39.0,13.0,0.2895835727009991,80.0,1740.0,145191.0,25.31996918405899,0.4520488076107094,0.9481811182160177
833,39.0,14.0,0.24909051770607887,80.0,1978.0,161378.0,23.702682269936517,0.4591939249237629,0.9997237979220736
834,39.0,15.0,0.31859843869929405,90.0,1741.0,147921.0,37.20105449826525,0.45229798333381055,0.9997448270579663
835,39.0,16.0,0.27739124073795723,73.0,1775.0,148834.0,26.114675915541092,0.4597684701206747,0.9481929331981926
836,39.0,17.0,0.2857305899193101,77.0,1810.0,147350.0,24.190118365273335,0.47047881381311585,0.9481958344134418
837,39.0,18.0,0.2609716049732094,83.0,1798.0,151047.0,23.785869865963164,0.4588057442096303,0.9997076923420211
838,39.0,19.0,0.2625279081149428,99.0,1783.0,155649.0,17.2644118450969,0.44883993563098945,0.9481853633131422
839,39.0,20.0,0.2960177102947006,93.0,1766.0,152145.0,22.097678695702307,0.45666825552973256,0.9482150524640106
840,40.0,0.0,0.2685078076707401,77.0,1859.0,158205.0,19.424234625809085,0.4596584877708325,0.9481920853296538
841,40.0,1.0,0.23594692617394644,103.0,1880.0,158231.0,18.993968790739256,0.46319740319289526,0.9996786949135807
842,40.0,2.0,0.24701384924068565,78.0,1853.0,158206.0,20.155345613979296,0.4612502334941988,0.9996630991738498
843,40.0,3.0,0.27734202156983734,97.0,1851.0,158225.0,23.960839158660043,0.46008231665830146,0.9481807413000777
844,40.0,4.0,0.2496876316675607,96.0,1986.0,158224.0,17.555805902819277,0.46662060219711265,0.9997339861357584
845,40.0,5.0,0.279664249872073,80.0,1854.0,158208.0,22.320922530840985,0.46103845724578874,0.9481839007245909
846,40.0,6.0,0.2509060785447255,97.0,1842.0,158225.0,22.02062576084959,0.4608382461723233,0.9482006916901229
847,40.0,7.0,0.27239334552400946,90.0,1744.0,158218.0,18.248463866433987,0.45773299791844857,0.9481775310221132
848,40.0,8.0,0.23666224027002894,74.0,1998.0,158202.0,22.111730354767666,0.4612620120836103,0.9997434797962376
849,40.0,9.0,0.24589563809012005,107.0,1820.0,158235.0,20.523504195781292,0.46291015081118214,0.9481814025864878
850,40.0,10.0,0.27730232867963456,100.0,1801.0,158228.0,26.510371079755913,0.4532495572119235,0.9481868525876348
851,40.0,11.0,0.32855263611810115,75.0,1703.0,158203.0,53.72923437033459,0.47291599316183786,0.9481877379993008
852,40.0,12.0,0.26883077955899093,90.0,1869.0,158218.0,33.591873993525084,0.45163214566531695,0.9482078559740457
853,40.0,13.0,0.2648466159063307,86.0,1882.0,158214.0,18.460517807832684,0.4646269856744013,0.9997291905426149
854,40.0,14.0,0.3601153529474633,91.0,1758.0,158219.0,23.88688274308557,0.4602664314536201,0.9996928824115474
855,40.0,15.0,0.24352023815515061,96.0,1875.0,158224.0,16.952098468689368,0.4532383704197197,0.9481862353748176
856,40.0,16.0,0.26872926349549187,89.0,1870.0,158217.0,22.24295091118768,0.4573036599683197,0.9481813392054181
857,40.0,17.0,0.2443499445861866,98.0,1821.0,158226.0,14.925382246244094,0.451824515152608,0.9481935165228993
858,40.0,18.0,0.3425415079719701,90.0,1776.0,158218.0,41.10334056317771,0.4632794396648281,0.9481796068849248
859,40.0,19.0,0.24102888144877654,92.0,1948.0,158220.0,18.77677450203211,0.45515830973393245,0.9482139433398619
860,40.0,20.0,0.23178721961683485,91.0,1862.0,156964.0,16.533943535937937,0.458709581039774,0.9996820112664603
861,41.0,0.0,0.23651433177716347,77.0,1921.0,156707.0,21.56427142960988,0.4734528049902358,0.9996457651712118
862,41.0,1.0,0.2608412763691458,90.0,1813.0,156720.0,17.709867114016223,0.47707965207836067,0.9996738219011937
863,41.0,2.0,0.26320226045799777,73.0,1763.0,156703.0,23.019880623096626,0.46578821909257107,0.9481977201691779
864,41.0,3.0,0.2605868715938781,118.0,1843.0,156748.0,16.14317064324662,0.46211341574089715,0.9996876725692406
865,41.0,4.0,0.2957815498118613,95.0,1791.0,156725.0,24.683301124136587,0.45481448831538074,0.9481840257283539
866,41.0,5.0,0.30300133553038455,106.0,1796.0,156736.0,21.669976683037582,0.4596310582661618,0.9481848994209426
867,41.0,6.0,0.2550262218106572,106.0,1843.0,156736.0,16.05211019445772,0.460312928400762,0.948220305455475
868,41.0,7.0,0.29453051661053925,85.0,1802.0,156715.0,29.66044382290057,0.45741579970965274,0.9482116363508655
869,41.0,8.0,0.26516806528452774,88.0,1758.0,156718.0,18.3562384945442,0.45754124991769485,0.9482086656256671
870,41.0,9.0,0.24691754713150582,86.0,1943.0,156716.0,17.12722533857699,0.453575963809732,0.9481794980489858
871,41.0,10.0,0.2657580255759945,81.0,1806.0,156711.0,20.93338238215864,0.4576528299503999,0.9481870475439428
872,41.0,11.0,0.29735788324938994,66.0,1914.0,156696.0,35.08059039035014,0.4636781220984191,0.9997246103328803
873,41.0,12.0,0.23341453748571023,99.0,1796.0,156729.0,22.86312196186045,0.45800572868110856,0.9482178514843168
874,41.0,13.0,0.29935374808151727,85.0,1794.0,156715.0,21.837894519757278,0.4565107276978586,0.9481823074125774
875,41.0,14.0,0.2530369754479396,80.0,1849.0,156710.0,20.995092855036432,0.46278785631452724,0.9481863264032474
876,41.0,15.0,0.3042967018966342,98.0,1851.0,156728.0,50.76541408796415,0.4642504661130378,0.9996847631066245
877,41.0,16.0,0.2887629711075441,83.0,1759.0,156713.0,21.170096285372118,0.4559364499241485,0.9482116330756345
878,41.0,17.0,0.25047228036129626,99.0,1861.0,156729.0,30.359302948913346,0.4596049896798058,0.9482098730587603
879,41.0,18.0,0.28147186049451883,98.0,1874.0,156728.0,18.118591278125763,0.4614861318958433,0.9482134825024662
880,41.0,19.0,0.2510458632375433,103.0,1971.0,156733.0,18.157883095234993,0.46569389630968416,0.9997066172341689
881,41.0,20.0,0.21285959961880277,79.0,1856.0,155491.0,18.727102967582365,0.4652429536467093,0.9996537892446982
882,42.0,0.0,0.26086857878225667,96.0,1799.0,160645.0,17.66476141594783,0.4808813770266306,0.9482121862497955
883,42.0,1.0,0.2910097983193675,86.0,1763.0,160635.0,24.956758894283595,0.4853865928796629,0.9996711131595575
884,42.0,2.0,0.2809815203469801,103.0,1718.0,160652.0,18.15251472158932,0.47219123882914704,0.9482168489395185
885,42.0,3.0,0.21970131944671922,95.0,1795.0,160644.0,14.753241298072826,0.468150194414493,0.9482091726396864
886,42.0,4.0,0.236159069634592,84.0,1925.0,160633.0,20.422063952623816,0.47254856871190765,0.9997105745589729
887,42.0,5.0,0.2355531415743359,93.0,1726.0,160642.0,16.324255071236987,0.4651496176253397,0.9481917760409087
888,42.0,6.0,0.23235490979615803,81.0,1888.0,160630.0,19.44262618402542,0.4753735478146246,0.9996997814393236
889,42.0,7.0,0.23893918516130822,83.0,1863.0,160632.0,18.443684694804595,0.470761721683681,0.9996899079782336
890,42.0,8.0,0.24072064969405269,84.0,1890.0,160633.0,21.576904541448776,0.4757395794131738,0.9997434179984781
891,42.0,9.0,0.26434112325710934,107.0,1941.0,160656.0,23.2087938658593,0.4557525815108263,0.9996814814636155
892,42.0,10.0,0.25899084004993195,83.0,1859.0,160632.0,27.667678262102143,0.45878472544721594,0.9481863578321118
893,42.0,11.0,0.24910340295836408,83.0,1846.0,160632.0,20.31577512764025,0.456025521288271,0.9997246287510448
894,42.0,12.0,0.2899311337441706,86.0,1737.0,160635.0,34.078230432604094,0.4499067232526567,0.9481871326663728
895,42.0,13.0,0.260758240821532,100.0,1910.0,160649.0,26.598913935113035,0.4603564849136924,0.9481848199663299
896,42.0,14.0,0.2694462381738263,75.0,1758.0,160624.0,33.611035100557004,0.46450954248578435,0.9481779596815908
897,42.0,15.0,0.24166827443028777,101.0,1895.0,160650.0,14.606728014945192,0.4599869013410657,0.9481828697903257
898,42.0,16.0,0.2548069659408987,80.0,1902.0,160629.0,21.68100228022702,0.4716817837834638,0.9996642372027724
899,42.0,17.0,0.25199944608154135,98.0,1802.0,160647.0,15.319742943208343,0.4588231859153534,0.9482137426706254
900,42.0,18.0,0.27459706869827943,94.0,1788.0,160643.0,21.030282521841528,0.4563306953354467,0.94819142306991
901,42.0,19.0,0.26588963541208094,92.0,1778.0,160641.0,20.647267237426504,0.4553500327877513,0.9481787971209167
902,42.0,20.0,0.2594085538469142,75.0,1924.0,159239.0,29.945377327338065,0.4579704074860662,0.9997440077293738
903,43.0,0.0,0.26858395581357947,93.0,1766.0,166907.0,19.059785887703022,0.467776060683472,0.9481847242322077
904,43.0,1.0,0.2657438263408044,68.0,1766.0,166882.0,21.86665408473549,0.47791609829450743,0.9481930470063737
905,43.0,2.0,0.2371616557587521,82.0,1851.0,166896.0,23.053221691833528,0.47964469130715837,0.9481770013640693
906,43.0,3.0,0.29383794855533135,86.0,1727.0,166900.0,19.42787167793015,0.47438197775864965,0.9481786831971946
907,43.0,4.0,0.26826217610428194,85.0,1769.0,166899.0,23.61872192271001,0.4731278148193253,0.9996579931718689
908,43.0,5.0,0.26377955724520896,76.0,1717.0,166890.0,23.897156121574533,0.4725226866742809,0.9482078028175882
909,43.0,6.0,0.2421081867578078,93.0,1814.0,166907.0,18.354637874061368,0.4648168338320101,0.9482083558704334
910,43.0,7.0,0.2561350321468197,102.0,1860.0,166916.0,22.107189176628516,0.4745771721675912,0.9998702564941591
911,43.0,8.0,0.2743357681721917,85.0,1816.0,166899.0,20.873610508111685,0.47445341138064234,0.9481947363167493
912,43.0,9.0,0.2560982389772527,102.0,1804.0,166916.0,19.395814646297087,0.4674277845484689,0.9481872666098395
913,43.0,10.0,0.33565582543641054,93.0,1745.0,166907.0,27.17496239155059,0.4691779975445335,0.9481975049841849
914,43.0,11.0,0.2666326444671862,61.0,1771.0,166875.0,27.924970788446522,0.47074246163127664,0.9997311479414819
915,43.0,12.0,0.25644947837789334,103.0,1899.0,166917.0,25.7840478217883,0.47036361563127316,0.9996323293703454
916,43.0,13.0,0.25322816766409756,94.0,1890.0,166908.0,17.064277868544163,0.46982908060506834,0.9997172451728372
917,43.0,14.0,0.2824415431415218,90.0,1828.0,166904.0,46.78958539413901,0.4688136640277205,0.9482038247482469
918,43.0,15.0,0.2543301714824365,76.0,1907.0,166890.0,20.131809446701222,0.47951945010950603,0.9996592421081509
919,43.0,16.0,0.2865119987570842,89.0,1851.0,166903.0,23.05620227907162,0.48179085173346314,0.9996765809132889
920,43.0,17.0,0.2543535740976535,67.0,1736.0,166881.0,22.164271023657612,0.48533932460749063,0.9996797436564842
921,43.0,18.0,0.27811976261517646,113.0,1806.0,166927.0,14.692506619844965,0.4518188276231496,0.9482231554751881
922,43.0,19.0,0.2986647113110028,77.0,1800.0,166891.0,50.689799792327264,0.46169601337391886,0.9481905136782691
923,43.0,20.0,0.24439411818827156,90.0,1971.0,165646.0,18.049992012506728,0.46047620261614675,0.9996837266832396
924,44.0,0.0,0.23422968795540566,94.0,1931.0,154726.0,17.369272324029122,0.4797640499172835,0.9996839417414919
925,44.0,1.0,-0.0,80.0,1061.0,154712.0,6.715189023393794,0.2664426687641004,0.500319429780451
926,44.0,2.0,0.2505625011221221,78.0,1831.0,154710.0,19.355062895409027,0.48057467948258803,0.9482034924223631
927,44.0,3.0,0.23759255664384993,114.0,1862.0,154746.0,13.205631573174932,0.47017323806903044,0.9482191446556304
928,44.0,4.0,0.27608237354809706,72.0,1787.0,154704.0,26.38355205623845,0.4582870147095436,0.9481794179544056
929,44.0,5.0,0.28541959187608235,92.0,1837.0,154724.0,16.510704961197455,0.47116013908945653,0.948180930837405
930,44.0,6.0,0.2734038264609242,97.0,1722.0,154729.0,25.287591615681734,0.4772250633021704,0.9481770869777625
931,44.0,7.0,0.2665603597008243,73.0,1785.0,154705.0,28.713724507167534,0.4792850491693177,0.9997263433276498
932,44.0,8.0,0.2510988381641901,73.0,1869.0,154705.0,25.69408996562281,0.483440605609492,0.999858215042577
933,44.0,9.0,0.24000184800298902,112.0,1867.0,154744.0,13.472023501423724,0.4773286176547872,0.9481911619193786
934,44.0,10.0,0.2430542996423176,86.0,1880.0,154718.0,18.291477156317193,0.4776452095603694,0.9481908551213256
935,44.0,11.0,0.29954227919151627,84.0,1736.0,154716.0,35.43201200455297,0.4783548034739499,0.9481853894672577
936,44.0,12.0,0.27391157314175346,92.0,1820.0,154724.0,21.589126430235517,0.48942777735960685,0.9998134088552787
937,44.0,13.0,0.27756432331086267,65.0,1786.0,154697.0,31.225363252093295,0.480906953394343,0.9482054177381432
938,44.0,14.0,0.27098098928842584,91.0,1835.0,154723.0,19.017307032001053,0.48363101766549144,0.9481896632597011
939,44.0,15.0,0.2792554106706937,91.0,1808.0,154723.0,19.080559754049272,0.4700765956571532,0.9481977570106082
940,44.0,16.0,0.27709081619398485,87.0,1866.0,154719.0,22.9382497401655,0.4641201618175551,0.9481824632568085
941,44.0,17.0,0.2852597360224731,75.0,1778.0,154707.0,24.068818450202308,0.47095338619510074,0.9481767584029955
942,44.0,18.0,0.24732038949980545,95.0,1835.0,154727.0,16.264698498276235,0.4687027252477076,0.9482217764001994
943,44.0,19.0,0.23451128202978186,73.0,1880.0,154705.0,20.321171120734462,0.4702573267768355,0.9482162354998049
944,44.0,20.0,0.23681815341339357,74.0,1839.0,153457.0,19.746144586070137,0.46607162426833215,0.9482072235840323
945,45.0,0.0,0.2546524276792161,99.0,1861.0,143518.0,16.888879734577007,0.4796008625503392,0.9997065564459005
946,45.0,1.0,0.24688505287742007,86.0,1706.0,143505.0,28.75093897264903,0.48008661857632795,0.9482213410940759
947,45.0,2.0,0.2605067071609063,93.0,1775.0,143512.0,20.20975111097595,0.4815043396751689,0.9481796454995682
948,45.0,3.0,0.2539086224558807,77.0,1726.0,143496.0,26.118111366615192,0.48570241530543046,0.9997489081985151
949,45.0,4.0,0.2335136490182969,106.0,1827.0,143525.0,14.621868370643817,0.47953383899813296,0.9482029828618751
950,45.0,5.0,0.33041555026274483,96.0,1679.0,143515.0,29.690162751197796,0.4834907549214562,0.9996722607655226
951,45.0,6.0,0.3070946059914299,93.0,1783.0,143512.0,25.59882979110394,0.47712918390881254,0.9998568751699644
952,45.0,7.0,0.24483470907773247,105.0,1846.0,143524.0,15.80728313929528,0.47960214857724504,0.9481926790794919
953,45.0,8.0,0.2181885650787881,85.0,1900.0,143504.0,16.476856634477073,0.47620175053763525,0.9482201307937498
954,45.0,9.0,0.30345919037033836,85.0,1781.0,143504.0,23.66980756468608,0.4778152452500455,0.9481915475582844
955,45.0,10.0,0.2529369549332528,76.0,1807.0,143495.0,20.235282456219316,0.47890105485007106,0.9997562747295353
956,45.0,11.0,0.26966728491261993,74.0,1887.0,143493.0,21.407681356091718,0.477960208899082,0.9996510861272386
957,45.0,12.0,0.25921853663798644,86.0,1732.0,143505.0,18.11377096499224,0.4760555525240294,0.9481849480870949
958,45.0,13.0,0.2633081523902911,85.0,1762.0,143504.0,23.19997272505216,0.4833805814753346,0.9997283842761077
959,45.0,14.0,0.2806661520242973,90.0,1696.0,143509.0,19.17726543968879,0.4754446406795827,0.9482185441907646
960,45.0,15.0,0.266179830309826,98.0,1842.0,143517.0,20.760849391966524,0.4741402442099374,0.999741862554565
961,45.0,16.0,0.2816487076730543,98.0,1860.0,143517.0,17.9900020846394,0.4811435007589191,0.999663021009693
962,45.0,17.0,0.2443546869681274,81.0,1836.0,143500.0,26.379830559527953,0.47270138228679615,0.9996472093932941
963,45.0,18.0,0.2734311582406214,88.0,1786.0,143507.0,23.82165775165975,0.4716699653917271,0.9481813036589548
964,45.0,19.0,0.2556815869187332,86.0,1794.0,143505.0,16.555174248365418,0.47421630967668504,0.9481894559738154
965,45.0,20.0,0.2839720289390999,83.0,1680.0,142214.0,18.085575659114706,0.4794064105730822,0.9481847433869867
966,46.0,0.0,0.25635724660995396,94.0,1717.0,147513.0,21.16064875053496,0.4758704507542777,0.9481891591345236
967,46.0,1.0,0.2645702897414938,91.0,1804.0,147510.0,20.990176311642074,0.47094597329019994,0.948212205560011
968,46.0,2.0,0.27660443339230517,78.0,1719.0,147497.0,22.326368473218423,0.4739457368884654,0.9481864524123648
969,46.0,3.0,0.2614164444460414,77.0,1780.0,147496.0,17.89061913968927,0.4740506035584706,0.948220425492208
970,46.0,4.0,0.29235499388830116,62.0,1763.0,147481.0,25.44024166765616,0.48644652664529,0.9481791321584877
971,46.0,5.0,0.2567921579926541,67.0,1741.0,147486.0,43.43830462562736,0.4738263099629769,0.948194760228625
972,46.0,6.0,0.24986197061905785,96.0,1809.0,147515.0,17.32385286093682,0.47818447440000533,0.9482087447034593
973,46.0,7.0,0.24287939957199134,88.0,1806.0,147507.0,18.913566818446753,0.4813979710103281,0.999766381375127
974,46.0,8.0,0.3866470286644771,89.0,1606.0,147508.0,42.95530930143576,0.4793169959229209,0.9481816993617466
975,46.0,9.0,0.3013607255177645,83.0,1732.0,147502.0,20.20081982219588,0.471379536700149,0.9481807385300102
976,46.0,10.0,0.24382335546397765,82.0,1751.0,147501.0,19.18570099566336,0.4821082623400721,0.9481916795894295
977,46.0,11.0,0.2750044229120346,67.0,1746.0,147486.0,26.675776958796035,0.4954991275845485,0.9482137371503123
978,46.0,12.0,0.24858397184708286,88.0,1822.0,147507.0,20.686973385084052,0.4777970439322963,0.9997563988277474
979,46.0,13.0,0.2147324683489939,108.0,1816.0,147527.0,12.58709353830661,0.46767534791868437,0.9481826353609457
980,46.0,14.0,0.26211088280989797,81.0,1787.0,147500.0,23.994709208639847,0.47640040636588965,0.9998134484160934
981,46.0,15.0,0.27285900249397455,87.0,1714.0,147506.0,19.38123519343472,0.4760265306338807,0.9481813228767777
982,46.0,16.0,0.3069622329062719,70.0,1795.0,147489.0,24.722203332097948,0.4846756641803617,0.9997903298321935
983,46.0,17.0,0.2592775786377483,82.0,1773.0,147501.0,18.37822495411522,0.48153123419039523,0.9481823774699777
984,46.0,18.0,0.2869485458743255,89.0,1775.0,147508.0,20.492143966881223,0.4751460576470927,0.9482194229011942
985,46.0,19.0,0.26337667421428984,95.0,1802.0,147514.0,18.98293989643701,0.47639045761342635,0.9482038168779822
986,46.0,20.0,0.26183586174095314,81.0,1735.0,146282.0,21.3033142651407,0.4769629453624109,0.9482083484629447
987,47.0,0.0,0.2862468296914013,89.0,1697.0,152900.0,21.123473263266433,0.48822081398856343,0.9481871586431768
988,47.0,1.0,0.28251506192133735,104.0,1766.0,152915.0,16.53683231776928,0.4924320967402628,0.9482049717933726
989,47.0,2.0,0.2747251069406791,59.0,1723.0,152870.0,36.67849389693412,0.4846379851056686,0.9996680696232584
990,47.0,3.0,0.2664915695091469,113.0,1759.0,152924.0,15.997607997263527,0.4747139877408103,0.9481968121507335
991,47.0,4.0,0.29688080087400726,69.0,1770.0,152880.0,22.925190638557716,0.4878469942861121,0.9997413409961572
992,47.0,5.0,0.3181952611570925,74.0,1672.0,152885.0,37.63371131948291,0.48149996440035236,0.9481790785924615
993,47.0,6.0,0.27865934234965234,100.0,1776.0,152911.0,15.63431383624576,0.47113617941658326,0.9482095442058889
994,47.0,7.0,0.24501694354987613,85.0,2024.0,152896.0,19.343324904229195,0.4892779716743251,0.9996822660004732
995,47.0,8.0,0.25848537952762546,87.0,1725.0,152898.0,17.151700431650866,0.47498431127557894,0.9482035718456437
996,47.0,9.0,0.2895150551853525,95.0,1859.0,152906.0,28.976598261617454,0.48225906102200344,0.9998131589005056
997,47.0,10.0,0.2987859208452031,74.0,1765.0,152885.0,89.01976644334151,0.4788339947953676,0.9996926351602659
998,47.0,11.0,0.2810148722577057,80.0,1866.0,152891.0,22.532272610919094,0.4888144373024962,0.9997161738875838
999,47.0,12.0,0.26101733724144094,79.0,1825.0,152890.0,18.91086113828668,0.48254446885488933,0.9481781027547665
1000,47.0,13.0,0.2908076246691439,74.0,1753.0,152885.0,26.523156921336884,0.47584957229442304,0.9996428136219541
1001,47.0,14.0,0.35999451333909654,71.0,1716.0,152882.0,60.98525565552453,0.4839410209829559,0.9996580739983528
1002,47.0,15.0,0.27379262685228256,97.0,1757.0,152908.0,18.785699306142533,0.47301201852077257,0.9997013043162708
1003,47.0,16.0,0.2720447382531893,101.0,1786.0,152912.0,22.383304839291405,0.47010596707454144,0.9481801993271408
1004,47.0,17.0,0.32096273362347244,88.0,1661.0,152899.0,49.45909756389068,0.4679087024214069,0.9482016022035638
1005,47.0,18.0,0.27956475931667224,74.0,1718.0,152885.0,18.095232380388367,0.47491657437240453,0.9482111903441917
1006,47.0,19.0,0.2717311444480815,80.0,1763.0,152891.0,19.79859891687307,0.4734307246713284,0.9481800975535847
1007,47.0,20.0,0.251151467662346,70.0,1825.0,151611.0,19.896544823874475,0.470618859759092,0.9481962558966668
1008,48.0,0.0,0.2680786857455224,96.0,1665.0,152452.0,39.68601184268437,0.4894432742799444,0.9998730522185204
1009,48.0,1.0,0.31468497234692894,82.0,1668.0,152438.0,29.548025995563236,0.48303432647139655,0.9481949080494073
1010,48.0,2.0,0.2475009501586,86.0,1774.0,152442.0,19.039769431819863,0.486495660324901,0.9481837983186336
1011,48.0,3.0,0.2621867429990859,92.0,1759.0,152448.0,25.38632227153685,0.4687810075129637,0.9481861932384804
1012,48.0,4.0,0.25682023019071876,98.0,1839.0,152454.0,17.67637760020581,0.47768512268513796,0.948201282743192
1013,48.0,5.0,0.2906663650430672,126.0,1766.0,152482.0,17.50418580399056,0.4745237318288483,0.9481783030144254
1014,48.0,6.0,0.29983863039148767,95.0,1711.0,152451.0,23.86107974882634,0.48252060834717836,0.9482115483182167
1015,48.0,7.0,0.3088098555769958,91.0,1747.0,152447.0,19.673178964465624,0.48330828347263466,0.9997457041347505
1016,48.0,8.0,0.2763746558052203,90.0,1759.0,152446.0,23.42938284365435,0.47813338340331246,0.9482164533282155
1017,48.0,9.0,0.2714011187625519,80.0,1805.0,152436.0,22.84006926338357,0.49439112766380233,0.9997014191519484
1018,48.0,10.0,0.2740760132369029,65.0,1716.0,152421.0,21.569433650527717,0.48929122340585807,0.9996710518795907
1019,48.0,11.0,0.25770135807911243,84.0,1914.0,152440.0,21.324659846537287,0.4877345561383625,0.9997255790047637
1020,48.0,12.0,0.25591783932103035,81.0,1834.0,152437.0,19.055545887354825,0.48808562036129566,0.948182242510557
1021,48.0,13.0,0.29374272718953565,80.0,1751.0,152436.0,23.394121711036693,0.48308869145609656,0.9996735416049392
1022,48.0,14.0,0.2638910144390658,81.0,1743.0,152437.0,18.37499048033314,0.4756404325996606,0.9482227267617531
1023,48.0,15.0,0.27792879206750887,78.0,1745.0,152434.0,28.226306447561313,0.48677091056806887,0.948177460947941
1024,48.0,16.0,0.225674059735697,82.0,1747.0,152438.0,17.601341726179093,0.4706484134453165,0.9481776805262259
1025,48.0,17.0,0.28285093671265454,82.0,1763.0,152438.0,24.9129568477218,0.48177741830696585,0.9482108649828191
1026,48.0,18.0,0.2800972839787495,88.0,1763.0,152444.0,16.980512245746784,0.4737138561871125,0.9481820408109329
1027,48.0,19.0,0.27414376427105536,104.0,1741.0,152460.0,14.389487083271735,0.47814863735018187,0.9481982965049185
1028,48.0,20.0,0.2627346656276222,77.0,1849.0,151322.0,19.15908332300816,0.4880123535067519,0.9481978850288778
1029,49.0,0.0,0.2663844632679204,101.0,1760.0,150962.0,14.070603110582471,0.49153698271657076,0.9481967245119867
1030,49.0,1.0,0.28061194795525873,91.0,1746.0,143362.0,16.44033382874383,0.49374374761171536,0.9996730749668605
1031,49.0,2.0,0.3016831006301045,88.0,1707.0,141954.0,24.661414055308832,0.4868561906636881,0.9482201135003021
1032,49.0,3.0,0.24850579923864397,94.0,1764.0,147762.0,17.058129048483995,0.49063493133255,0.9996945194137883
1033,49.0,4.0,0.2370136958806985,72.0,1727.0,141224.0,21.416649532854027,0.4865448973392261,0.9996749884749224
1034,49.0,5.0,0.2942745800958587,70.0,1758.0,144039.0,27.553813853315532,0.4871001588209185,0.9997615104729402
1035,49.0,6.0,0.26920064739703564,85.0,1734.0,146571.0,21.139220889578333,0.4905890338616252,0.9996902494023064
1036,49.0,7.0,0.270227245462395,88.0,1790.0,148182.0,16.961031905891648,0.4885653222983084,0.9482162875220547
1037,49.0,8.0,0.32613300696853187,68.0,1672.0,138763.0,28.73647244189164,0.48089919132721914,0.9481857239887399
1038,49.0,9.0,0.3018307999047988,84.0,1572.0,134037.0,20.923056163740878,0.48710602610989906,0.9481855035242838
1039,49.0,10.0,0.25653998151680113,81.0,1884.0,155714.0,24.913129579901444,0.4863075078976483,0.9997089860025105
1040,49.0,11.0,0.2982732086187927,102.0,1690.0,144750.0,20.44268680287746,0.48749275187070285,0.9482055113186196
1041,49.0,12.0,0.23409147105735834,102.0,1693.0,144373.0,15.066480182431793,0.4831913154277925,0.9482010785650372
1042,49.0,13.0,0.2737547765742588,86.0,1783.0,147806.0,27.399345584024566,0.48175914955210963,0.9481891770877177
1043,49.0,14.0,0.3422031018887915,92.0,1686.0,138511.0,23.910826418676947,0.4868973409081311,0.9482210793965534
1044,49.0,15.0,0.2380517730299787,105.0,1779.0,152851.0,15.005200392983898,0.48274942008642185,0.9481864172154543
1045,49.0,16.0,0.2636390803485559,90.0,1813.0,150667.0,21.16069448486676,0.4739626235120762,0.9481890139979832
1046,49.0,17.0,0.3268243722723315,82.0,1637.0,137845.0,26.058407317151673,0.48094537557516637,0.9482117787957067
1047,49.0,18.0,0.2999595524512935,71.0,1755.0,144640.0,31.432785289997394,0.4749167185084835,0.9996924824708763
1048,49.0,19.0,0.2487796423413029,85.0,1820.0,151691.0,18.046774503274662,0.4822062168474637,0.9997785916992292
1049,49.0,20.0,0.2788810715445899,83.0,1749.0,145549.0,24.314073241837892,0.48209535152347927,0.9481976427316794
