,round,tube,sp_div_H,tot_pop_0,tot_final_pop,tot_auc,mean_fc,deg_score,nut_score
0,0.0,0.0,0.9110864014027266,40.0,578.0,56862.0,14.44998555001445,0.378863808982009,0.9999182118389865
1,0.0,1.0,0.845876011208341,40.0,477.0,37061.0,11.924988075011925,0.3781570942474898,0.5561040339648216
2,0.0,2.0,0.4359026361960914,40.0,240.0,36774.0,5.999994000006001,0.2563311118477192,0.5636243660171656
3,0.0,3.0,0.908600077462954,40.0,443.0,50746.0,11.074988925011077,0.2983934315257145,0.7849829939391073
4,0.0,4.0,1.033508715331704,40.0,1102.0,62064.0,27.549972450027553,0.5142493327252937,0.9998563745861316
5,0.0,5.0,0.8223161247176407,40.0,491.0,38610.0,12.274987725012277,0.3209225199948542,0.5973827371792193
6,0.0,6.0,0.6064902060140954,40.0,547.0,53789.0,13.674986325013675,0.3719575132991919,0.9998962631227301
7,0.0,7.0,0.2800153838340191,40.0,437.0,22095.0,10.924989075010926,0.37950355738552877,0.3838228105554736
8,0.0,8.0,0.7362123981386623,40.0,463.0,37883.0,11.574988425011576,0.35899892995757565,0.4999999398750966
9,0.0,9.0,0.3210380977563067,40.0,602.0,39134.0,15.049984950015048,0.3315937534692085,0.4591256064386332
10,0.0,10.0,0.20087008897382067,40.0,824.0,43301.0,20.5999794000206,0.4412716850845515,0.7778707098512105
11,0.0,11.0,0.858332451011747,40.0,713.0,54931.0,17.824982175017826,0.38153749035267315,0.9997630602876018
12,0.0,12.0,0.6630914313042235,40.0,932.0,54283.0,23.2999767000233,0.4929407398244109,0.9912312187927615
13,0.0,13.0,0.9923233146465049,40.0,526.0,39456.0,13.14998685001315,0.4023335199203456,0.9997487383222996
14,0.0,14.0,0.624008199002333,40.0,192.0,22193.0,4.799995200004799,0.2900164530587188,0.5243586580422573
15,0.0,15.0,0.49383872865623835,40.0,455.0,50495.0,11.374988625011374,0.3511487557559003,0.8072397091753895
16,0.0,16.0,1.0910374425919267,40.0,509.0,55700.0,12.724987275012726,0.33804859974040136,0.8106469590075384
17,0.0,17.0,0.9841095048968149,40.0,534.0,54011.0,13.34998665001335,0.3295600438983818,0.8477330922986772
18,0.0,18.0,0.08426007417272643,40.0,569.0,33523.0,14.224985775014225,0.2840651627198978,0.38341580748222825
19,0.0,19.0,0.7882195801883788,40.0,576.0,59855.0,14.3999856000144,0.37051350002498984,0.9999117426592463
20,0.0,20.0,0.09503011725564635,40.0,468.0,33808.0,11.6999883000117,0.27007077662141477,0.36528229483397456
21,1.0,0.0,1.3573918057073917,20.0,656.0,58003.0,27.44202325845535,0.36991848154043105,0.9998163346728048
22,1.0,1.0,1.4317686193558543,23.0,707.0,61462.0,28.952701342349368,0.3875811593206919,0.9999093643832793
23,1.0,2.0,1.4357931695728605,17.0,750.0,56871.0,49.76076550868774,0.398843712253096,0.9997932836572833
24,1.0,3.0,1.5363443246161732,20.0,864.0,57491.0,47.96997265874666,0.44240980759405435,0.9998585294236068
25,1.0,4.0,1.043225854012079,16.0,608.0,52328.0,25.13324740046353,0.31489145845043365,0.9997497393924071
26,1.0,5.0,1.1543749909633139,16.0,673.0,55335.0,35.116568386410975,0.36090724452630507,0.9997554376290934
27,1.0,6.0,1.2011135778039768,17.0,841.0,45019.0,47.77125972008674,0.44116946232482157,0.9997673785401358
28,1.0,7.0,0.818555391125497,16.0,678.0,48944.0,31.041547639809394,0.29118810313720955,0.9998682567014907
29,1.0,8.0,1.232990152036276,25.0,635.0,63787.0,22.758224187741057,0.3510563653240054,0.9998906995488015
30,1.0,9.0,1.0076080884365444,18.0,722.0,56135.0,28.1011123408214,0.3523090042709972,0.9998299188139312
31,1.0,10.0,1.3729449835559497,19.0,833.0,58938.0,54.2307055784048,0.40446782295922235,0.9998870235162965
32,1.0,11.0,1.452724178363247,15.0,753.0,47090.0,62.92456721610976,0.38644971096956193,0.9997639572272313
33,1.0,12.0,1.5161508602262124,19.0,836.0,58439.0,62.149627019291295,0.421717451036813,0.9999300962774371
34,1.0,13.0,1.4376983185488887,16.0,838.0,53453.0,61.221834331912795,0.3971681740092753,0.9997547174329766
35,1.0,14.0,1.0401752996392064,17.0,623.0,50489.0,33.338778831858,0.32877125698802767,0.9997883722605888
36,1.0,15.0,1.3720117665520992,15.0,686.0,44320.0,45.41316446300144,0.37839053667491107,0.9997594970231255
37,1.0,16.0,1.6805600773718181,18.0,1080.0,62223.0,59.083015468644184,0.4579108570439159,0.999790157482366
38,1.0,17.0,1.3090768084164337,12.0,839.0,51594.0,121.41564799541777,0.4202695491720472,0.9998953881802253
39,1.0,18.0,1.2930752954530444,15.0,984.0,59773.0,73.68302984856686,0.43982874169678987,0.9998220483591616
40,1.0,19.0,1.0899961057402405,11.0,759.0,50556.0,58.94972979322078,0.34130885140888123,0.9998965633434095
41,1.0,20.0,1.2534510838113335,13.0,630.0,38576.0,73.91042988329119,0.36673575146020365,0.9004988398263958
42,2.0,0.0,1.1664850180015414,25.0,728.0,60648.0,25.336142001448636,0.34934403845390016,0.9997751828698747
43,2.0,1.0,1.232117149088454,23.0,726.0,58721.0,26.208274784857704,0.41215887725868516,0.9998704741736331
44,2.0,2.0,1.2494420365444563,20.0,782.0,66150.0,40.985473535099906,0.37675425158454146,0.9998075965397033
45,2.0,3.0,1.3366715917924339,30.0,638.0,63197.0,18.166605588618125,0.350050910490299,0.9998476627306359
46,2.0,4.0,1.2342090764084088,23.0,602.0,53040.0,20.31383598025136,0.3189275733485273,0.9997626918451596
47,2.0,5.0,1.2442582069143928,24.0,642.0,60544.0,22.536948547435117,0.3414774189130486,0.9997756779851509
48,2.0,6.0,0.5669805832783568,15.0,446.0,51166.0,22.42216772612178,0.22973018501085418,0.9997263054572404
49,2.0,7.0,1.0996298809669596,21.0,841.0,59373.0,29.59634151009998,0.3382638950633574,0.9997734277786927
50,2.0,8.0,1.4112927945343787,33.0,521.0,50151.0,15.251355365945066,0.3077202951961957,0.8370493736278715
51,2.0,9.0,1.3216915882055538,24.0,742.0,65246.0,29.16655750048379,0.3727242393319691,0.9998864601831584
52,2.0,10.0,1.2046382538554183,34.0,599.0,57421.0,17.53423524144151,0.3348064254381141,0.9997687859008559
53,2.0,11.0,1.1094243775726762,16.0,716.0,64127.0,41.808213980972056,0.340230670871002,0.9997453118547212
54,2.0,12.0,1.285887979759224,21.0,695.0,58873.0,33.56889388366445,0.329619776622625,0.9997862591404502
55,2.0,13.0,1.1445688307007416,21.0,649.0,54933.0,26.063015906754167,0.31886383894005765,0.9997512114306265
56,2.0,14.0,1.0356564001169943,24.0,532.0,54660.0,22.233202518913796,0.2923542839762413,0.9997665127251885
57,2.0,15.0,1.4932980929736104,22.0,809.0,58718.0,51.1525431147181,0.40487500229207796,0.9998447913696734
58,2.0,16.0,1.6043043182138361,19.0,800.0,53907.0,42.94022892058755,0.4217484901227022,0.999795913279274
59,2.0,17.0,1.084173826761026,22.0,516.0,58230.0,15.536991687455275,0.30417020031063247,0.9997700052864337
60,2.0,18.0,1.5079339182764988,26.0,673.0,59022.0,24.256872416362402,0.3804824097287115,0.9997563699402532
61,2.0,19.0,1.2055396569412116,25.0,704.0,60472.0,20.433283300170235,0.36611996538625313,0.9998846384042389
62,2.0,20.0,1.5167988860406958,23.0,657.0,45176.0,28.04157269383599,0.37906810294824844,0.9998517418985513
63,3.0,0.0,1.1507045100612856,9.0,512.0,64309.0,45.733094890393694,0.2707914591985998,0.6482094806079801
64,3.0,1.0,0.9847964261047493,10.0,564.0,64310.0,66.28293306176312,0.2807922563067713,0.8787236270065958
65,3.0,2.0,1.4487402239726572,25.0,595.0,64325.0,22.04160544002117,0.3542750112763715,0.9998766613756684
66,3.0,3.0,1.1753422155220945,18.0,631.0,64318.0,30.79989757185799,0.3727652483097207,0.9998970798093798
67,3.0,4.0,0.7863822298802032,16.0,456.0,64316.0,18.226594084938206,0.25513799461121556,0.9997472404797095
68,3.0,5.0,0.9828671078922183,16.0,661.0,64316.0,39.22358110285093,0.3327233612951088,0.999928897252358
69,3.0,6.0,0.676200158313019,16.0,415.0,64316.0,19.407364300643472,0.22367240457574422,0.6174969100666019
70,3.0,7.0,0.9022589640321947,12.0,653.0,64312.0,44.59977325169811,0.3135827127454056,0.9998483674531319
71,3.0,8.0,0.9945167402144334,17.0,602.0,64317.0,47.89548154841187,0.31922693421449233,0.9999271629737624
72,3.0,9.0,0.6698703750524273,13.0,512.0,64313.0,43.72205585724723,0.28285902503981175,0.8733739665475773
73,3.0,10.0,0.897058982657965,22.0,507.0,64322.0,18.291629027875377,0.280825820628956,0.9999210885898784
74,3.0,11.0,1.3987570319418425,21.0,644.0,64321.0,38.11682024991408,0.36241655943367934,0.999939631820924
75,3.0,12.0,1.0810866164952777,11.0,538.0,64311.0,60.933093551050604,0.31218261442556305,0.6406359942554067
76,3.0,13.0,1.2518713034075162,18.0,683.0,64318.0,31.008177894313018,0.35255383895791026,0.9997682122871812
77,3.0,14.0,0.5782355405308945,11.0,525.0,64311.0,42.77755455215239,0.24040591344392925,0.9999366143227364
78,3.0,15.0,1.005749840509722,16.0,631.0,64316.0,29.222093033267683,0.31051670587445,0.9998131310836965
79,3.0,16.0,1.2609624545441682,21.0,678.0,64321.0,33.11099709923628,0.3627576824144154,0.999731005355199
80,3.0,17.0,1.2605285758173315,16.0,632.0,64316.0,32.58324279751442,0.3400190910101236,0.999738749883005
81,3.0,18.0,0.9145649195928078,13.0,657.0,64313.0,34.483241680802834,0.31185465226364606,0.9840554621607064
82,3.0,19.0,1.519645973750544,19.0,733.0,64319.0,37.67203987450671,0.40620354997370034,0.9999338028155028
83,3.0,20.0,1.310635192263547,19.0,727.0,63010.0,34.702227926122355,0.3674080597870273,0.9999257637096007
84,4.0,0.0,1.043660593764736,17.0,559.0,46614.0,27.499916055865278,0.3152730119073922,0.9998614989468297
85,4.0,1.0,1.2793542727684322,14.0,737.0,46611.0,49.31919216598886,0.36849477152183907,0.9999069800647248
86,4.0,2.0,1.1627026192160845,14.0,579.0,46611.0,41.024745095795495,0.32670054361317025,0.9998044088078005
87,4.0,3.0,0.9888821361075415,15.0,637.0,46612.0,45.935043614240136,0.3234458196791715,0.9996922989813465
88,4.0,4.0,0.8881762930804219,13.0,561.0,46610.0,32.702283679487465,0.29222849566497044,0.9997555034106577
89,4.0,5.0,1.0556552065297333,10.0,510.0,46607.0,39.759772481707024,0.2984055562320277,0.999766230883351
90,4.0,6.0,0.661724027918242,13.0,523.0,46610.0,36.092468879156336,0.2588523058187183,0.9997647041993577
91,4.0,7.0,1.1613467729113955,24.0,499.0,46621.0,18.985656593757245,0.29678005216696546,0.9999124073057826
92,4.0,8.0,1.0512512709555646,16.0,678.0,46613.0,32.59990300035666,0.34809965726525116,0.9998644437922365
93,4.0,9.0,1.217784705275705,16.0,586.0,46613.0,29.466568972744007,0.3480980379524157,0.9998002090501885
94,4.0,10.0,0.9712046688366243,15.0,565.0,46612.0,37.410850156658974,0.29089435163468624,0.9998021272265792
95,4.0,11.0,0.9251130889651651,11.0,624.0,46608.0,57.80930074932036,0.26401100403565314,0.9997717624798373
96,4.0,12.0,1.1638429254044478,14.0,547.0,46611.0,30.047462433050686,0.30801481806296294,0.9998785928508602
97,4.0,13.0,1.056206823349218,21.0,483.0,46618.0,17.174188844323883,0.2985028342853633,0.9998046772653546
98,4.0,14.0,1.3065649230827998,19.0,587.0,46616.0,35.21865480496437,0.3173152845228694,0.9998976200676394
99,4.0,15.0,0.9599680617650501,12.0,498.0,46609.0,31.566506723350454,0.2580919912601062,0.7076309890539993
100,4.0,16.0,1.2071151813780672,13.0,593.0,46610.0,32.347090058630094,0.31633579881221363,0.9998561290542757
101,4.0,17.0,1.021724667521741,16.0,457.0,46613.0,28.06343300467935,0.2860076732112379,0.6801703804653279
102,4.0,18.0,1.1189505708214786,13.0,637.0,46610.0,46.577172698298234,0.3232139150574169,0.9998443703313439
103,4.0,19.0,1.4630527884657467,12.0,657.0,46609.0,68.25281492025938,0.37293586246734867,0.985197544744668
104,4.0,20.0,1.3949295745063361,14.0,610.0,45710.0,34.777652963467894,0.33703202256252174,0.9999464276708763
105,5.0,0.0,1.2752402703296997,20.0,615.0,53766.0,23.09714133152113,0.3460369069080824,0.9998532222576607
106,5.0,1.0,0.9901715484256557,18.0,597.0,53764.0,46.434900965848946,0.33226296239405684,0.9793129356934559
107,5.0,2.0,1.1048177534535972,15.0,524.0,53761.0,34.97903764813144,0.31122116127360766,0.9997818001568768
108,5.0,3.0,0.9232000322008962,16.0,428.0,53762.0,27.783259091920385,0.27164914208410584,0.6492466218075035
109,5.0,4.0,0.8825601089786981,13.0,604.0,53759.0,52.59231687462403,0.3301661831655168,0.9996915546449645
110,5.0,5.0,1.0452001449026678,22.0,523.0,53768.0,17.976611699749334,0.32240862698451267,0.9997431124900519
111,5.0,6.0,1.0524139214467891,13.0,560.0,53759.0,35.45823381974502,0.3116582545426847,0.9998368060018423
112,5.0,7.0,1.1266793468746639,18.0,573.0,53764.0,32.399897662900926,0.30996529040207355,0.8890642537393041
113,5.0,8.0,0.7765664974613374,10.0,487.0,53756.0,41.83322250030834,0.25278404761835704,0.9997377075628068
114,5.0,9.0,1.0118124287633306,12.0,638.0,53758.0,48.035479771969065,0.31535639769729684,0.9998181696532862
115,5.0,10.0,1.063704121454626,16.0,605.0,53762.0,32.4790868578736,0.3509505722433679,0.9997711408311148
116,5.0,11.0,1.512201581946477,19.0,590.0,53765.0,37.9997966682486,0.3426281640894514,0.9997643767259305
117,5.0,12.0,1.0108017748606057,12.0,510.0,53758.0,40.59989918914991,0.29108303059583596,0.9997545784377182
118,5.0,13.0,1.0984459959124186,16.0,519.0,53762.0,30.505839148893983,0.2725376902547759,0.999770796576241
119,5.0,14.0,1.1865062833550182,20.0,559.0,53766.0,23.111047284167306,0.3343936638922339,0.9997886993036148
120,5.0,15.0,1.1720924413675675,16.0,593.0,53762.0,33.42207675386082,0.35033936629780893,0.9998492227799827
121,5.0,16.0,0.9066490260739682,12.0,520.0,53758.0,33.8298109665695,0.2596986080367003,0.9997564637524674
122,5.0,17.0,0.9449838184858286,19.0,469.0,53765.0,18.551458811997307,0.2904679770690245,0.9997546552178983
123,5.0,18.0,1.0046325728661456,13.0,521.0,53759.0,41.57129841037118,0.3166853870274151,0.9997763696043609
124,5.0,19.0,1.0230898739646426,16.0,533.0,53762.0,29.416590039907348,0.3094891485281672,0.805791094501427
125,5.0,20.0,0.7153344683844781,15.0,485.0,52149.0,19.67422951703573,0.2507369384726712,0.9997383424668173
126,6.0,0.0,0.8883560328966285,14.0,581.0,49189.0,36.614427704934,0.29730480982384766,0.9999179448123183
127,6.0,1.0,1.140299816651393,15.0,681.0,49190.0,41.50822706000828,0.35409054040311727,0.9998915530839202
128,6.0,2.0,0.9019321181329506,15.0,604.0,49190.0,41.90457061383245,0.3098341383471642,0.869188419407655
129,6.0,3.0,0.8385021209111444,14.0,603.0,49189.0,38.041575573195644,0.3254455223864242,0.9997678107085961
130,6.0,4.0,0.8257905194926749,17.0,630.0,49192.0,35.90461516371401,0.331022607576815,0.9997232600141233
131,6.0,5.0,1.0549948008584351,20.0,654.0,49195.0,29.986668489226705,0.34485540672807036,0.9998846223684953
132,6.0,6.0,1.0885572828438221,14.0,647.0,49189.0,63.343269340478706,0.32979757253237807,0.9998210454060258
133,6.0,7.0,1.180700350285201,15.0,598.0,49190.0,38.45819319528999,0.3340420961006084,0.9999227796817387
134,6.0,8.0,1.3373852428299196,11.0,662.0,49186.0,61.73295155858813,0.3106634199721592,0.999895755971273
135,6.0,9.0,0.9675868715407436,11.0,696.0,49186.0,72.16628555861364,0.3476435367773266,0.9997645678701519
136,6.0,10.0,0.8895111011860632,6.0,639.0,49181.0,106.94383713361925,0.271559320803765,0.7259380731086422
137,6.0,11.0,1.0593995620765622,16.0,632.0,49191.0,36.56237542244972,0.33345994848110494,0.9997131800852023
138,6.0,12.0,1.1710848322795853,10.0,545.0,49185.0,48.60396001847611,0.3063754197854778,0.7648922447509825
139,6.0,13.0,0.5546692771920003,10.0,510.0,49185.0,48.23798696173715,0.2462570891850161,0.9997422122515851
140,6.0,14.0,1.0553296384041362,18.0,540.0,49193.0,29.02491872525794,0.3091783966875127,0.7337232035623844
141,6.0,15.0,0.9648115975696414,20.0,490.0,49195.0,24.116115492153074,0.28726313058002206,0.9998050385006404
142,6.0,16.0,1.0673829543156172,19.0,550.0,49194.0,22.759936173543384,0.3167985262126475,0.9998710753358931
143,6.0,17.0,0.844843625996985,7.0,601.0,49182.0,92.91616396150467,0.26271968038754745,0.9997651605955191
144,6.0,18.0,1.066660078567306,9.0,573.0,49184.0,51.49973516828194,0.3341108934597503,0.9395948201839428
145,6.0,19.0,0.92540848548195,16.0,560.0,49191.0,33.0925198201468,0.3030761694773235,0.999916392591139
146,6.0,20.0,1.030732529046897,11.0,550.0,47745.0,41.31650422867742,0.28727684258303887,0.7697252143743067
147,7.0,0.0,1.0710356271192936,18.0,654.0,57690.0,39.593598276482794,0.3315588878825241,0.9997141767959102
148,7.0,1.0,0.7725813270696535,15.0,402.0,57687.0,22.86106615750821,0.25308479927887617,0.617854509249388
149,7.0,2.0,0.9617952575670166,15.0,555.0,57687.0,38.32396244126343,0.29004454766017984,0.9997841271836496
150,7.0,3.0,0.9293797352378782,17.0,601.0,57689.0,34.81472452708869,0.32587978916276117,0.9998914357475959
151,7.0,4.0,0.9337815822998732,22.0,397.0,57694.0,16.542834919760136,0.28104551373386477,0.6576547171235477
152,7.0,5.0,1.0149823380094802,23.0,523.0,57695.0,22.349968629215066,0.3192011403430124,0.9996939388382434
153,7.0,6.0,1.1753631564841984,19.0,681.0,57691.0,35.29154275539612,0.3503094835446906,0.9997971252582468
154,7.0,7.0,1.0527927436413265,13.0,630.0,57685.0,40.63737844418101,0.3265175842069683,0.9998006462484762
155,7.0,8.0,0.7425502600447469,16.0,644.0,57688.0,30.562404531824214,0.31417230588868883,0.9998209799610883
156,7.0,9.0,0.9618732595942407,20.0,545.0,57692.0,25.557105798184967,0.2904034328009384,0.9997379819265062
157,7.0,10.0,0.9502256411490428,16.0,547.0,57688.0,34.30547405115252,0.30401473883052266,0.9999042123782602
158,7.0,11.0,1.0337855830879152,13.0,596.0,57685.0,52.70814682369042,0.3160399059718145,0.9998554631972418
159,7.0,12.0,1.2001975895044366,20.0,585.0,57692.0,29.183250622525357,0.3389597851212942,0.8252712771920792
160,7.0,13.0,0.941826326460779,21.0,462.0,57693.0,32.74987537557298,0.30419050168811435,0.9997462539288563
161,7.0,14.0,0.9855044543313114,16.0,486.0,57688.0,30.425856178167148,0.29327140824897735,0.9998971153226213
162,7.0,15.0,0.9582755821715072,14.0,613.0,57686.0,46.87484713604811,0.3193658842964493,0.9997465463843546
163,7.0,16.0,0.9448900255676147,13.0,501.0,57685.0,42.88876837999101,0.3243480941594994,0.999783722664929
164,7.0,17.0,1.0890373817312002,14.0,589.0,57686.0,53.118859806923545,0.32569741156011855,0.9998501622739688
165,7.0,18.0,1.0970921719107372,18.0,581.0,57690.0,32.27772398157114,0.34135248348590586,0.9998381733100514
166,7.0,19.0,0.8782288223349567,14.0,524.0,57686.0,37.94431996965111,0.329060568133424,0.9998134387519662
167,7.0,20.0,1.1706586329788902,17.0,724.0,56556.0,42.29036103619599,0.373207601303746,0.9997988818330931
168,8.0,0.0,0.8618333959854056,15.0,548.0,56193.0,34.22213777802634,0.3219242008790386,0.9998654387719956
169,8.0,1.0,1.2642589465030352,17.0,603.0,56195.0,31.50651823224585,0.34117768367431334,0.9997879948447947
170,8.0,2.0,0.9283638418950972,23.0,501.0,56201.0,13.859971980127138,0.2839902450981916,0.9997240327754299
171,8.0,3.0,0.6830849313944837,15.0,482.0,56193.0,25.02376714861353,0.25949719102933966,0.9998299758542128
172,8.0,4.0,0.8802039359553484,13.0,491.0,56191.0,41.77065321289567,0.30858424573731247,0.8733030249359132
173,8.0,5.0,0.9266598354965678,16.0,599.0,56194.0,39.66654475049254,0.3262681350296729,0.9997983502878359
174,8.0,6.0,0.9687203014841363,8.0,593.0,56186.0,86.33275067164196,0.33114617573020033,0.9997959283771095
175,8.0,7.0,1.033787379455749,18.0,500.0,56196.0,27.790688563173305,0.31642348936955034,0.7019707149508032
176,8.0,8.0,1.0701635129360048,9.0,574.0,56187.0,54.49975562630155,0.31576139446710816,0.9999565238737188
177,8.0,9.0,0.7941527047142101,14.0,424.0,56192.0,23.611017284561655,0.24792246801453488,0.5859146074631431
178,8.0,10.0,0.6806774662381934,11.0,698.0,56189.0,46.94434578725251,0.33304177058076934,0.9997471170561127
179,8.0,11.0,0.8520908550549504,20.0,440.0,56198.0,24.31806378376267,0.27936951179804814,0.9999159080562688
180,8.0,12.0,0.9422634307169884,19.0,503.0,56197.0,24.816623725084256,0.2881498413371105,0.6709628372694141
181,8.0,13.0,0.9708915443842957,12.0,737.0,56190.0,71.29961156994212,0.3507751097089705,0.9998550533196082
182,8.0,14.0,1.0564868948014285,12.0,558.0,56190.0,49.58317062563941,0.32341145566605356,0.9998025429196665
183,8.0,15.0,1.0435987429900941,18.0,502.0,56196.0,48.393605251069694,0.30089186228085085,0.7696589924467906
184,8.0,16.0,0.8763203291947503,14.0,541.0,56192.0,48.06638049134875,0.3048366463796146,0.9998779851103144
185,8.0,17.0,0.8003618590327655,13.0,608.0,56191.0,34.6248608863475,0.31926049156394454,0.9998079917353533
186,8.0,18.0,1.092543478518893,17.0,616.0,56195.0,29.851724753829227,0.3333060103940191,0.9997627760181389
187,8.0,19.0,1.096102320295479,19.0,633.0,56197.0,44.69968648154466,0.34053275867003696,0.9997500681390914
188,8.0,20.0,1.0703991061093832,13.0,657.0,54910.0,54.041346079123436,0.33512070375205083,0.9999089771789621
189,9.0,0.0,1.0597991561237634,15.0,505.0,48106.0,33.66659933346801,0.31574918400770813,0.7339749754151303
190,9.0,1.0,0.9637219423252581,13.0,606.0,58684.0,54.8516288693707,0.3342122164641913,0.9998174509719401
191,9.0,2.0,1.0018722023296418,17.0,635.0,55854.0,44.00581293107651,0.3344281520872272,0.9997694192861264
192,9.0,3.0,0.690473277518932,17.0,435.0,50179.0,22.28880611917708,0.2862528512038076,0.7984567328166605
193,9.0,4.0,0.9378673645034372,13.0,495.0,44327.0,35.95228832226536,0.2911242509149621,0.6615548532676457
194,9.0,5.0,0.9839808345717962,16.0,585.0,53229.0,31.388767867295336,0.3449253179554055,0.999758687750105
195,9.0,6.0,1.1574845491741088,26.0,570.0,58898.0,18.800439059836677,0.35553940020620267,0.9997753062996668
196,9.0,7.0,1.0360803816943813,17.0,628.0,51547.0,46.95438727683173,0.3293969332474308,0.9997239970713601
197,9.0,8.0,0.9985989266346613,10.0,716.0,54467.0,87.16614575438825,0.3517467888946483,0.9996957725604788
198,9.0,9.0,0.9528715401280039,17.0,557.0,52578.0,33.232755287162114,0.308516111316841,0.9998745478914789
199,9.0,10.0,0.6931161801776027,17.0,635.0,50067.0,26.458300260458014,0.3254916595205509,0.8668220869175479
200,9.0,11.0,0.9288678440927896,14.0,674.0,54528.0,46.76177434062104,0.33684490353940477,0.9997924270126899
201,9.0,12.0,1.1762302812475003,21.0,463.0,45997.0,17.89994682028754,0.30757837385070097,0.7401483411621657
202,9.0,13.0,0.9848353664761293,19.0,677.0,56742.0,53.01632621569346,0.3410985569977616,0.9998031679036521
203,9.0,14.0,0.9557931603791985,15.0,518.0,55151.0,32.68882527975717,0.3291420976433793,0.9996796202004011
204,9.0,15.0,1.0758615021930813,24.0,584.0,52190.0,25.118482705406322,0.33179528395277513,0.8064980731568127
205,9.0,16.0,0.982967087889415,19.0,484.0,55893.0,25.166622006261864,0.2969574927360644,0.7113334469334402
206,9.0,17.0,1.0724417186890647,12.0,620.0,47207.0,52.13875219018729,0.3274813718401257,0.8491824007356497
207,9.0,18.0,1.0276768652631414,15.0,547.0,52764.0,43.47470869426906,0.31671119759652977,0.9997513318087418
208,9.0,19.0,0.6033460869716926,12.0,438.0,49410.0,27.722035865960134,0.24015897859364022,0.7419500425617984
209,9.0,20.0,1.07925442791339,17.0,647.0,54734.0,40.97491716475907,0.3383964381538942,0.9998575232550304
210,10.0,0.0,0.8983347159753732,15.0,520.0,47168.0,36.516553071302475,0.3121263635161463,0.9997523324598556
211,10.0,1.0,0.5257311208835421,14.0,388.0,47167.0,36.749709655616925,0.23424474091706826,0.9999420690206491
212,10.0,2.0,1.0136360189745715,15.0,665.0,47168.0,50.49984648205923,0.32620395155560045,0.9997833286506622
213,10.0,3.0,0.9606109267657139,15.0,539.0,47168.0,36.407312140206265,0.3146061070415158,0.9997387011951228
214,10.0,4.0,1.077110156486649,23.0,545.0,47176.0,27.277727699534523,0.32862256895017816,0.9997303604753985
215,10.0,5.0,0.6240694293008345,12.0,588.0,47165.0,45.88871734647239,0.31883746215997744,0.9997630143365567
216,10.0,6.0,0.9204142645449475,16.0,463.0,47169.0,29.105488527496618,0.2903064455485692,0.639310528640924
217,10.0,7.0,1.0787898944557446,15.0,617.0,47168.0,41.36658140573564,0.33612244590981366,0.9997706589801547
218,10.0,8.0,0.922849993792167,18.0,684.0,47171.0,46.81402716764142,0.3536239897940452,0.9997276953101105
219,10.0,9.0,0.6809665502853546,15.0,642.0,47168.0,31.807356006673597,0.3249981329469759,0.9997814245474838
220,10.0,10.0,0.9818192624198904,14.0,623.0,47167.0,34.79157562531262,0.3201332940904362,0.999927557791483
221,10.0,11.0,0.9931968756588413,13.0,739.0,47166.0,75.79123411822164,0.35691637243369556,0.9997471806753995
222,10.0,12.0,1.0074759826252055,20.0,513.0,47173.0,25.749956875081253,0.3121732914118831,0.7298770191337323
223,10.0,13.0,1.0779142004300095,21.0,599.0,47174.0,28.79956113869115,0.32820131658466,0.9997724292035232
224,10.0,14.0,0.6281280627541275,14.0,429.0,47167.0,22.27773705255432,0.24251180822683083,0.9999110817487551
225,10.0,15.0,0.7045615755860916,9.0,478.0,47162.0,44.55536907516821,0.2503413506974854,0.6136360919185351
226,10.0,16.0,0.7990877437383366,18.0,425.0,47171.0,18.992375865620595,0.26235380368565153,0.6172610459903352
227,10.0,17.0,1.011189698609412,17.0,559.0,47170.0,32.81937538790503,0.3075493330458825,0.998860125273982
228,10.0,18.0,0.9984114776400432,15.0,543.0,47168.0,64.73284031581959,0.3079702502617395,0.7210071985105115
229,10.0,19.0,0.605546350016558,14.0,463.0,47167.0,25.472169780226817,0.23861584192260554,0.6867153789263521
230,10.0,20.0,1.0854431072372384,9.0,677.0,46194.0,78.30526238543911,0.341340123654712,0.9997726196891866
231,11.0,0.0,0.6230795172371926,7.0,638.0,54846.0,88.12475177154697,0.325283492138984,0.9358959888991873
232,11.0,1.0,0.9582627612060838,22.0,569.0,54861.0,27.696522234984403,0.32166411587218124,0.7227289144993707
233,11.0,2.0,0.9492770476538726,16.0,614.0,54855.0,35.579295746566025,0.3403021103489352,0.9999070601454455
234,11.0,3.0,0.9996090299959036,21.0,551.0,54860.0,29.245245723023327,0.3209649527727504,0.9998574494967718
235,11.0,4.0,0.9782845963548852,19.0,644.0,54858.0,39.166549806029714,0.33570266178693065,0.9998074990929334
236,11.0,5.0,0.6887240688188019,12.0,532.0,54851.0,133.72605571454014,0.30721724974976505,0.9907907181068042
237,11.0,6.0,1.0346204197563875,13.0,743.0,54852.0,57.41652460685423,0.3392660200277485,0.9997763406242063
238,11.0,7.0,1.0012505638823854,19.0,631.0,54858.0,31.535663401450464,0.3333348137456916,0.9997194076334883
239,11.0,8.0,1.0627877685353782,16.0,632.0,54855.0,39.41182741529466,0.32520455972921825,0.8724588508535569
240,11.0,9.0,0.9308792414452692,14.0,583.0,54853.0,39.41102382613979,0.3361130583721803,0.9998047723966389
241,11.0,10.0,1.031850211623359,15.0,605.0,54854.0,42.95545480872526,0.34017243249909646,0.9998709647054707
242,11.0,11.0,1.0538762400765096,20.0,612.0,54859.0,30.34916098268343,0.3173162873194152,0.9997606819242183
243,11.0,12.0,0.6516430895291244,12.0,452.0,54851.0,43.694151403179546,0.24510406454152134,0.682121395710986
244,11.0,13.0,0.8046889898616896,11.0,637.0,54850.0,48.72205768616774,0.32815929935256216,0.9991808569758214
245,11.0,14.0,0.9326862251672439,12.0,593.0,54851.0,56.3806343394542,0.3384943088394263,0.9997699191526715
246,11.0,15.0,0.9734075238493785,16.0,648.0,54855.0,38.023738906600975,0.3565568691300265,0.9997669732823978
247,11.0,16.0,1.0119238887529143,26.0,590.0,54865.0,23.92959553688696,0.31650769494505315,0.9998263638361887
248,11.0,17.0,0.9303298188623741,8.0,566.0,54847.0,88.49957208543644,0.30231085511978173,0.6749823379236742
249,11.0,18.0,0.9448728611613397,17.0,624.0,54856.0,38.073967078614764,0.33359458326750313,0.9998208414097224
250,11.0,19.0,0.7605880044496687,11.0,613.0,54850.0,58.666447408375,0.3269129479180053,0.9997737858227452
251,11.0,20.0,0.9568482558438842,13.0,626.0,53488.0,45.69433460677004,0.3056948139601836,0.9997802730435964
252,12.0,0.0,1.0280985915172072,23.0,467.0,53087.0,30.279062455144143,0.31321928700744084,0.9997289230530332
253,12.0,1.0,0.622419561241168,13.0,662.0,53077.0,36.24993302097123,0.3072787167446186,0.9998388113268113
254,12.0,2.0,0.8988293955937265,14.0,536.0,53078.0,41.13796274136556,0.31562900010244455,0.9997450674835052
255,12.0,3.0,1.0300217233830615,17.0,674.0,53081.0,41.02769202951667,0.3554380495960294,0.9997264265744945
256,12.0,4.0,0.8928142324636206,16.0,553.0,53080.0,34.68603103887568,0.29683329344292264,0.9998920960488478
257,12.0,5.0,0.819046837195204,16.0,479.0,53080.0,38.90126655014682,0.28577490010017514,0.7123011543863649
258,12.0,6.0,1.059420566874472,9.0,543.0,53073.0,61.47199835735565,0.2904578392201349,0.72164527611505
259,12.0,7.0,0.9628122906903378,14.0,677.0,53078.0,57.84094692271702,0.3390266145091585,0.9999312099559249
260,12.0,8.0,1.0260019250947454,22.0,540.0,53086.0,25.383291413965356,0.3362065687020125,0.9997836301668281
261,12.0,9.0,1.073164012846268,15.0,603.0,53079.0,47.45820880243327,0.33067405323752386,0.9999357371613137
262,12.0,10.0,0.9701144291412964,12.0,566.0,53076.0,47.86095752375257,0.3100265001355207,0.9997729101389281
263,12.0,11.0,0.991990125174681,19.0,537.0,53083.0,34.28271800935419,0.3239523830924623,0.9997271374478799
264,12.0,12.0,0.9234941297794399,16.0,600.0,53080.0,40.71653649220882,0.3417235453572357,0.9997767920061023
265,12.0,13.0,0.9275062807870667,12.0,728.0,53076.0,62.177488461535035,0.34962883109792064,0.9997825158615963
266,12.0,14.0,0.8784179283347535,12.0,589.0,53076.0,44.83321824106713,0.2811483490494955,0.9997365057835012
267,12.0,15.0,0.94903172485494,15.0,661.0,53079.0,42.15268398750374,0.3496498126975939,0.9996973159457831
268,12.0,16.0,0.89459044653889,15.0,445.0,53079.0,34.00913973560903,0.2804009694294167,0.6536855089449922
269,12.0,17.0,0.6930553746644175,10.0,738.0,53074.0,77.08316590315422,0.3090318605239345,0.8651353404899147
270,12.0,18.0,0.8811803245010732,14.0,650.0,53078.0,48.9497597478451,0.3384378907717325,0.9996826623046438
271,12.0,19.0,0.971637396108934,18.0,525.0,53082.0,27.733284181577165,0.3057705171421584,0.999730865924556
272,12.0,20.0,0.4812040017350295,10.0,440.0,51247.0,30.333240238505613,0.2203694785076581,0.9997539777512274
273,13.0,0.0,0.9575955573025547,19.0,643.0,53190.0,34.478713294229685,0.33492319608370547,0.9997637870788432
274,13.0,1.0,0.8387819763446644,22.0,581.0,53193.0,25.31477286634899,0.3239085728001131,0.9998032931690342
275,13.0,2.0,0.9936695766138879,19.0,510.0,53190.0,33.68507579008792,0.3190986637986436,0.722750373373962
276,13.0,3.0,1.013775114797306,22.0,579.0,53193.0,27.303651433055403,0.3268615413203786,0.9997248965167155
277,13.0,4.0,1.0416800111593219,22.0,567.0,53193.0,26.173696689937326,0.3395448374754274,0.9998973096220531
278,13.0,5.0,0.8590655373258098,10.0,675.0,53181.0,65.18305251027111,0.3288657100612834,0.9996581235176834
279,13.0,6.0,1.0420016860143018,14.0,709.0,53185.0,54.84113123242228,0.33585764145827723,0.9999304303444251
280,13.0,7.0,0.9163351629594676,13.0,502.0,53184.0,37.49196464125968,0.30084260405923735,0.9998793948814562
281,13.0,8.0,0.7955511129789001,18.0,612.0,53189.0,42.45934073774486,0.33318527151359645,0.9998494847850925
282,13.0,9.0,0.8505710285192593,9.0,599.0,53180.0,86.80881694561383,0.31216344579313526,0.9997748098709351
283,13.0,10.0,1.0168313132026232,12.0,659.0,53183.0,60.118833600667806,0.3286171641694169,0.9997735768465099
284,13.0,11.0,0.7567507600056131,19.0,606.0,53190.0,37.87763047107885,0.3097182993563302,0.9999504675537482
285,13.0,12.0,1.0328767404221235,17.0,561.0,53188.0,34.01381451986904,0.3250652672558757,0.9998257844822608
286,13.0,13.0,0.9675099206875171,25.0,555.0,53196.0,23.594403478789243,0.325165073695617,0.9997875342453012
287,13.0,14.0,1.0420611211640485,19.0,682.0,53190.0,37.55547862453318,0.3495245399642044,0.9997874293027499
288,13.0,15.0,0.9833233358876187,12.0,578.0,53183.0,50.583164514573205,0.3314968966482823,0.9997324060674617
289,13.0,16.0,0.9830413750857949,18.0,604.0,53189.0,38.52767317162514,0.34501157642668023,0.9997122996607694
290,13.0,17.0,0.5826286822851423,13.0,536.0,53184.0,39.73310026870638,0.2739004104389877,0.9998784073167798
291,13.0,18.0,0.5715470588827961,8.0,584.0,53179.0,68.46649617823061,0.2831267452363032,0.9999048770861524
292,13.0,19.0,1.029683075168625,25.0,472.0,53196.0,22.845187625569384,0.3011881544748045,0.6976052905478711
293,13.0,20.0,0.6871324734114105,18.0,417.0,51596.0,23.809415136891563,0.2665885670334196,0.797101819553413
294,14.0,0.0,0.7350654900914871,15.0,539.0,59388.0,36.272553086775964,0.28177473064036596,0.9998446602244585
295,14.0,1.0,0.7578933994521915,13.0,457.0,59386.0,32.91651645953749,0.2990322893564228,0.7860396361577161
296,14.0,2.0,0.8834649540509254,21.0,585.0,59394.0,25.627735193602643,0.3446457499207275,0.9998434766848078
297,14.0,3.0,0.6458023505353879,14.0,380.0,59387.0,20.185147479503957,0.23191108216642764,0.583470730211888
298,14.0,4.0,0.9367601582484246,23.0,504.0,59396.0,21.68330046209309,0.2973303420110618,0.9997321888850178
299,14.0,5.0,1.0095776462142079,13.0,608.0,59386.0,45.22211217621625,0.3335194823106762,0.9998865151681812
300,14.0,6.0,0.9747516797289363,13.0,630.0,59386.0,45.94433462991535,0.34621850605813576,0.9998402334070419
301,14.0,7.0,0.8916503096629473,16.0,535.0,59389.0,36.238012093942245,0.2868849774127159,0.999730897016922
302,14.0,8.0,0.8591159063404561,22.0,552.0,59395.0,23.055518981552122,0.3161864315358701,0.9998095004920975
303,14.0,9.0,1.0660415343321619,17.0,667.0,59390.0,38.69516894978637,0.3463780107494937,0.9998155461400122
304,14.0,10.0,0.8420313398627237,13.0,553.0,59386.0,46.77752555762919,0.2854774300057311,0.9997920138424008
305,14.0,11.0,0.9745906145452221,13.0,620.0,59386.0,53.305411967994075,0.31821628676469205,0.999743081224968
306,14.0,12.0,1.0236697780253323,17.0,571.0,59390.0,36.816575864146415,0.33475143949703146,0.9998183136839852
307,14.0,13.0,0.9548576465542851,13.0,624.0,59386.0,47.16653105605557,0.33570195475820974,0.9996748394553681
308,14.0,14.0,1.0049231864093502,17.0,742.0,59390.0,46.44034774922667,0.34093338292611286,0.9997835447236774
309,14.0,15.0,0.9736480630869981,14.0,578.0,59387.0,41.44433476884851,0.32365710210904575,0.999706985783362
310,14.0,16.0,0.6680549373463585,8.0,520.0,59381.0,48.94430338004464,0.29511161584082635,0.8785872955839074
311,14.0,17.0,0.5685806780555741,9.0,477.0,59382.0,49.91654958364144,0.26683440048862206,0.5974861945636717
312,14.0,18.0,0.9644984583359646,16.0,604.0,59389.0,42.46652903390555,0.34859055275472894,0.9998355230517261
313,14.0,19.0,1.0007169277212284,17.0,477.0,59390.0,39.55540273216925,0.29934717410064715,0.7022015088160048
314,14.0,20.0,0.7379296021711585,25.0,546.0,57957.0,17.99719206097661,0.3049424703007131,0.8469398959708117
315,15.0,0.0,0.9288501476830798,17.0,599.0,50625.0,36.73727838719248,0.3465682498291345,0.9997528819212453
316,15.0,1.0,0.6616673145519987,17.0,613.0,50625.0,25.137534730030627,0.3212174923871922,0.8773856013056403
317,15.0,2.0,0.6652568700760604,11.0,536.0,50619.0,54.854026918814725,0.30589384755769844,0.9997115507187289
318,15.0,3.0,1.0018083054406857,14.0,616.0,50622.0,51.7035179843329,0.33428274946742165,0.9997051585783338
319,15.0,4.0,0.9650813010344779,13.0,650.0,50621.0,47.81655982524171,0.3372830206626326,0.9998393874949005
320,15.0,5.0,0.765989287905718,9.0,602.0,50617.0,56.133105512574154,0.29536714622194093,0.9998760864256047
321,15.0,6.0,1.02738887113991,21.0,482.0,50629.0,28.400724141824615,0.3325708174148402,0.9998021643117746
322,15.0,7.0,0.6768636572167148,11.0,521.0,50619.0,41.12679479360673,0.27301148952996057,0.9998798771015709
323,15.0,8.0,0.649365945784599,11.0,606.0,50619.0,60.166517153212354,0.3089167549155527,0.9998797537526332
324,15.0,9.0,0.8798879848698606,18.0,464.0,50626.0,23.033294794516284,0.28984095818898903,0.6599061809198025
325,15.0,10.0,0.7682535874801671,13.0,538.0,50621.0,36.27765342677206,0.25739380833911685,0.9997702927869393
326,15.0,11.0,1.0323526897462065,18.0,635.0,50626.0,45.077624848820825,0.33118275406581776,0.9998277373445461
327,15.0,12.0,0.7141850870320703,16.0,498.0,50624.0,33.671596216500504,0.283602915098246,0.6274436875478558
328,15.0,13.0,0.60973280798907,16.0,505.0,50624.0,28.27765171395967,0.27139780243770484,0.7858744777679536
329,15.0,14.0,0.9671185198587886,13.0,582.0,50621.0,46.48322115860571,0.33667065819084085,0.9997309444444635
330,15.0,15.0,0.8640649281439929,11.0,606.0,50619.0,49.388745278265894,0.3009334219273684,0.9998388723462448
331,15.0,16.0,0.8483683895942835,12.0,657.0,50620.0,53.8748001571623,0.3198779796234159,0.9998431883499183
332,15.0,17.0,0.9611462543538449,19.0,578.0,50627.0,31.947402833133225,0.3381486873201299,0.9998612378017027
333,15.0,18.0,0.9259363802781171,20.0,586.0,50628.0,34.58322705400129,0.3424413115474617,0.9996694828763366
334,15.0,19.0,0.8768339261612272,17.0,517.0,50625.0,28.255496309407434,0.31044343028329524,0.9998832996175622
335,15.0,20.0,1.001800429610815,12.0,460.0,49394.0,36.93879559006243,0.3142609722357813,0.6969382553029173
336,16.0,0.0,0.8563780971721382,14.0,627.0,53755.0,40.00466338876421,0.3301336394054274,0.9999636855094005
337,16.0,1.0,0.5527357602802998,10.0,555.0,53751.0,42.38081207542917,0.2634397225086721,0.9999442886567739
338,16.0,2.0,0.9076303262736596,16.0,568.0,53757.0,35.26657695582674,0.3155459167064193,0.9998420036738686
339,16.0,3.0,0.5583528143148838,12.0,487.0,53753.0,37.93743382825459,0.27101117786381435,0.9997863324939427
340,16.0,4.0,1.0151718944606662,16.0,720.0,53757.0,70.71924906561895,0.3548701224372969,0.9997604765262398
341,16.0,5.0,0.9883918307624413,17.0,535.0,53758.0,65.3328457186185,0.3326499465210395,0.9997153990178941
342,16.0,6.0,0.934510378435364,18.0,517.0,53759.0,28.855995137345612,0.3302273201318561,0.9997754933508163
343,16.0,7.0,0.6319103984023644,12.0,615.0,53753.0,49.67134612667137,0.31649521170761374,0.9998774927888664
344,16.0,8.0,1.0491147683051307,22.0,590.0,53763.0,26.752341334757364,0.33647251152913604,0.9997453608602103
345,16.0,9.0,0.9358374465505781,17.0,618.0,53758.0,36.211027446526685,0.3381961309644599,0.9997102895459236
346,16.0,10.0,0.9355495535268505,15.0,552.0,53756.0,37.972142532577514,0.3358868500032426,0.7093699621272259
347,16.0,11.0,1.0006310833778695,13.0,703.0,53754.0,80.22186216224851,0.360027515388618,0.9997457748592353
348,16.0,12.0,0.9980679871217033,18.0,643.0,53759.0,42.07562546198375,0.3503341749905693,0.9996939867609813
349,16.0,13.0,0.9383800618960114,20.0,610.0,53761.0,32.45505329861448,0.3402016521275578,0.9998681090046536
350,16.0,14.0,1.0012510336074525,17.0,603.0,53758.0,35.06474402536399,0.34033011300178717,0.9997552367826587
351,16.0,15.0,1.0752045632720824,16.0,614.0,53757.0,39.540395367350335,0.34948495196113416,0.9996734074308339
352,16.0,16.0,0.6335943078694228,13.0,401.0,53754.0,30.966547700558962,0.24782626585709566,0.5912389676635139
353,16.0,17.0,1.0626144470376544,17.0,622.0,53758.0,37.049927941816925,0.3413286541836327,0.9997847798831122
354,16.0,18.0,0.5438229159043533,7.0,432.0,53748.0,78.08278236623768,0.24109377709902846,0.9997336781451571
355,16.0,19.0,1.054456050321238,16.0,615.0,53757.0,38.833256944600926,0.3520141807351769,0.9997915859444599
356,16.0,20.0,0.6811258891976562,23.0,398.0,52247.0,13.773793864815685,0.25906017967378314,0.5960600244476026
357,17.0,0.0,0.5666528718485286,13.0,567.0,52072.0,38.0998659006141,0.29291543027291767,0.9999005335813314
358,17.0,1.0,1.0108012653262524,15.0,688.0,52074.0,43.94435812054451,0.35254382543765417,0.9997596291993396
359,17.0,2.0,1.0611294891349312,21.0,541.0,52080.0,27.814770946572406,0.3352510321103742,0.9998990763965835
360,17.0,3.0,1.0294721138006988,19.0,683.0,52078.0,39.24992692144214,0.34710225568303166,0.9998683002187494
361,17.0,4.0,0.571405134449954,16.0,445.0,52075.0,19.888859975354396,0.27549999080023924,0.8371768247325586
362,17.0,5.0,1.0589809500069831,16.0,648.0,52075.0,39.999923333486116,0.3528018382292123,0.9999464747349266
363,17.0,6.0,0.8251549428816247,17.0,404.0,52076.0,20.933287466812402,0.26032579270832135,0.6231298341399456
364,17.0,7.0,0.9232162757167212,13.0,627.0,52072.0,46.64271908215577,0.33963961756904826,0.9996601838387364
365,17.0,8.0,0.9861692630317154,15.0,524.0,52074.0,34.19436501178438,0.3324952264535703,0.9997472987463406
366,17.0,9.0,0.8937806192716673,20.0,586.0,52079.0,26.43329310006784,0.34315284047945005,0.9998976177143131
367,17.0,10.0,0.657560163081865,17.0,508.0,52076.0,25.31662503340957,0.28416413522031303,0.775544674656056
368,17.0,11.0,0.9325222072384765,11.0,635.0,52070.0,54.72204713029645,0.3488282411786443,0.9997520556484616
369,17.0,12.0,1.0740338175486968,17.0,557.0,52076.0,37.75917448065394,0.32534157523338436,0.9997480663705496
370,17.0,13.0,0.9447910515102336,14.0,572.0,52073.0,40.08879582246194,0.3337154600756488,0.9997178884607859
371,17.0,14.0,0.35428442181431447,15.0,354.0,52074.0,18.277683658246943,0.2095854041346057,0.7276897587214459
372,17.0,15.0,0.9728439300085561,20.0,623.0,52079.0,32.05549701864036,0.323922150585254,0.9998529843685168
373,17.0,16.0,0.7898374175864755,18.0,456.0,52077.0,24.209024801091335,0.29162135880754836,0.7213960809924204
374,17.0,17.0,0.6426515753789505,16.0,506.0,52075.0,25.80550334506634,0.26965757339597984,0.7687839776412619
375,17.0,18.0,0.9573393519498727,14.0,591.0,52073.0,43.35225074472953,0.3239586688786824,0.728755882799756
376,17.0,19.0,1.0392532451524201,19.0,594.0,52078.0,30.650745922221393,0.3368977449492273,0.9999099939704497
377,17.0,20.0,0.9679249093069335,11.0,650.0,50864.0,62.649793909109995,0.3198443187678691,0.7391290321223608
378,18.0,0.0,1.003535188722784,22.0,471.0,45472.0,20.58886015189417,0.3074080517187534,0.6653325655554244
379,18.0,1.0,0.960024428073911,15.0,661.0,45465.0,42.86101084517744,0.35629211046376463,0.9997451763571668
380,18.0,2.0,0.9066804128270404,22.0,515.0,45472.0,23.78249080730883,0.32294440780917444,0.9999070274451685
381,18.0,3.0,0.9571899323009672,15.0,586.0,45465.0,37.377704031631815,0.32648735021690956,0.9998592786353981
382,18.0,4.0,0.8925175042024489,16.0,470.0,45466.0,31.333259365281332,0.2868077918223788,0.6365591980826023
383,18.0,5.0,0.9790534352816767,16.0,464.0,45466.0,32.28137964322234,0.311732391809174,0.9997080407655932
384,18.0,6.0,0.8702019945546435,27.0,461.0,45477.0,15.327758302346629,0.28271409663023594,0.6225932064488218
385,18.0,7.0,1.0415348221134346,11.0,687.0,45461.0,65.23311328420239,0.3417767841714817,0.999717531677067
386,18.0,8.0,1.0507917806925287,16.0,622.0,45466.0,40.61379493103686,0.34898405877128424,0.9996735014501065
387,18.0,9.0,1.0130350718855778,16.0,583.0,45466.0,36.691584335631404,0.34983951865985174,0.9998542506324346
388,18.0,10.0,0.9658255224775507,10.0,651.0,45460.0,61.85535149336272,0.34535125956295043,0.9998016868208203
389,18.0,11.0,0.883454511687308,15.0,567.0,45465.0,34.708256163395625,0.3403982015718573,0.999782307937955
390,18.0,12.0,0.9947113931601961,16.0,700.0,45466.0,42.55546456504087,0.3638319726268402,0.9997652096165726
391,18.0,13.0,0.9747051884206295,12.0,595.0,45462.0,51.58317715333305,0.33532428008821047,0.9998175318205065
392,18.0,14.0,0.7616663784983431,16.0,428.0,45466.0,24.674156641417493,0.27067069977156133,0.6014760387379559
393,18.0,15.0,0.6691981944415439,16.0,539.0,45466.0,29.583269128260373,0.2838685907843288,0.9997477412009087
394,18.0,16.0,0.8704216010285954,13.0,640.0,45463.0,49.82833582777288,0.34288881277058025,0.9997878953256596
395,18.0,17.0,-0.0,10.0,306.0,45460.0,30.599969400030602,0.16423086524728603,0.4915410537661289
396,18.0,18.0,1.088656550566117,12.0,550.0,45462.0,48.45542232075049,0.3220936893559365,0.7684320712772311
397,18.0,19.0,0.9581147515330066,11.0,672.0,45461.0,64.61879221206469,0.3444498550779642,0.9998666950260638
398,18.0,20.0,0.6667324525421905,10.0,555.0,44024.0,125.94335340578499,0.3097542508898258,0.9943859418903385
399,19.0,0.0,1.0210634558809328,16.0,598.0,56177.0,39.2684232590092,0.35265226410699424,0.9997350829149508
400,19.0,1.0,0.6014274317541765,14.0,471.0,51930.0,26.02214379302571,0.27540989471999544,0.9999248365919174
401,19.0,2.0,1.0574927420622229,15.0,623.0,60617.0,50.166496945169776,0.3448826930824912,0.9997499566813962
402,19.0,3.0,0.9594922634767389,17.0,448.0,50557.0,26.34438464645615,0.31023007383606216,0.6638005961335574
403,19.0,4.0,0.9790494022967877,18.0,569.0,52643.0,32.9221478039064,0.3460600148805193,0.9997142713139997
404,19.0,5.0,0.6494791875568029,13.0,617.0,62584.0,48.821350909988084,0.33579316844032314,0.9998521480183834
405,19.0,6.0,0.8574356677890047,19.0,611.0,57219.0,29.38630974357424,0.3395207444396128,0.999900533106203
406,19.0,7.0,1.003337989885564,14.0,574.0,52041.0,57.675561914251375,0.34086211210205997,0.9997422025621115
407,19.0,8.0,0.6042324648549634,8.0,496.0,48001.0,65.4997700009875,0.259151059491752,0.9997529541247552
408,19.0,9.0,0.6290484426943368,12.0,576.0,56583.0,52.666539259630454,0.3171869693020367,0.9998202049266322
409,19.0,10.0,0.9779853269775272,22.0,633.0,58004.0,27.6171314487632,0.3388794378349178,0.9997023882781904
410,19.0,11.0,0.9956856924227802,16.0,596.0,56349.0,38.288800042832534,0.33804515948820646,0.9997660572036758
411,19.0,12.0,0.9417340690423271,13.0,620.0,54263.0,45.08322520861731,0.35408635718890114,0.9997929269675737
412,19.0,13.0,0.9181976272585871,17.0,617.0,57095.0,34.949922480761536,0.339868333656946,0.9997762498461467
413,19.0,14.0,0.9108565738136676,19.0,582.0,57387.0,28.066619266757737,0.3486305380722703,0.9998344171237826
414,19.0,15.0,0.8449474569290618,17.0,530.0,52857.0,34.20088763902048,0.29757948979528004,0.9997308328455021
415,19.0,16.0,0.6422823908072912,12.0,740.0,48007.0,69.22205160544019,0.335533170283716,0.9998148127271376
416,19.0,17.0,1.0113816236367605,17.0,688.0,61098.0,39.466598400118755,0.3565210817341856,0.9997632537409793
417,19.0,18.0,0.9128097489550877,10.0,642.0,55631.0,70.31626924498346,0.3271240421472583,0.999832580195787
418,19.0,19.0,1.0361581484096205,14.0,639.0,54287.0,48.38874379686033,0.3345980166912349,0.9997815733106575
419,19.0,20.0,0.9381450900800685,13.0,537.0,47366.0,39.9165682641548,0.3042626356591184,0.6699727321636619
420,20.0,0.0,0.987000119429527,22.0,584.0,56576.0,27.435847946849055,0.3500353766793921,0.9998174448227151
421,20.0,1.0,0.9926396265889195,14.0,614.0,56568.0,57.13298881974348,0.3427295427515934,0.9997163244283717
422,20.0,2.0,0.881732183545733,12.0,583.0,56566.0,45.15859178434789,0.3050971683572421,0.839889757607073
423,20.0,3.0,0.7779551281169979,10.0,542.0,56564.0,52.1902354436946,0.27457546458688675,0.9999097051272853
424,20.0,4.0,0.9540973061785889,20.0,617.0,56574.0,33.166578981821296,0.34290502858764804,0.9997151608020265
425,20.0,5.0,0.6710047842056561,6.0,718.0,56560.0,107.44394240985584,0.3296537170756746,0.999800696276371
426,20.0,6.0,0.9891297283764166,18.0,657.0,56572.0,34.96422656898504,0.35897211649489,0.9997715811843175
427,20.0,7.0,1.0619571865187234,19.0,557.0,56573.0,44.01650289796287,0.32936608187074934,0.9998005816136054
428,20.0,8.0,0.8350651226267506,23.0,408.0,56577.0,22.031690559504714,0.29151181278329374,0.6308970234113216
429,20.0,9.0,0.7010239352386722,12.0,531.0,56566.0,42.51830368473756,0.2959371308421902,0.9997455022730605
430,20.0,10.0,0.9894763333782672,15.0,589.0,56569.0,37.59992591126161,0.3370273357092276,0.999723120214017
431,20.0,11.0,0.615457770295655,12.0,563.0,56566.0,35.402693709728545,0.2917498118049956,0.8784127415595259
432,20.0,12.0,0.9467641661861356,10.0,543.0,56564.0,51.27762949117843,0.3401872711024895,0.9997444993672615
433,20.0,13.0,0.43790863212226355,14.0,453.0,56568.0,20.699960633434923,0.23128625925026458,0.999886542348413
434,20.0,14.0,1.076947373671579,18.0,516.0,56572.0,28.824949318842652,0.31221851135638345,0.7608546226840351
435,20.0,15.0,1.0304143008799882,14.0,530.0,56568.0,42.20819588597207,0.32398851299566955,0.99689467718047
436,20.0,16.0,0.7965012600243011,12.0,458.0,56566.0,38.7617674835893,0.26478097677928947,0.6149722559046766
437,20.0,17.0,1.010369544568769,17.0,651.0,56571.0,41.35545443176746,0.3604831723402391,0.9997100667869004
438,20.0,18.0,0.9271719636892228,17.0,509.0,56571.0,27.433285216757906,0.30915109958158904,0.9998443533585043
439,20.0,19.0,0.9705821331773246,13.0,679.0,56567.0,50.23319792268462,0.3280428328766656,0.9796744578463809
440,20.0,20.0,0.8672735172031492,17.0,610.0,55207.0,35.77768760970172,0.32753691554396647,0.999919745054922
441,21.0,0.0,0.944963691689682,17.0,669.0,56392.0,36.63881853025465,0.3414781601557795,0.9998440107481598
442,21.0,1.0,0.8046822077259692,14.0,557.0,56389.0,42.910889053651054,0.30943890714359645,0.7990836261099388
443,21.0,2.0,0.8794782286657634,11.0,609.0,56386.0,50.04986627540152,0.33481033902760193,0.9745768492588076
444,21.0,3.0,0.6746880489687469,17.0,438.0,56392.0,22.499943333524303,0.2693659201846702,0.9998416044412795
445,21.0,4.0,0.9506822665640082,18.0,657.0,56393.0,34.113033844025686,0.3520636345280628,0.9997918095865354
446,21.0,5.0,0.42108959003537094,11.0,483.0,56386.0,37.68742789079847,0.2472615403532865,0.8135124606943097
447,21.0,6.0,0.9866500362921257,19.0,569.0,56394.0,29.249948896705167,0.3332899659084656,0.9998386947693382
448,21.0,7.0,0.9599155714356198,10.0,583.0,56385.0,54.33316875055521,0.29342045527613236,0.6405606298693278
449,21.0,8.0,1.0198899659170038,10.0,604.0,56385.0,74.38842880018343,0.34211940485722203,0.999766665982215
450,21.0,9.0,1.0050185261529108,14.0,603.0,56389.0,46.37485296933613,0.32373123209875565,0.9997677351837299
451,21.0,10.0,1.041375795771723,17.0,615.0,56392.0,36.07136108856997,0.34572799416281186,0.9998291158190357
452,21.0,11.0,0.8920327502185788,11.0,735.0,56386.0,63.09982155057253,0.34873930678589293,0.9998724361982062
453,21.0,12.0,0.851950174962308,20.0,551.0,56395.0,25.64439395198032,0.3347655967485056,0.9996822488462382
454,21.0,13.0,0.6355688807853528,17.0,491.0,56392.0,20.806029836966285,0.31629522070068794,0.8785459638596553
455,21.0,14.0,0.9698965379386314,7.0,726.0,56382.0,97.55514592771357,0.35358673475965796,0.9998025553745744
456,21.0,15.0,0.8861682529309365,15.0,544.0,56390.0,34.366574808673455,0.3091305389631308,0.9997844089302724
457,21.0,16.0,0.9567538956068071,14.0,621.0,56389.0,47.98132091629369,0.3382149341124202,0.9997706993510912
458,21.0,17.0,0.9970480339593746,22.0,639.0,56397.0,29.194395347318657,0.35977961774666467,0.9998072379762173
459,21.0,18.0,0.7353272344900025,12.0,487.0,56387.0,43.018264333404886,0.2709703391111197,0.8320936977704333
460,21.0,19.0,1.0335208154748714,12.0,517.0,56387.0,44.53876989014342,0.3198337436035449,0.6988382389683582
461,21.0,20.0,1.0209364068769373,13.0,634.0,55140.0,52.57760877104814,0.3535195845038932,0.9997783327818491
462,22.0,0.0,0.6902442784226863,29.0,604.0,57095.0,14.533322789751276,0.31691650081832734,0.9092215317471007
463,22.0,1.0,0.9838416797433143,16.0,675.0,57082.0,45.21099019666955,0.3480784139671105,0.9998292904222377
464,22.0,2.0,0.6788449232568191,12.0,729.0,57078.0,64.24274102470437,0.33447612598150045,0.9997547460899875
465,22.0,3.0,1.0840632475026224,7.0,680.0,57073.0,97.72178565015754,0.3517381647996606,0.9998213337961043
466,22.0,4.0,0.928211831648055,18.0,464.0,57084.0,24.716618825105655,0.3027196028436061,0.8546983666186396
467,22.0,5.0,0.9116505954523644,22.0,596.0,57088.0,26.138840717712764,0.3486363564207908,0.9998096707846589
468,22.0,6.0,0.6896141070985036,10.0,738.0,57076.0,73.79985240029521,0.3283302897049363,0.938051824855027
469,22.0,7.0,0.9490533151752741,16.0,606.0,57082.0,41.38876233848543,0.339477284268612,0.9997147383099463
470,22.0,8.0,0.8098764163219903,21.0,623.0,57087.0,28.769157229089526,0.3373226140248984,0.999958623112501
471,22.0,9.0,1.0391381223377933,20.0,600.0,57086.0,30.522168413069963,0.35549553707067183,0.9998301009035627
472,22.0,10.0,0.8728794137046629,15.0,641.0,57081.0,37.717387307490185,0.3500850608874343,0.9997303438775387
473,22.0,11.0,0.9402014457853384,15.0,628.0,57081.0,41.48137465052693,0.3511799251808604,0.9998232381007566
474,22.0,12.0,0.6426963670515999,11.0,689.0,57077.0,61.3498898835326,0.3235391023378349,0.9961321553149138
475,22.0,13.0,0.8612402907989113,26.0,472.0,57092.0,18.68965096573201,0.3133895808598276,0.9997496854947183
476,22.0,14.0,0.9543654164098702,11.0,630.0,57077.0,55.49981824144583,0.3411212687483334,0.9999512879987813
477,22.0,15.0,1.0141073099643618,17.0,547.0,57083.0,36.699892767082964,0.34181574915743584,0.9997195556062989
478,22.0,16.0,0.9877462115735745,13.0,595.0,57079.0,43.99990116689142,0.33039021236857713,0.9997836643576387
479,22.0,17.0,0.9414713138164532,20.0,589.0,57086.0,30.5888218316642,0.33927838177720393,0.999699468029518
480,22.0,18.0,0.9977946614057447,15.0,537.0,57081.0,34.75230430948932,0.3423072481353181,0.999881592827946
481,22.0,19.0,0.91887671367717,13.0,569.0,57079.0,40.61894451276922,0.3355769083943603,0.999770637891785
482,22.0,20.0,1.0413247509017884,23.0,635.0,55895.0,29.369182003245683,0.3487224239857598,0.999713966192117
483,23.0,0.0,1.037511535288204,17.0,615.0,58110.0,37.546217657072695,0.34012227567072206,0.9998945379757495
484,23.0,1.0,0.8520274738488118,17.0,645.0,58110.0,33.20827478600281,0.33947617513335837,0.9997979961927579
485,23.0,2.0,-0.0,8.0,427.0,58101.0,30.499956428633674,0.166015097381344,0.49190168717071436
486,23.0,3.0,0.9999583875835004,19.0,591.0,58112.0,33.040330596463086,0.3548253028388638,0.9996688228325931
487,23.0,4.0,0.7980780486598376,17.0,515.0,58110.0,26.958274814181525,0.2964954562285934,0.9997130871107882
488,23.0,5.0,0.996100444740933,10.0,672.0,58103.0,71.55526518652468,0.35700663911693964,0.9998321133316979
489,23.0,6.0,0.9326551489921402,10.0,737.0,58103.0,70.9553135713246,0.36698070506885305,0.9997486765979557
490,23.0,7.0,1.0288864926560393,15.0,741.0,58108.0,50.231633290378255,0.3532163705153214,0.9997578434491075
491,23.0,8.0,0.91074033035247,23.0,608.0,58116.0,24.727742317650478,0.3378020890359922,0.9998400618641046
492,23.0,9.0,0.8287423445364355,18.0,520.0,58111.0,26.20954290512857,0.30597375075317734,0.9997624930202429
493,23.0,10.0,0.6775384597233611,17.0,509.0,58110.0,22.255509485420944,0.28157552138334696,0.9998427222981486
494,23.0,11.0,0.9083342926092112,17.0,578.0,58110.0,32.24994014595526,0.3215771609242748,0.9998534568474542
495,23.0,12.0,0.8817111341498933,17.0,599.0,58110.0,33.23881553445602,0.3372500211459577,0.9998737058486099
496,23.0,13.0,0.7308755442296452,12.0,621.0,58105.0,42.603064350314106,0.2951260548797735,0.6295783261487591
497,23.0,14.0,0.9623613836281456,9.0,765.0,58102.0,84.99957500318747,0.3381623676399218,0.9349487745266079
498,23.0,15.0,0.933515207174452,16.0,571.0,58109.0,34.12029558403784,0.34471893715248547,0.9997458784699739
499,23.0,16.0,0.9290575760796467,14.0,617.0,58107.0,53.291358221485865,0.3603016127605869,0.9998513885619453
500,23.0,17.0,0.9047445755780974,14.0,723.0,58107.0,48.66654010458607,0.35132022065920543,0.9997932339674737
501,23.0,18.0,0.8149529613757546,17.0,417.0,58110.0,25.055494314994174,0.2828248972214822,0.6078710426692153
502,23.0,19.0,0.9255590363302645,12.0,626.0,58105.0,96.16581750837908,0.35216538055154845,0.9997729138168113
503,23.0,20.0,0.9877356030445946,17.0,538.0,56791.0,35.29989276710376,0.3548590795895643,0.9997286677482202
504,24.0,0.0,0.8760341999799655,14.0,554.0,55384.0,38.72210533994813,0.32861699008103873,0.9997624202918882
505,24.0,1.0,0.8177642352273331,15.0,573.0,55385.0,34.34250283725686,0.332306138207197,0.9999148868348285
506,24.0,2.0,0.9743451593783923,12.0,704.0,55382.0,71.52338306493725,0.36642674407252496,0.9996966325138994
507,24.0,3.0,0.6773606962289678,14.0,461.0,55384.0,26.611044352077005,0.27181378757504937,0.7858209142025312
508,24.0,4.0,0.9199595736442228,17.0,635.0,55387.0,48.97195641428769,0.36372135385858895,0.9997672993043281
509,24.0,5.0,0.9660804103711831,19.0,510.0,55389.0,27.06812817677424,0.3153142691081917,0.669100908120245
510,24.0,6.0,1.0194727307544487,17.0,595.0,55387.0,36.46023828440598,0.36667960186534554,0.999697508362501
511,24.0,7.0,0.8807761181006579,13.0,782.0,55383.0,57.84737861951183,0.3614649438086537,0.9999290892131246
512,24.0,8.0,0.9255215046368264,11.0,592.0,55381.0,51.499831574732866,0.3367304387705833,0.985635311567296
513,24.0,9.0,0.9853208307534813,9.0,659.0,55379.0,73.22197814896172,0.3419219979104413,0.9985016337929038
514,24.0,10.0,0.8774660264070879,13.0,669.0,55383.0,48.27758620513409,0.3394202364811494,0.9289327051766145
515,24.0,11.0,0.9570345213791317,20.0,608.0,55390.0,42.98793611041432,0.3507542235511988,0.9997639868792705
516,24.0,12.0,1.009980817367743,22.0,618.0,55392.0,31.16232671286744,0.3619691480163836,0.999783037098732
517,24.0,13.0,0.7536063637250152,13.0,443.0,55383.0,36.86646680153985,0.2710681651246557,0.744484820166027
518,24.0,14.0,0.9969531979248449,19.0,557.0,55389.0,37.05543192646237,0.34744100901365127,0.9997444103279615
519,24.0,15.0,0.8591231745308389,13.0,473.0,55383.0,47.22190876827006,0.33298217578987543,0.9996785539196774
520,24.0,16.0,0.8937073912123663,17.0,485.0,55387.0,43.221938663498065,0.31073941814519457,0.7448910920806864
521,24.0,17.0,0.6772801479617935,14.0,596.0,55384.0,33.39805161836527,0.3104427485555583,0.9998417812615773
522,24.0,18.0,0.9932663928360221,16.0,715.0,55386.0,60.35149130984445,0.35582182762083037,0.9997574490379024
523,24.0,19.0,0.522806330091445,9.0,429.0,55379.0,47.24984946491594,0.23923205829056737,0.6524647653409559
524,24.0,20.0,0.9898643468626693,14.0,654.0,54302.0,60.991296613730164,0.36361408454164,0.7972616091168967
525,25.0,0.0,0.6930251052799065,12.0,640.0,53455.0,54.71418955119379,0.32762594817591717,0.8761449853780493
526,25.0,1.0,1.0198162958228,19.0,610.0,53462.0,32.49993576404789,0.34847348894972396,0.8172533360561218
527,25.0,2.0,0.7448971373648974,19.0,561.0,53462.0,23.466628295338236,0.34275985086139604,0.9998879209248588
528,25.0,3.0,0.6640319102582157,19.0,608.0,53462.0,32.494409622876915,0.3235786193797203,0.9997654263651301
529,25.0,4.0,1.006156907781206,24.0,635.0,53467.0,29.42835818779604,0.3669088954589921,0.9998599574912069
530,25.0,5.0,0.6917733350168039,9.0,935.0,53452.0,105.79975765056159,0.3352601428257296,0.9998584689833644
531,25.0,6.0,1.023411793092086,14.0,663.0,53457.0,53.70620899792963,0.3491722180198421,0.9998135423486045
532,25.0,7.0,0.832896374056218,15.0,471.0,53458.0,42.8367513985508,0.3182727705210816,0.692331288005188
533,25.0,8.0,0.6904341964850169,11.0,747.0,53454.0,49.7999004001992,0.3344288420897835,0.961146450617113
534,25.0,9.0,0.9113644140212258,12.0,651.0,53455.0,52.0998523005129,0.3530038362652498,0.999797453792956
535,25.0,10.0,0.9862033930307798,21.0,519.0,53464.0,31.362863086037155,0.34818558960581547,0.9997693427970755
536,25.0,11.0,0.9705505005373881,13.0,619.0,53456.0,49.83320694477917,0.3575478086397792,0.764505159587764
537,25.0,12.0,0.9659888246729023,13.0,665.0,53456.0,52.142708844046886,0.3696115611055457,0.9997873359647131
538,25.0,13.0,1.0433382248801497,12.0,575.0,53455.0,55.27757731566976,0.33076214611320753,0.870515735337257
539,25.0,14.0,1.032303042271243,19.0,575.0,53462.0,33.65547856687983,0.35486569595017836,0.9998296906560155
540,25.0,15.0,0.6665663014551165,10.0,501.0,53453.0,113.61012710843646,0.3238013855440035,0.9997461825031974
541,25.0,16.0,1.0089786999857164,15.0,587.0,53458.0,37.86340968516091,0.3454516694928813,0.9997402614382855
542,25.0,17.0,1.065303387567844,15.0,653.0,53458.0,42.89991306129238,0.3601592950156647,0.9997523547491076
543,25.0,18.0,0.8025231911091488,12.0,451.0,53455.0,32.88879870400233,0.2794720437366772,0.6165335823245801
544,25.0,19.0,0.7113840877345323,21.0,508.0,53464.0,20.491635893813072,0.309231757191032,0.999781684774104
545,25.0,20.0,0.6276116833595444,15.0,567.0,52115.0,37.44994435009205,0.3324932645408494,0.9997236354947133
546,26.0,0.0,1.019134164618767,13.0,669.0,59787.0,50.39988470026685,0.3730665730652506,0.9997579478692721
547,26.0,1.0,0.9726100764707729,15.0,593.0,59789.0,37.45548271866421,0.33094858664872107,0.9997395319085113
548,26.0,2.0,0.8571717413210391,10.0,603.0,59784.0,59.66637066898031,0.3226141599015341,0.9998271034803086
549,26.0,3.0,0.9862305450343065,13.0,566.0,59787.0,71.92538774163498,0.34216930019055336,0.9996780282845759
550,26.0,4.0,1.0711273339960736,22.0,564.0,59796.0,26.304195184190267,0.35300677807371184,0.9997644598371402
551,26.0,5.0,0.698704223803033,18.0,551.0,59792.0,24.833287790511616,0.2955314152029175,0.9998511520066488
552,26.0,6.0,0.9999774296997069,10.0,741.0,59784.0,71.05534689877318,0.3543438211945146,0.9996880557376524
553,26.0,7.0,0.90997469410436,13.0,704.0,59787.0,49.96415150981116,0.3633159976782515,0.9997656842638102
554,26.0,8.0,0.9562389451087279,15.0,592.0,59789.0,39.925821564101966,0.33472216817074985,0.9997554014508867
555,26.0,9.0,0.9848386639150799,14.0,651.0,59788.0,62.88850207132336,0.3452488117423168,0.9997335479602892
556,26.0,10.0,0.904106011527652,14.0,659.0,59788.0,50.59031335713704,0.32770690330023056,0.9999467319211254
557,26.0,11.0,0.7870103942667243,18.0,591.0,59792.0,30.414170566236596,0.33458783883717913,0.9997361849186073
558,26.0,12.0,0.9120013961805149,21.0,488.0,59795.0,25.067766354356564,0.29865407049667014,0.6708879170169775
559,26.0,13.0,0.6364443783775082,8.0,535.0,59782.0,51.233123701248424,0.28550927475884724,0.9999293078607282
560,26.0,14.0,1.0106336872127402,17.0,609.0,59791.0,34.37136872663759,0.3424587076681619,0.9997461836483803
561,26.0,15.0,0.6351404303940243,20.0,474.0,59794.0,19.85890521587209,0.2935885813011311,0.9999204462909128
562,26.0,16.0,0.9368762995916025,17.0,561.0,59791.0,30.870310838606596,0.3380955914539666,0.9996820052010846
563,26.0,17.0,1.0012666716267595,17.0,602.0,59791.0,57.08956474868037,0.3427681891715919,0.9997265102954187
564,26.0,18.0,1.0038537003370716,16.0,580.0,59790.0,40.0221132373759,0.3555462395202028,0.9996951637234808
565,26.0,19.0,0.718086167261869,19.0,653.0,59793.0,26.935148416990284,0.32807245140067587,0.9997518666958164
566,26.0,20.0,1.0106173033891892,13.0,636.0,58525.0,47.499883750308676,0.3544348008058019,0.9997702246153021
567,27.0,0.0,0.9239483206570922,14.0,689.0,51476.0,51.30940045099434,0.359524065278799,0.9997491307898733
568,27.0,1.0,0.730528664307411,20.0,505.0,51482.0,22.50636776760483,0.29823682345078084,0.9997523447131031
569,27.0,2.0,0.9565702655352,14.0,556.0,51476.0,38.523717069410964,0.3314423170564684,0.9997475178107689
570,27.0,3.0,0.6720860375995876,14.0,709.0,51476.0,53.208251996654155,0.3421904589734903,0.9997871404294729
571,27.0,4.0,0.7765306692973948,14.0,462.0,51476.0,31.99985166786897,0.27614577002993645,0.6349990992793402
572,27.0,5.0,0.9321374846277414,21.0,565.0,51483.0,33.35227190115577,0.353627152845288,0.9998285823315445
573,27.0,6.0,0.9182878498879492,21.0,474.0,51483.0,21.018489393046096,0.3039621567776999,0.6720628001351048
574,27.0,7.0,0.9359649844863036,14.0,599.0,51476.0,39.555467394398555,0.3069488047465765,0.9997384993232593
575,27.0,8.0,0.7487066269888134,24.0,526.0,51486.0,18.617426142894754,0.3166098614331352,0.9999056939567137
576,27.0,9.0,0.8618349354015478,17.0,575.0,51479.0,31.566588300281964,0.3033818999450071,0.9997793930464846
577,27.0,10.0,1.024854435699583,19.0,584.0,51481.0,31.333274516789828,0.3434777400396105,0.9998702869971188
578,27.0,11.0,0.8013001052622708,19.0,528.0,51481.0,25.222172176048996,0.30441680071518995,0.9997631424017808
579,27.0,12.0,0.9957878194154597,10.0,709.0,51472.0,75.67751221952781,0.361210407675311,0.9998020561388615
580,27.0,13.0,0.8954528820374728,12.0,629.0,51474.0,51.52763460694249,0.33685234343676473,0.8762622101514195
581,27.0,14.0,0.994785499246615,21.0,647.0,51483.0,29.29625485602794,0.3458038571732638,0.9997939514325509
582,27.0,15.0,1.0190053488260324,10.0,643.0,51472.0,85.05497898659549,0.34694866654914147,0.9999580415439407
583,27.0,16.0,0.9814027777120918,14.0,637.0,51476.0,49.62483651109343,0.3671779291171101,0.9998044811787336
584,27.0,17.0,0.9428910666779908,14.0,603.0,51476.0,41.72211474568913,0.3289158134871679,0.9997768087721098
585,27.0,18.0,0.6011172121370885,16.0,547.0,51478.0,27.30154620943483,0.3320094760445468,0.9997536357767138
586,27.0,19.0,1.0451062593046219,14.0,669.0,51476.0,48.02210869659175,0.34494214323259353,0.999747080924303
587,27.0,20.0,0.9800017578368008,17.0,642.0,50352.0,56.011762028638906,0.34686131312327995,0.9997393033244966
588,28.0,0.0,0.9322837173484357,9.0,646.0,53476.0,73.08307257042598,0.36485510272325083,0.9997523483807395
589,28.0,1.0,0.8068656606126343,24.0,437.0,53491.0,16.54997318061028,0.2911960802375153,0.6924433910382384
590,28.0,2.0,0.9848162384166093,16.0,551.0,53483.0,36.9554566373425,0.34445543542679047,0.9997850890509645
591,28.0,3.0,0.4769182703436179,16.0,392.0,53483.0,31.61880217927461,0.24462984323949877,0.6395213502515191
592,28.0,4.0,0.6308172138107623,13.0,541.0,53480.0,34.11104614827264,0.256678529787134,0.9997598055213014
593,28.0,5.0,0.8655811942310575,14.0,616.0,53481.0,38.93245668056492,0.3134940318389856,0.9997636674688718
594,28.0,6.0,0.841645484420922,16.0,473.0,53483.0,33.031664187684584,0.2844012738151278,0.6211724353450588
595,28.0,7.0,1.0359770602133727,22.0,587.0,53489.0,27.199955508418814,0.3346063307828703,0.9997826115665732
596,28.0,8.0,0.8800877351082914,16.0,589.0,53483.0,33.67851014382615,0.32804008354604075,0.999768833264812
597,28.0,9.0,0.1989035087071799,15.0,379.0,53482.0,13.166642500086112,0.2173074449955913,0.9997638018038256
598,28.0,10.0,0.9813138185385945,13.0,592.0,53480.0,43.74990179188986,0.34535789874239853,0.9999018734481804
599,28.0,11.0,0.9850157580788408,13.0,564.0,53480.0,44.11891167569538,0.3141753641560896,0.9997692405855205
600,28.0,12.0,0.8887303801866671,22.0,609.0,53489.0,26.527733634347822,0.33002505421744144,0.9998025000878508
601,28.0,13.0,0.8449314374083315,12.0,623.0,53479.0,46.99986791713507,0.316705795704491,0.99976971992245
602,28.0,14.0,0.9825786413609217,14.0,648.0,53481.0,68.50879186900941,0.34159719484612217,0.9997399045454627
603,28.0,15.0,1.0122015047600126,16.0,670.0,53483.0,43.11102748164442,0.36975957926758163,0.9999264422723172
604,28.0,16.0,1.034229598548367,15.0,601.0,53482.0,39.55546907428673,0.36508256954481266,0.9998455000199676
605,28.0,17.0,0.9640055077642006,20.0,563.0,53487.0,31.126191358481268,0.3295525038601226,0.9997722761167842
606,28.0,18.0,0.9620382741463864,17.0,602.0,53484.0,56.1551642555517,0.35425610716764433,0.999867833374752
607,28.0,19.0,1.046273738606803,13.0,649.0,53480.0,56.14266592766103,0.3208031698216496,0.7603359074270001
608,28.0,20.0,0.7613425163941572,11.0,633.0,51967.0,50.05540416723719,0.2908239433957309,0.9998349097219312
609,29.0,0.0,0.9780215328284398,17.0,592.0,58992.0,33.4582709063768,0.3338657862457455,0.99975272138967
610,29.0,1.0,0.8409084438568517,13.0,593.0,54240.0,43.399888422578336,0.355255712572209,0.9998956075266466
611,29.0,2.0,1.0617679930386195,18.0,508.0,49303.0,29.140684562257807,0.32773361708161053,0.7080594991417584
612,29.0,3.0,0.7109172746457412,19.0,490.0,50921.0,22.205078207758508,0.294163926232222,0.6330743587357718
613,29.0,4.0,0.8903666712831702,13.0,639.0,53324.0,48.54431178193443,0.35196130542899573,0.9998274802392118
614,29.0,5.0,0.6888414009822548,10.0,798.0,49951.0,84.66648013931332,0.3608049292270653,0.9998447951732489
615,29.0,6.0,1.045669266028756,18.0,642.0,55986.0,41.587203671850205,0.361702782592748,0.9997393580828424
616,29.0,7.0,0.6039078938684396,11.0,499.0,48320.0,46.629296340633665,0.28174663317722803,0.9974074376812033
617,29.0,8.0,1.0352788359355787,22.0,636.0,56320.0,28.034353356272547,0.36084068280953785,0.9997340877596267
618,29.0,9.0,0.7711773515590139,13.0,588.0,52413.0,39.16656173646427,0.2961432465970254,0.9998608125442775
619,29.0,10.0,0.8128881048226577,13.0,740.0,46044.0,52.54145484529888,0.36893342113377914,0.9998316139183927
620,29.0,11.0,0.9876872363003277,21.0,612.0,51790.0,29.55549867606989,0.3629283892332912,0.7934481095550018
621,29.0,12.0,0.9996504955851502,12.0,608.0,45173.0,73.52349242778119,0.30627044475811194,0.9997465600437899
622,29.0,13.0,0.8400979059697766,22.0,484.0,56172.0,19.150764301837313,0.31229832801621416,0.9997383569909118
623,29.0,14.0,0.6722954939439119,12.0,457.0,41338.0,45.61099302504726,0.2680674472065335,0.8006244473273953
624,29.0,15.0,1.0602280919850133,17.0,600.0,54109.0,34.833272277885534,0.37341988292204364,0.9998284080635345
625,29.0,16.0,1.0670184551016937,19.0,673.0,54406.0,35.799938474185936,0.35489294004106575,0.9999057863854286
626,29.0,17.0,0.9862279473758268,15.0,675.0,51979.0,44.26378511023156,0.36283509675134895,0.9998604703857761
627,29.0,18.0,0.5430293957000734,11.0,489.0,50087.0,42.437407370039395,0.2725138783726746,0.8341094793487287
628,29.0,19.0,0.635421337910054,16.0,425.0,47252.0,31.388764815407793,0.2696462078897889,0.5897728269654305
629,29.0,20.0,1.0025963706915317,25.0,568.0,55248.0,25.58129658307657,0.36363152150247746,0.9998132633292123
630,30.0,0.0,0.9466048440017198,14.0,576.0,60917.0,38.95704379012606,0.3539723211644722,0.9484923889966743
631,30.0,1.0,0.6668781544907971,19.0,412.0,60922.0,25.333235556025183,0.2717832571192127,0.6432868452646943
632,30.0,2.0,1.0814751548229224,15.0,687.0,60918.0,49.20940350418348,0.35723811093085567,0.9997443926341206
633,30.0,3.0,0.9029002901761838,15.0,611.0,60918.0,37.76380438100773,0.35652996515111735,0.9998009350795141
634,30.0,4.0,0.9825342487822977,22.0,721.0,60925.0,34.343381145786715,0.38343617565409804,0.9998338485968161
635,30.0,5.0,0.6798495093125304,18.0,422.0,60921.0,19.772446847782838,0.27556422817032666,0.7816022349844165
636,30.0,6.0,0.9282757567481759,16.0,619.0,60919.0,42.84985994225807,0.3488976254071666,0.9997324240986871
637,30.0,7.0,0.9923704857707354,20.0,518.0,60923.0,26.038842771389522,0.32990389033831813,0.7308005024441835
638,30.0,8.0,1.0247785600130472,15.0,563.0,60918.0,38.13879832200035,0.3538457242108404,0.9998430243839292
639,30.0,9.0,0.9134537538551619,22.0,591.0,60925.0,24.88885092599402,0.35306849986129907,0.9996691449358784
640,30.0,10.0,0.9339284818021965,12.0,602.0,60915.0,55.51082779491304,0.3477658493117951,0.9997158911600491
641,30.0,11.0,0.9968690679478387,18.0,673.0,60921.0,36.20311494900447,0.3492296814534651,0.9997369523556333
642,30.0,12.0,1.0200798553989654,16.0,470.0,60919.0,33.16657516695261,0.3211132123104501,0.6855758434116738
643,30.0,13.0,0.7980496054398023,12.0,476.0,60915.0,49.98113678293827,0.30019308443104453,0.6893265225147631
644,30.0,14.0,0.6916876819485249,8.0,685.0,60911.0,85.62478593803516,0.341957855760593,0.7951528875221014
645,30.0,15.0,0.9693465738448126,21.0,542.0,60924.0,34.39432916808267,0.35434281915592436,0.9857324336574332
646,30.0,16.0,0.7791298481182252,15.0,464.0,60918.0,35.060469187977255,0.3081869327108758,0.9997835764932541
647,30.0,17.0,1.02936532585786,21.0,655.0,60924.0,30.944927646699412,0.3664130748608305,0.9999174120792454
648,30.0,18.0,0.9086535442028765,10.0,576.0,60913.0,61.027581783042145,0.31670220517830616,0.9999139428869974
649,30.0,19.0,1.0369114238107946,12.0,574.0,60915.0,46.8221021151381,0.33685003950453085,0.7437573557641556
650,30.0,20.0,0.9516973974241778,21.0,614.0,59558.0,29.702719840195158,0.35996124771893334,0.9998822681910052
651,31.0,0.0,0.9898378574342122,23.0,653.0,53620.0,30.152326931744387,0.38095963894851814,0.9997073502454357
652,31.0,1.0,0.9686534440217189,25.0,683.0,53622.0,26.355731557327445,0.3746786780572494,0.999931485482958
653,31.0,2.0,0.8843921705936688,12.0,429.0,53609.0,32.66657486143391,0.30648348079950505,0.6512573672282937
654,31.0,3.0,0.8987141523383626,12.0,525.0,53609.0,39.7998964003272,0.276667726723164,0.633327818454579
655,31.0,4.0,0.6710969297117138,13.0,607.0,53610.0,46.93742332825684,0.3421325303377124,0.957909475046579
656,31.0,5.0,0.9665304154694656,17.0,696.0,53614.0,44.339157484574876,0.36849025212098196,0.9997719559418711
657,31.0,6.0,1.0239355736627578,20.0,633.0,53617.0,30.748762925286325,0.3794561263906697,0.9998212009030268
658,31.0,7.0,0.9502239200920937,10.0,655.0,53607.0,80.49947250465318,0.3486319357239651,0.9998385242746787
659,31.0,8.0,0.6898238815745166,13.0,675.0,53610.0,43.333241146043626,0.3551618553792282,0.9999051093866043
660,31.0,9.0,0.7912835917047332,18.0,546.0,53615.0,27.944376018754358,0.33875715163752074,0.9999136754231045
661,31.0,10.0,0.8322559276668304,19.0,514.0,53616.0,26.05043800148714,0.32722158635761656,0.9998461152041176
662,31.0,11.0,0.6476246459591363,19.0,400.0,53616.0,19.76917203674186,0.26169598818530915,0.7106198060730661
663,31.0,12.0,0.5215084978405019,12.0,434.0,53609.0,30.206258779653638,0.27628989431121675,0.8092234073685877
664,31.0,13.0,0.8880338859128347,16.0,597.0,53613.0,35.0091809544275,0.3517400803428352,0.9997318297447245
665,31.0,14.0,1.0345784858762785,17.0,627.0,53614.0,39.82530670469907,0.36826734476142253,0.9997109520512497
666,31.0,15.0,0.8214501209612728,8.0,695.0,53605.0,83.4441351863716,0.31811664494793257,0.9998146014820427
667,31.0,16.0,1.0814057571926456,18.0,652.0,53615.0,41.90730729451901,0.3560688917210769,0.9997771837956617
668,31.0,17.0,0.7737927235563677,17.0,544.0,53614.0,30.833261416872404,0.32159079978172445,0.8164971121525623
669,31.0,18.0,0.7763673963531326,14.0,584.0,53611.0,34.1427597171545,0.3496207069831735,0.9997651285643773
670,31.0,19.0,1.0387918454413256,16.0,689.0,53613.0,75.33873492977305,0.3666408268183239,0.999936081026852
671,31.0,20.0,0.6296188921579042,14.0,553.0,52284.0,39.499943571509185,0.3354148509151571,0.9997821030963393
672,32.0,0.0,0.9106229867699476,7.0,665.0,54729.0,94.58275979619839,0.3411935896293703,0.9998622850712611
673,32.0,1.0,0.9826477175022128,21.0,690.0,54743.0,31.322175907480954,0.3637851340192533,0.999801893783648
674,32.0,2.0,0.9562978258324029,17.0,619.0,54739.0,39.2827241539805,0.34647762036468843,0.9998065538581039
675,32.0,3.0,0.9592450002879305,18.0,664.0,54740.0,60.34805991450168,0.38016543917392986,0.9999024525554465
676,32.0,4.0,0.941631530959468,15.0,616.0,54737.0,40.88878321019479,0.35035114226040975,0.9998318670547801
677,32.0,5.0,0.6860723487841012,17.0,606.0,54739.0,36.02138437658648,0.33014519572343104,0.9021616092588346
678,32.0,6.0,0.8378587801293325,14.0,547.0,54736.0,34.66658375023559,0.31502686970205684,0.9998106528864689
679,32.0,7.0,1.0259100909586447,16.0,531.0,54738.0,33.40468911772011,0.3400429236883312,0.7206942489633126
680,32.0,8.0,0.961973824782232,23.0,612.0,54745.0,41.60687622063008,0.3624969613417133,0.999877676194228
681,32.0,9.0,0.9361862426121501,12.0,623.0,54734.0,49.972071921857385,0.368406441084968,0.9997562437583859
682,32.0,10.0,0.8020226722326521,16.0,541.0,54738.0,29.708278281363608,0.3072860817529339,0.6416676109932817
683,32.0,11.0,0.9898209877187472,14.0,612.0,54736.0,43.349906925202085,0.33964328114023445,0.7439564615369718
684,32.0,12.0,0.9370461272125732,20.0,579.0,54742.0,30.62172589474606,0.34969184546528675,0.9996967040857754
685,32.0,13.0,1.0832018814314004,15.0,762.0,54737.0,55.03478741502016,0.36213270040448564,0.9998204913761826
686,32.0,14.0,1.0820725640167257,16.0,523.0,54738.0,35.69832773265756,0.3281360943046928,0.7565285497926515
687,32.0,15.0,1.0779956600269212,15.0,760.0,54737.0,61.04741580584541,0.36621616984699756,0.9997399289137268
688,32.0,16.0,1.039011046927203,18.0,501.0,54740.0,30.544373352046904,0.32202455216126546,0.7068067515032513
689,32.0,17.0,0.8945351519404665,14.0,508.0,54736.0,36.316587908506165,0.2968002087848657,0.6574161423203038
690,32.0,18.0,0.9336189525338657,19.0,616.0,54741.0,33.22214745390641,0.3626578548526427,0.9997994295149178
691,32.0,19.0,1.0307911632576974,17.0,650.0,54739.0,37.43326290430932,0.37489344790941204,0.9998725966277516
692,32.0,20.0,0.9831021344934012,14.0,676.0,53523.0,57.36171890278202,0.3673343371386093,0.999792388183892
693,33.0,0.0,0.919315009771537,11.0,567.0,52106.0,51.27754287213548,0.3486089017163837,0.9660010323797683
694,33.0,1.0,0.643105535479057,19.0,577.0,52114.0,29.602241597399278,0.3236739923335684,0.999821240676732
695,33.0,2.0,1.0453247745700893,23.0,627.0,52118.0,27.133295363020796,0.3611832790033882,0.9997783557939751
696,33.0,3.0,0.687120495661101,13.0,620.0,52108.0,48.38087644002917,0.33564106188901444,0.9016012541578007
697,33.0,4.0,0.9261600722618542,27.0,579.0,52122.0,21.163857074830194,0.3610510696555598,0.9998782127897075
698,33.0,5.0,0.839284982615228,17.0,592.0,52112.0,32.244373663154285,0.36484625721713404,0.9997718317740147
699,33.0,6.0,1.0000192845381257,12.0,664.0,52107.0,57.19425835721854,0.35280819218759574,0.9998883617156695
700,33.0,7.0,0.9631369956396478,19.0,580.0,52114.0,32.63881224558494,0.3453197000333439,0.99966475839469
701,33.0,8.0,0.8311200469497498,23.0,611.0,52118.0,26.58322732035914,0.3431251330225319,0.9898622791525048
702,33.0,9.0,0.7694005873368719,16.0,560.0,52111.0,31.116585425301555,0.2981455755896867,0.7585819206387828
703,33.0,10.0,0.8633631885962005,25.0,563.0,52120.0,20.05156368625504,0.3524028626392285,0.9998835702715074
704,33.0,11.0,0.9812213605573288,20.0,608.0,52115.0,33.17669326543498,0.35450067827282483,0.9997265975233445
705,33.0,12.0,0.918203855993952,12.0,664.0,52107.0,53.642684677548665,0.3612486894727307,0.9997192423708494
706,33.0,13.0,1.020077881073935,14.0,555.0,52109.0,41.38877627349185,0.3378967013453831,0.6979910826440165
707,33.0,14.0,0.980853098483418,19.0,510.0,52114.0,26.716617141770246,0.31501259202734655,0.6758091340548911
708,33.0,15.0,0.8727676857528605,11.0,589.0,52106.0,59.777431345578634,0.32514982080902866,0.9997568863453858
709,33.0,16.0,0.6181784868485144,13.0,452.0,52108.0,39.466397202499444,0.2673223459716014,0.6896509170400738
710,33.0,17.0,0.9232580922705644,17.0,600.0,52112.0,36.444350437998814,0.35448877171732573,0.9997972200801137
711,33.0,18.0,0.9451870395752955,17.0,612.0,52112.0,33.54993946261913,0.35005789517225483,0.9998813414430481
712,33.0,19.0,0.6547407145377158,12.0,483.0,52107.0,41.1249212501668,0.32657434112562933,0.9998280825368739
713,33.0,20.0,0.8436311583925988,13.0,511.0,50719.0,42.851625721998566,0.3243476039168418,0.9997555258610357
714,34.0,0.0,0.9993656931983878,11.0,651.0,58785.0,80.26929951351848,0.35093654246468486,0.762095031714392
715,34.0,1.0,1.0971723497731765,16.0,507.0,58790.0,33.63564401698964,0.3382172062153279,0.7726444079153415
716,34.0,2.0,0.9206639989500871,17.0,545.0,58791.0,59.118616823557,0.35718877081239886,0.999833199707638
717,34.0,3.0,0.9549439544287384,9.0,664.0,58783.0,69.4997623620015,0.36771697571571127,0.999717867734848
718,34.0,4.0,1.0073070362703873,17.0,617.0,58791.0,35.233267179301244,0.3679584308892364,0.9997626250754483
719,34.0,5.0,0.603781043793274,9.0,514.0,58783.0,55.33319944480648,0.2622278534459016,0.9997681049420023
720,34.0,6.0,0.6522322264179186,15.0,528.0,58789.0,106.60618921863976,0.30905324863229233,0.8786324824339689
721,34.0,7.0,0.6493767431581939,14.0,555.0,58788.0,42.44992080017108,0.32664587104678133,0.9997906327191375
722,34.0,8.0,1.00783790079603,14.0,496.0,58788.0,34.32214592981348,0.3440035626431922,0.7390023845314023
723,34.0,9.0,0.5771383560053656,15.0,538.0,58789.0,58.33285083807426,0.2740872234841719,0.9997521638598708
724,34.0,10.0,0.9804402327842744,12.0,641.0,58786.0,53.24983409785688,0.3559383535813191,0.9998185602778793
725,34.0,11.0,0.9797564432349615,11.0,545.0,58785.0,50.27763588003839,0.3028554359506873,0.6687747575570692
726,34.0,12.0,0.9320738963505719,13.0,532.0,58787.0,38.920534029017695,0.31966667125521064,0.8766549975117363
727,34.0,13.0,0.954776621962226,14.0,591.0,58788.0,71.16614780765157,0.3449923066836693,0.999703241995434
728,34.0,14.0,0.4390076495914448,7.0,401.0,58781.0,43.799741735556516,0.2398965606415785,0.6608872068482808
729,34.0,15.0,0.6007684150358609,17.0,520.0,58791.0,38.21419294246139,0.3154997882781776,0.9998159533076854
730,34.0,16.0,0.9811670464648989,17.0,566.0,58791.0,34.083254402991514,0.34063487341991305,0.9997271781426842
731,34.0,17.0,0.7170171684369439,14.0,561.0,58788.0,37.34983436385493,0.29519017563848804,0.9997590975486618
732,34.0,18.0,0.9192420203668541,13.0,573.0,58787.0,44.40263259896627,0.33376468842839,0.9997072370263734
733,34.0,19.0,1.0167750171567946,19.0,566.0,58793.0,28.647176956787337,0.34599153186532294,0.9997614424121304
734,34.0,20.0,1.0513096437432348,23.0,643.0,57621.0,29.306769782722302,0.35409330907492775,0.9997518020923762
735,35.0,0.0,0.847619339922407,21.0,566.0,53353.0,23.163856140568033,0.3284365671840105,0.9431204895379077
736,35.0,1.0,1.0057432973085012,11.0,712.0,53343.0,66.66643500093888,0.3491683699825042,0.9998269704008302
737,35.0,2.0,0.8295760318989899,12.0,729.0,53344.0,71.44408654556308,0.3558380754241146,0.9997776173814764
738,35.0,3.0,0.7230489712730435,15.0,453.0,53347.0,26.288815081764795,0.27021687210351464,0.743268763746128
739,35.0,4.0,1.0596148352361023,18.0,564.0,53350.0,31.94438509271252,0.3680347050320246,0.9998510815516266
740,35.0,5.0,0.6227031523043187,15.0,515.0,53347.0,33.849949950082454,0.3109106596000488,0.8786428507571908
741,35.0,6.0,1.0638339896729603,16.0,579.0,53348.0,35.914215294022455,0.3727447343089849,0.9998145283933514
742,35.0,7.0,0.7535990508991908,15.0,461.0,53347.0,30.232211237295058,0.28905726159724676,0.5999634383790425
743,35.0,8.0,0.890493036317753,16.0,460.0,53348.0,29.47214968385106,0.28265301969739254,0.6315059657093911
744,35.0,9.0,0.9264690173109494,17.0,654.0,53349.0,37.17029072942476,0.3501177898248783,0.9998468468251499
745,35.0,10.0,0.9386631533393138,21.0,621.0,53353.0,28.070657405774387,0.349401933452677,0.9997791105235407
746,35.0,11.0,0.8370254321476874,11.0,626.0,53343.0,60.76155669229147,0.33861720617773716,0.9998616695891622
747,35.0,12.0,0.950731553833092,13.0,565.0,53345.0,43.083202768359065,0.35271675190977003,0.9997205291051355
748,35.0,13.0,0.6338214220878542,12.0,695.0,53344.0,51.55543726879657,0.29736658034490604,0.7431088430938907
749,35.0,14.0,0.9671152481576958,18.0,605.0,53350.0,47.853238107268716,0.35164227546330007,0.9996870742476698
750,35.0,15.0,0.8959487642087098,18.0,513.0,53350.0,31.08323756983779,0.34392396731226205,0.9997733334675032
751,35.0,16.0,0.9263838892542096,12.0,664.0,53344.0,53.36097917163149,0.3586377733242767,0.9998217873958197
752,35.0,17.0,0.6950639217662231,15.0,472.0,53347.0,24.266624508422808,0.27854608378344325,0.5959518625262944
753,35.0,18.0,0.988436808656774,12.0,635.0,53344.0,55.083151736839646,0.3682623738599283,0.9998900340284487
754,35.0,19.0,0.731689119518478,21.0,494.0,53353.0,20.460278117068878,0.2934657165872404,0.9997905694012543
755,35.0,20.0,0.6678073605599983,18.0,629.0,52101.0,26.961069665813238,0.34212964094039655,0.9997270606987588
756,36.0,0.0,1.0180721387071376,16.0,601.0,44347.0,36.89674767403742,0.3739418816238834,0.9996968321620032
757,36.0,1.0,0.5657283074540995,9.0,482.0,44340.0,56.21409648040681,0.27448800973587917,0.6112182581863824
758,36.0,2.0,0.9825801653427113,16.0,540.0,44347.0,41.69430075294497,0.3477439617181597,0.9998434506768302
759,36.0,3.0,0.965248181788932,11.0,582.0,44342.0,58.91646229247302,0.3559859664639543,0.9998588087047189
760,36.0,4.0,0.9059291265856968,16.0,510.0,44347.0,31.02374883516069,0.3121294173327639,0.6521912587165903
761,36.0,5.0,0.8306168942851797,10.0,475.0,44341.0,44.88867092758116,0.29444658678413815,0.6208243711572097
762,36.0,6.0,0.9831763380648961,16.0,598.0,44347.0,37.34250620136297,0.3530028614576781,0.9998328208111967
763,36.0,7.0,0.9419390471334677,19.0,590.0,44350.0,29.09994968343196,0.36254653618310306,0.9998253959987456
764,36.0,8.0,1.022944692453698,21.0,693.0,44352.0,35.002706831899054,0.3639407864807088,0.9997365038963978
765,36.0,9.0,0.9644514854158754,15.0,676.0,44346.0,43.49990208358195,0.35885735426445675,0.9999362372972076
766,36.0,10.0,0.9907693601154479,19.0,638.0,44350.0,33.944374722400404,0.3687182779897964,0.9998958211264887
767,36.0,11.0,0.8748989647859208,17.0,551.0,44348.0,35.166555417111226,0.32883139790194027,0.9999158963294884
768,36.0,12.0,0.98272834291084,11.0,765.0,44342.0,71.91645965338604,0.3781785918031274,0.8331022234342971
769,36.0,13.0,0.9941241105850975,11.0,528.0,44342.0,62.63451380552805,0.32702490457047395,0.9551618419194743
770,36.0,14.0,0.691100759895263,11.0,688.0,44342.0,68.74985276819002,0.323086856171112,0.8142776720085394
771,36.0,15.0,0.9013390830869819,6.0,582.0,44337.0,105.44370241370025,0.32122158613315843,0.9998549222901176
772,36.0,16.0,1.0724236704965042,13.0,557.0,44344.0,42.911006029903994,0.3414119036211316,0.7402717001816028
773,36.0,17.0,1.0068525971777376,19.0,593.0,44350.0,30.166618611190927,0.3446855032876398,0.9998845829878509
774,36.0,18.0,0.6074727037823419,14.0,581.0,44345.0,41.94992580015483,0.31885231767703626,0.8589657944641214
775,36.0,19.0,1.0014672761921506,16.0,631.0,44347.0,69.19948647154881,0.36800148106782915,0.9997682862888138
776,36.0,20.0,0.6468055143117816,10.0,533.0,42870.0,68.18724039182138,0.2944973674290733,0.8254280410351066
777,37.0,0.0,0.9850871330641613,16.0,652.0,60677.0,59.39961567019683,0.3602311183853595,0.9997276408208082
778,37.0,1.0,1.0022622939382988,12.0,583.0,60673.0,75.07723616430599,0.3495571837673652,0.9997855861083323
779,37.0,2.0,0.9052663265053352,23.0,511.0,60684.0,21.305212267756435,0.3637369190403247,0.9997095142822214
780,37.0,3.0,0.8823856235271668,21.0,469.0,60682.0,21.499103090792175,0.31196903848079194,0.6527385401862502
781,37.0,4.0,0.8821591944499856,15.0,559.0,60676.0,40.49979673785916,0.35631916597058666,0.9997578411708903
782,37.0,5.0,0.8394854726609798,14.0,578.0,60675.0,41.134736806105586,0.3520633403488238,0.9998176363369642
783,37.0,6.0,1.0456006369553392,22.0,540.0,60683.0,28.559767468386408,0.34832377936409775,0.9996964471837361
784,37.0,7.0,0.8665550876833561,12.0,710.0,60673.0,52.30542511612186,0.36006599076868495,0.9998381292045841
785,37.0,8.0,1.0283080699556766,14.0,676.0,60675.0,48.440360174623144,0.35183157315570035,0.9997785777946502
786,37.0,9.0,0.7737366866490737,22.0,536.0,60683.0,24.66656040908211,0.34382849060703424,0.9997621797538226
787,37.0,10.0,0.8310919058299094,15.0,570.0,60676.0,32.72493214393372,0.33840059402619815,0.9998232168094924
788,37.0,11.0,1.0434633580853423,23.0,595.0,60684.0,25.30552231871789,0.3562950630881322,0.9998286260602061
789,37.0,12.0,0.972484313048354,20.0,439.0,60681.0,21.645416539056033,0.2999347143010561,0.6666465033899327
790,37.0,13.0,0.6610677907790049,14.0,647.0,60675.0,58.742273062905966,0.33722754124200505,0.9997175076980874
791,37.0,14.0,0.8727792722508573,12.0,608.0,60673.0,48.96654576141665,0.3568092340459541,0.9997083720344355
792,37.0,15.0,0.8814122231696901,20.0,602.0,60681.0,27.44810790829371,0.3540456813290803,0.9999326595184422
793,37.0,16.0,0.9890279297279323,19.0,469.0,60680.0,23.592553934224224,0.3446691828966465,0.728698579850597
794,37.0,17.0,1.0187088109030304,17.0,633.0,60678.0,38.527692696982704,0.352342915654687,0.9997209646435784
795,37.0,18.0,0.8945716409696436,10.0,577.0,60671.0,56.44424663043335,0.326011246705879,0.9997546502982124
796,37.0,19.0,0.7357505400784781,15.0,663.0,60676.0,37.74990062547843,0.33833203711011084,0.9997354484789371
797,37.0,20.0,1.0243548558892401,21.0,647.0,59428.0,31.254996798965482,0.3627502150822146,0.9998286057237333
798,38.0,0.0,0.6217086981387978,8.0,632.0,56857.0,58.166502917137144,0.3274231785539419,0.9672060587470876
799,38.0,1.0,1.0688923534611043,17.0,580.0,56866.0,33.75549622973464,0.34568585645956096,0.9998383866063147
800,38.0,2.0,0.9353890064404273,11.0,656.0,56860.0,66.50757345718745,0.35062057387169876,0.9997625038485072
801,38.0,3.0,1.0924700698861354,16.0,580.0,56865.0,39.0094413008617,0.3261161319595125,0.807525019946021
802,38.0,4.0,0.6245117269358205,6.0,710.0,56855.0,116.87456718928516,0.3127163411367957,0.7153476932390984
803,38.0,5.0,0.9206904111875622,12.0,643.0,56861.0,62.263539210055285,0.36424184534410553,0.9997514176231794
804,38.0,6.0,1.0080867489954721,19.0,645.0,56868.0,56.19961167869095,0.37309295990190205,0.9998622318621827
805,38.0,7.0,1.0656635338909186,14.0,623.0,56863.0,50.956974980964596,0.353256539152211,0.9997438713611323
806,38.0,8.0,0.977225306774682,16.0,672.0,56865.0,53.43421818408323,0.36067213049298474,0.9997580515547658
807,38.0,9.0,0.9185294775006189,20.0,578.0,56869.0,27.474695528134088,0.3717320897373504,0.9997520897706463
808,38.0,10.0,0.6416295119573826,18.0,452.0,56867.0,25.277653559221434,0.28826229540802883,0.9999137913643108
809,38.0,11.0,0.7763592655648617,13.0,618.0,56862.0,46.19428980390078,0.3275289162931575,0.9998664974744012
810,38.0,12.0,1.0352393722253779,10.0,724.0,56859.0,103.7136070802946,0.3307650154091524,0.9997907310444941
811,38.0,13.0,0.6764515882399535,15.0,675.0,56864.0,33.666615347301764,0.3105218897562346,0.8280982123556595
812,38.0,14.0,1.0443706729679911,19.0,641.0,56868.0,33.68565983954621,0.3769716023921792,0.9997594517374327
813,38.0,15.0,1.0108711957251089,12.0,666.0,56861.0,54.11096388932438,0.3452152500788579,0.9999279956188675
814,38.0,16.0,0.983811894358316,26.0,610.0,56875.0,22.50317631728844,0.37069154293879114,0.999823788320373
815,38.0,17.0,0.819844539698136,12.0,653.0,56861.0,49.55932113668044,0.3574712059238524,0.9998720122804328
816,38.0,18.0,0.9759918759217843,13.0,550.0,56862.0,51.84731538226768,0.3544642566624726,0.9997637524173943
817,38.0,19.0,0.9688796185392026,11.0,693.0,56860.0,64.4997912044625,0.36020826947185436,0.9997655407430308
818,38.0,20.0,0.6775603114243323,14.0,636.0,55586.0,45.428506530704965,0.3229594507863386,0.9808431446305453
819,39.0,0.0,0.639107503363076,14.0,528.0,50859.0,37.24438723960138,0.31694938579304843,0.8786169332862269
820,39.0,1.0,0.632335980884971,18.0,620.0,52017.0,23.566638957176483,0.3331994755539498,0.8784710159362543
821,39.0,2.0,0.9866654854493958,17.0,589.0,47833.0,33.88882100545289,0.3086495292344932,0.8053569784860246
822,39.0,3.0,0.9618900837589448,17.0,558.0,51399.0,45.416388231731354,0.35355061632817897,0.999720174579745
823,39.0,4.0,0.9020121547510203,14.0,627.0,46738.0,47.3414577245507,0.32689813954682156,0.9319003860154433
824,39.0,5.0,1.0621073653991147,22.0,571.0,56741.0,26.522183218578324,0.3591527743997248,0.9998138945936816
825,39.0,6.0,0.6892248412147994,12.0,531.0,44011.0,134.1351417063256,0.3212337492793421,0.9933492558744285
826,39.0,7.0,0.8908458601699907,11.0,649.0,55682.0,93.36957329999996,0.32885035969615917,0.9999110765016345
827,39.0,8.0,0.985783595589278,20.0,644.0,59631.0,37.82489122753329,0.36119664141609753,0.9998510924239589
828,39.0,9.0,0.6223625667176321,19.0,538.0,56804.0,19.229415567575,0.3408904364001314,0.9998308795094814
829,39.0,10.0,-0.0,12.0,418.0,44796.0,18.99998272728843,0.18180218138466353,0.7719936532656411
830,39.0,11.0,0.9968533092922331,19.0,690.0,56011.0,39.56933483647842,0.35260935706603125,0.9997715515895192
831,39.0,12.0,1.0118642073822035,17.0,640.0,56143.0,36.766602966777675,0.34920065751963214,0.9998753506534797
832,39.0,13.0,0.7256965908838808,10.0,562.0,51090.0,61.79963956973959,0.307551694354973,0.9998151638234213
833,39.0,14.0,0.8297728480660258,17.0,522.0,52427.0,26.503655766359213,0.30569784499704467,0.999765545329347
834,39.0,15.0,0.665326779125538,6.0,575.0,42623.0,145.49882901114188,0.3027761701366172,0.8786154675807651
835,39.0,16.0,0.9657421970922982,12.0,579.0,54308.0,45.244334752127884,0.3252764663510548,0.9996930138642437
836,39.0,17.0,0.9168043092501359,20.0,418.0,52164.0,19.722185530391005,0.30090207753388887,0.6333362589148183
837,39.0,18.0,0.902127035218649,9.0,656.0,52831.0,68.16636125211353,0.36154226275997325,0.9997558630214858
838,39.0,19.0,1.0070855812467667,14.0,580.0,50361.0,43.888757407918206,0.3436593316005787,0.784438127838927
839,39.0,20.0,0.6930793497566832,19.0,601.0,50082.0,22.259234526776453,0.3239658243411615,0.8986926685481854
840,40.0,0.0,1.0312093381064495,21.0,633.0,59676.0,31.628518223569756,0.35582702924383847,0.8837870903489244
841,40.0,1.0,0.9935454449315273,30.0,501.0,59685.0,17.157123595715337,0.3386402229273455,0.7556729192325212
842,40.0,2.0,1.0386240364832768,19.0,554.0,59674.0,30.097161221219,0.3273443157282345,0.7821479229666456
843,40.0,3.0,1.0470809020874687,12.0,540.0,59667.0,75.51054090907603,0.31171231695742097,0.6981842378886455
844,40.0,4.0,1.066102698348748,20.0,623.0,59675.0,31.555506782483928,0.3669952119833144,0.9998446968297776
845,40.0,5.0,0.7874676092239024,14.0,543.0,59669.0,53.19962380351283,0.31101269311024493,0.9997725053832098
846,40.0,6.0,1.0445935842309555,18.0,669.0,59673.0,36.20787662315464,0.36939586866829566,0.9997344830012692
847,40.0,7.0,0.9969530724557374,16.0,636.0,59671.0,39.61102554254338,0.3602240571347689,0.9997846650765622
848,40.0,8.0,1.0627824941583708,13.0,563.0,59668.0,100.75152685724287,0.35734013822439736,0.999836647119082
849,40.0,9.0,0.9288570782045694,22.0,462.0,59677.0,21.61663021673932,0.3130093164277651,0.6729489746627575
850,40.0,10.0,0.9920692392231869,12.0,589.0,59667.0,48.266525133841405,0.3561808698752609,0.9997794655097986
851,40.0,11.0,0.6858586946891403,16.0,680.0,59671.0,43.82533949113173,0.32942984273853304,0.9216900996644308
852,40.0,12.0,0.9771994634333461,15.0,527.0,59670.0,44.97011542774835,0.3326296785849444,0.9997507062121647
853,40.0,13.0,1.0052075339190836,13.0,671.0,59668.0,49.944324954008756,0.34820704919454526,0.9998250658562737
854,40.0,14.0,0.926353750607638,17.0,619.0,59672.0,44.45809109591945,0.33630527756224193,0.9563019255334797
855,40.0,15.0,0.8943705639473591,18.0,611.0,59673.0,31.699928966905475,0.34361561607733715,0.9997575390145035
856,40.0,16.0,1.06585090630494,13.0,516.0,59668.0,42.99988314848704,0.31428659933037706,0.755033428820363
857,40.0,17.0,0.5724565637016641,9.0,663.0,59664.0,55.94425564894058,0.3116672921292568,0.9996229427894635
858,40.0,18.0,1.0290042886142017,15.0,715.0,59670.0,46.022131113148134,0.35314129361840074,0.9997602351075527
859,40.0,19.0,0.7722072219103149,9.0,592.0,59664.0,55.733148089700855,0.34974277154570876,0.9131903922032133
860,40.0,20.0,0.9756187486567358,14.0,672.0,58327.0,49.874864739995466,0.3513514769209497,0.9997842895912351
861,41.0,0.0,0.936284441990217,17.0,619.0,59752.0,37.022134570616785,0.3690582422960298,0.9999255227810885
862,41.0,1.0,1.017321748352071,12.0,578.0,59747.0,77.62907708298654,0.33412270876554273,0.9996572300520739
863,41.0,2.0,0.8726472374847418,18.0,568.0,59753.0,31.248400550189768,0.34759483268236746,0.9998529810010715
864,41.0,3.0,1.0189119069075387,18.0,574.0,59753.0,30.833279479268967,0.35035166251108374,0.7406911308386792
865,41.0,4.0,0.9197138918423341,18.0,564.0,59753.0,31.03023330597452,0.3453255963409755,0.9997840159365621
866,41.0,5.0,1.0508833282894183,12.0,653.0,59747.0,57.38870490811265,0.354065687492222,0.9997135707041869
867,41.0,6.0,0.9382021464006398,11.0,588.0,59746.0,50.1776408300255,0.33011525084969995,0.9998276088422529
868,41.0,7.0,1.0215077559178927,12.0,678.0,59747.0,74.11065248553827,0.37372686808998135,0.9997443209813526
869,41.0,8.0,1.0643277054929605,14.0,577.0,59749.0,40.616580058519986,0.34266804481438384,0.7911087121111428
870,41.0,9.0,1.0110674148443164,12.0,672.0,59747.0,63.63865956116305,0.36329124661451706,0.9997763782365987
871,41.0,10.0,1.0787633010098545,18.0,536.0,59753.0,34.91102614097906,0.3293796290634309,0.7347244333577789
872,41.0,11.0,0.8893082640469698,20.0,580.0,59755.0,29.544388735307862,0.3521148008191053,0.9997861905106169
873,41.0,12.0,1.0382684833969864,20.0,606.0,59755.0,34.43114994335017,0.35581804443644194,0.9998988745624278
874,41.0,13.0,0.9762911325502871,9.0,646.0,59744.0,86.49949305931155,0.33929209658065373,0.9995772153973227
875,41.0,14.0,0.6815687025194098,11.0,665.0,59746.0,60.11655707242369,0.32743152423809896,0.9846088477182572
876,41.0,15.0,1.0154764365913949,22.0,623.0,59757.0,28.86106457570516,0.37377299194496194,0.9997535563829409
877,41.0,16.0,1.0600074342034307,16.0,631.0,59751.0,41.43562786940671,0.346587480913653,0.9998133462385228
878,41.0,17.0,1.0178260621752728,17.0,588.0,59752.0,39.22210246963131,0.349285826236174,0.7633131652130346
879,41.0,18.0,1.0082087719206865,16.0,590.0,59751.0,37.40269279304874,0.3220861037360393,0.8462896148934875
880,41.0,19.0,0.8893577753565172,19.0,643.0,59754.0,30.588837077884836,0.3459894802003587,0.9997801633476981
881,41.0,20.0,0.9481145267834732,20.0,621.0,58478.0,31.466588741967666,0.3599682495576262,0.9997222339043933
882,42.0,0.0,0.8920670411391571,20.0,496.0,62927.0,41.46637858046426,0.3250194007174736,0.9998484050059875
883,42.0,1.0,1.0328472066685377,17.0,675.0,62924.0,38.6269140912158,0.36937238479787415,0.9998235496508432
884,42.0,2.0,1.0463321394975666,17.0,615.0,62924.0,37.54621765707269,0.3542622614498101,0.9998437038579487
885,42.0,3.0,1.0488909152453987,17.0,518.0,62924.0,32.09516748317662,0.3303391619595297,0.706009903020495
886,42.0,4.0,1.0074467560886706,10.0,505.0,62917.0,68.28286422922953,0.3058843273263677,0.6778443153232614
887,42.0,5.0,0.9618099751177677,20.0,602.0,62927.0,29.171242790122346,0.34259516497705644,0.9998458376668606
888,42.0,6.0,0.46989255052188406,11.0,486.0,62918.0,39.43742049499174,0.2696469179789419,0.9999168589224209
889,42.0,7.0,0.9416529993094807,29.0,676.0,62936.0,29.759169990110248,0.3507991423599196,0.99979439990811
890,42.0,8.0,0.8740509937581313,10.0,681.0,62917.0,87.56628447956483,0.3351816460184891,0.920038781826837
891,42.0,9.0,0.9643079736057913,13.0,618.0,62920.0,45.93638728682592,0.3480928591374125,0.9998087843103057
892,42.0,10.0,1.0053977196221187,16.0,608.0,62923.0,39.77766689857409,0.3383861410989759,0.999658906090259
893,42.0,11.0,0.9929060226493376,11.0,727.0,62918.0,76.97179831367241,0.35386098202764127,0.999769117006871
894,42.0,12.0,1.0483113679322515,21.0,603.0,62928.0,32.63881840296468,0.3682134195890413,0.9998924287751834
895,42.0,13.0,0.6721054305358112,16.0,543.0,62923.0,25.299960300068506,0.3281193558190312,0.9998937974405221
896,42.0,14.0,0.7884336883829723,21.0,623.0,62928.0,24.82969229323977,0.3437698969914592,0.9997005658625867
897,42.0,15.0,0.7417614701203202,14.0,677.0,62921.0,38.833262500148614,0.3251937569356038,0.8424132181277909
898,42.0,16.0,0.6850459117793766,14.0,472.0,62921.0,30.75916202716117,0.29122784249199696,0.6653917068637983
899,42.0,17.0,0.9226125985855895,12.0,686.0,62919.0,68.45792818052169,0.35110756373286023,0.9998677181971081
900,42.0,18.0,0.6746565969693316,16.0,579.0,62923.0,36.74995025007142,0.3159871749680161,0.8761451852311279
901,42.0,19.0,0.6928767397383337,17.0,688.0,62924.0,33.648428659055455,0.3422144374903995,0.999822637146935
902,42.0,20.0,1.046439796667892,17.0,668.0,61781.0,39.936423794617156,0.3541456313134994,0.9997484088800227
903,43.0,0.0,0.7735531983515922,24.0,599.0,51316.0,22.27493855670309,0.3143019415402918,0.8408801786548218
904,43.0,1.0,1.0406879999065106,17.0,613.0,51309.0,36.87492066571166,0.34630053789478155,0.999875594699654
905,43.0,2.0,0.6861885523751865,18.0,628.0,51310.0,34.8624608094196,0.32154322844589933,0.9635162747898793
906,43.0,3.0,1.0603680504695259,17.0,653.0,51309.0,39.73007318993848,0.36221053844458106,0.9997703474040157
907,43.0,4.0,1.013933068826039,16.0,717.0,51308.0,44.96934795139223,0.36743417919509624,0.9998295890490686
908,43.0,5.0,0.6765016213619621,8.0,687.0,51300.0,65.05536689870652,0.3214860043188612,0.8789304590577434
909,43.0,6.0,1.07910601915248,18.0,655.0,51310.0,36.388828240841825,0.359593088212087,0.9997090354290564
910,43.0,7.0,0.9281880559505424,25.0,611.0,51317.0,22.160577973735673,0.34506514853560744,0.9998006679390118
911,43.0,8.0,0.9644972461928444,26.0,589.0,51318.0,29.75917871430617,0.3549101208951325,0.9998813390599515
912,43.0,9.0,0.9464422174221458,19.0,693.0,51311.0,37.60596510595866,0.3575760827716452,0.9999454677137839
913,43.0,10.0,0.9815098039857793,16.0,669.0,51308.0,40.08324936825972,0.34854209979802575,0.9997631273238271
914,43.0,11.0,0.9380829079099742,16.0,547.0,51308.0,35.1526782353458,0.31345314602842733,0.8116878983341742
915,43.0,12.0,0.9420533683488332,17.0,466.0,51309.0,25.341621514670788,0.32043408772341564,0.6682872929633032
916,43.0,13.0,0.9483833689164689,12.0,679.0,51304.0,60.144148250544816,0.363759880793614,0.999743598190701
917,43.0,14.0,0.8502645644493163,11.0,598.0,51303.0,60.37466557544614,0.3412665464865907,0.9998081733252452
918,43.0,15.0,0.6922848740299824,16.0,578.0,51308.0,36.88884107590062,0.3305190964929394,0.9872361559761816
919,43.0,16.0,1.0249872366140709,18.0,622.0,51310.0,33.716608920936714,0.3457169923579747,0.9998667306905056
920,43.0,17.0,1.0413170337582343,12.0,543.0,51304.0,48.89430577170634,0.3291802941738998,0.7370499077470283
921,43.0,18.0,1.0215439726246238,17.0,685.0,51309.0,39.23008738298017,0.3341649089970754,0.9997789807673281
922,43.0,19.0,1.0438103931580025,19.0,495.0,51311.0,27.999948456892252,0.3234979513327464,0.8022175604517532
923,43.0,20.0,1.0075292715233346,15.0,603.0,50216.0,41.65067687496844,0.34753167181611866,0.9997335124003405
924,44.0,0.0,1.0240163644701297,18.0,506.0,50850.0,27.499951145927994,0.34725001096193475,0.727082329894668
925,44.0,1.0,0.8906646713147213,26.0,701.0,50858.0,24.91530572781063,0.35263532313723545,0.9999362328868484
926,44.0,2.0,1.0729566483159605,24.0,493.0,50856.0,21.166636537084532,0.3179046178205792,0.8003263326036566
927,44.0,3.0,0.703081810233332,22.0,698.0,50854.0,24.85709210913916,0.34667171821326725,0.9997774172066712
928,44.0,4.0,0.9573581321068618,21.0,638.0,50853.0,28.814765514515685,0.3614492154589952,0.99978437234968
929,44.0,5.0,1.0521308169185817,18.0,658.0,50850.0,36.47215706031046,0.34904014589664834,0.9997501608369829
930,44.0,6.0,1.0138602381321997,17.0,712.0,50849.0,42.08324707196639,0.36596761373889486,0.9997857822255819
931,44.0,7.0,1.0395830608056875,16.0,656.0,50848.0,40.89673838834659,0.36239058144745895,0.9998052499157742
932,44.0,8.0,1.0689621945637446,16.0,637.0,50848.0,39.433259522361425,0.3606374737736169,0.9999415834147855
933,44.0,9.0,0.8538746163375228,23.0,694.0,50855.0,26.060569417478632,0.35421100479303735,0.9997447921332184
934,44.0,10.0,0.9551816498230206,12.0,522.0,50844.0,48.374806407157614,0.33333269850599956,0.6707333654329923
935,44.0,11.0,1.0555599060955265,12.0,564.0,50844.0,53.472031644320346,0.3178521118013049,0.8047331621360474
936,44.0,12.0,0.7349617364576475,14.0,538.0,50846.0,30.583248438002784,0.32442350803286835,0.9999204232474277
937,44.0,13.0,1.0022151302979474,16.0,682.0,50848.0,41.761818620763215,0.36163788029083876,0.9998947431186587
938,44.0,14.0,1.0929677159703415,16.0,637.0,50848.0,40.42214478533438,0.3443301017242443,0.99981262197349
939,44.0,15.0,0.994646753721633,25.0,536.0,50857.0,22.515988773804526,0.32566983717081843,0.7100149266900437
940,44.0,16.0,0.9970252673618636,16.0,631.0,50848.0,38.647138461554,0.3717410403287186,0.99977639904093
941,44.0,17.0,1.0035919624398737,13.0,621.0,50845.0,47.53955473205267,0.3379008529827886,0.9998697278191244
942,44.0,18.0,0.9142922205540784,13.0,698.0,50845.0,54.89498836116305,0.339326195104812,0.9481865589780881
943,44.0,19.0,1.007299832959218,9.0,684.0,50841.0,82.49953875370309,0.36813981465367074,0.9998343321218177
944,44.0,20.0,0.9493634984346717,10.0,592.0,49735.0,54.49983791720104,0.3248371689085495,0.9705728298471226
945,45.0,0.0,0.8529709948973057,9.0,827.0,51417.0,106.03286676887228,0.3514726855568767,0.9998022675545809
946,45.0,1.0,0.6353699239493396,9.0,609.0,51417.0,56.27757176016373,0.2960638734976634,0.8592221941385519
947,45.0,2.0,0.9111024885182382,14.0,654.0,51422.0,42.47608712958467,0.3656414748890666,0.9997654956168505
948,45.0,3.0,1.020339880393148,13.0,618.0,51421.0,49.95540005246051,0.35200386403652173,0.9997711734211061
949,45.0,4.0,1.029611710477944,20.0,683.0,51428.0,34.22970875846131,0.3680896452736351,0.999783903335244
950,45.0,5.0,0.6928019499717681,13.0,647.0,51421.0,71.08313313951945,0.3307234775581369,0.9997455759881008
951,45.0,6.0,0.576753780028332,11.0,645.0,51419.0,58.02070177987509,0.2987216723920245,0.6765507662731769
952,45.0,7.0,1.0071850493614125,22.0,567.0,51430.0,24.974962243816705,0.33933288680223206,0.9997329070900596
953,45.0,8.0,0.9337835405513972,16.0,624.0,51424.0,37.77768634290349,0.33738348705057386,0.940721004608438
954,45.0,9.0,0.9469447598965881,18.0,584.0,51426.0,32.05812368844649,0.34751877123854225,0.9996552349235795
955,45.0,10.0,0.675831772036912,12.0,611.0,51420.0,40.9332504668374,0.31712558170506144,0.8701480472627271
956,45.0,11.0,0.6725999800623802,15.0,594.0,51423.0,31.649938725135343,0.32622002450669474,0.9997808298268077
957,45.0,12.0,0.8344546245140665,13.0,616.0,51421.0,40.199910711356175,0.3326832725853013,0.9211201040023873
958,45.0,13.0,0.8509734566234564,16.0,554.0,51424.0,32.654639913783576,0.3381443152241247,0.9313704393207342
959,45.0,14.0,0.954662277336101,17.0,513.0,51425.0,30.005487906661173,0.3245393959958732,0.6775326873605828
960,45.0,15.0,0.5984614146452922,6.0,682.0,51414.0,113.66628777904074,0.2709319197868941,0.9997498842116428
961,45.0,16.0,0.9956002780184283,17.0,608.0,51425.0,37.17847098040494,0.34673154558541286,0.9996791331979504
962,45.0,17.0,0.7046671705369885,18.0,613.0,51426.0,27.43325732910253,0.31416029613699625,0.7666817673343744
963,45.0,18.0,0.9619934561727381,14.0,691.0,51422.0,67.21623279980533,0.3407872274296091,0.9997656830215491
964,45.0,19.0,0.8335477115015867,16.0,656.0,51424.0,35.63485954281975,0.33847417915129996,0.9291080822109751
965,45.0,20.0,0.6891383112928684,15.0,637.0,50276.0,30.333290000061908,0.3245451576800191,0.9004310634135694
966,46.0,0.0,0.6916529675218197,11.0,677.0,51759.0,61.74988641687731,0.33774275904603457,0.9871982321159946
967,46.0,1.0,1.0463889979595344,14.0,683.0,51762.0,47.916564875218484,0.37216579161283214,0.9998208634511313
968,46.0,2.0,0.6583575069014411,12.0,572.0,51760.0,51.171334840991484,0.3244215290684581,0.9997518085365199
969,46.0,3.0,0.9372908324345686,17.0,646.0,51765.0,36.162887838871384,0.3458598964834668,0.9997418648174076
970,46.0,4.0,0.9465466756261911,18.0,604.0,51766.0,33.844361081780704,0.3559861811386159,0.9997963240622217
971,46.0,5.0,0.9751518516233934,20.0,636.0,51768.0,34.25315573952408,0.3705308780740386,0.999839326176759
972,46.0,6.0,0.8403468949967675,18.0,589.0,51766.0,29.90296510048034,0.35564215942544686,0.9998136027681638
973,46.0,7.0,0.9918787613814735,15.0,669.0,51763.0,43.71101725524903,0.36250031616421297,0.9997817651547867
974,46.0,8.0,0.9091967789169779,14.0,634.0,51762.0,41.333233889207406,0.3396540397003509,0.9140837842390692
975,46.0,9.0,0.5711539469535206,12.0,519.0,51760.0,40.81242804701729,0.2900044312715526,0.9997643368942495
976,46.0,10.0,1.0248007095400529,20.0,593.0,51768.0,50.97981028626839,0.3525473662998193,0.9998060208598539
977,46.0,11.0,0.8398912949745173,20.0,604.0,51768.0,26.59161800222959,0.337967550296412,0.9279203173370961
978,46.0,12.0,0.8424769234704433,16.0,549.0,51764.0,36.89267850281312,0.33832947677156866,0.782340526535057
979,46.0,13.0,0.9092393472338538,18.0,651.0,51766.0,32.78566298477833,0.3550432188529744,0.9998379603524631
980,46.0,14.0,1.0230227061671513,24.0,684.0,51772.0,30.774687766886174,0.36600855556126555,0.9998774784050666
981,46.0,15.0,0.8251015438149019,15.0,650.0,51763.0,38.5693187566566,0.35139902209113316,0.9997950779928504
982,46.0,16.0,1.0194339097448664,17.0,556.0,51765.0,34.111047814933194,0.3225352019505229,0.8186821817224816
983,46.0,17.0,0.8465459252825245,11.0,721.0,51759.0,58.199782268115456,0.33468991748622234,0.9997429721971582
984,46.0,18.0,0.9660539970259717,20.0,611.0,51768.0,31.833251944764967,0.3565890494996288,0.9997369896882732
985,46.0,19.0,0.9852571774441755,16.0,570.0,51764.0,34.2610399478552,0.3440035411323068,0.9997736856732307
986,46.0,20.0,0.7877689061996151,10.0,789.0,50863.0,67.38863324229273,0.3553722009403796,0.9875608832350227
987,47.0,0.0,0.9352788299832504,19.0,644.0,46406.0,34.43510015335563,0.34991898099870056,0.9997608124224932
988,47.0,1.0,1.001930101219852,16.0,609.0,46403.0,39.953610383474576,0.3602970647595135,0.9997301597712425
989,47.0,2.0,0.994598530706202,13.0,659.0,46400.0,49.02765789383752,0.36950026361843813,0.9997046778814305
990,47.0,3.0,0.9203224545899984,16.0,686.0,46403.0,39.41659031266315,0.339403355628758,0.9997753951754191
991,47.0,4.0,0.9315896755876201,18.0,609.0,46405.0,33.588803818836055,0.3502072857576741,0.9997388396802247
992,47.0,5.0,0.857301189845334,21.0,682.0,46408.0,34.93041021534927,0.3569732597051246,0.9997477875984686
993,47.0,6.0,0.9476863938722231,14.0,654.0,46401.0,50.610950710483,0.3639195996978106,0.9998177496643348
994,47.0,7.0,0.6867440883288187,10.0,575.0,46397.0,57.49988500023001,0.31101413156491553,0.8413135172758309
995,47.0,8.0,0.8947431882934932,16.0,625.0,46403.0,42.23193943945703,0.33591231989140435,0.9705968279078574
996,47.0,9.0,1.072187359815838,14.0,569.0,46401.0,41.28879108914196,0.3478420427056357,0.8145254687578694
997,47.0,10.0,0.8243918986534322,19.0,635.0,46406.0,28.788840655658664,0.33298085206997907,0.9110069922801434
998,47.0,11.0,0.74447072714986,16.0,606.0,46403.0,31.166594367013232,0.32713477278535896,0.9997985740732286
999,47.0,12.0,1.0648003405039215,18.0,484.0,46405.0,28.12031630618175,0.32238692035253713,0.7312016803829622
1000,47.0,13.0,0.7242299805770522,16.0,624.0,46403.0,29.574020566036253,0.3434791415331595,0.9997585995379404
1001,47.0,14.0,0.9529211807306097,17.0,591.0,46404.0,49.1664040299487,0.3437983479721942,0.9997894477292856
1002,47.0,15.0,1.0025730901407084,16.0,685.0,46403.0,46.65911972730493,0.37114030525190034,0.9998170443686771
1003,47.0,16.0,0.6595841062943887,13.0,590.0,46400.0,47.98601977257309,0.31484308316360954,0.8669090841955956
1004,47.0,17.0,0.9189792849477016,16.0,610.0,46403.0,44.18496924050978,0.3314605372007067,0.9842075820050511
1005,47.0,18.0,1.0622830789405233,22.0,635.0,46409.0,29.861062075711413,0.3652936248553088,0.9998986396159988
1006,47.0,19.0,1.0293870852988474,15.0,627.0,46402.0,45.11891447331008,0.33021489871026055,0.9996660753144765
1007,47.0,20.0,0.7937045063008092,11.0,475.0,45009.0,62.99950542136193,0.29998109288220065,0.6715521837419629
1008,48.0,0.0,1.0558327685570148,15.0,649.0,56299.0,43.19038377571902,0.3599364252041273,0.9997345590635786
1009,48.0,1.0,0.8024685588018249,15.0,564.0,56299.0,34.09714604765634,0.3317652409399865,0.9997500197716934
1010,48.0,2.0,1.0180634450908088,17.0,474.0,56301.0,28.429567206745677,0.32667094729675794,0.7020351941956342
1011,48.0,3.0,0.9373896912213326,15.0,602.0,56299.0,39.94433525173229,0.36469069265438836,0.9997769843364867
1012,48.0,4.0,1.0302965156896908,22.0,564.0,56306.0,25.333294074145474,0.3443590575485297,0.8089237752393472
1013,48.0,5.0,0.9539831007691915,18.0,583.0,56302.0,32.7915831774002,0.3289792098594785,0.9996865540580143
1014,48.0,6.0,1.0519418613725713,14.0,480.0,56298.0,41.01890484006739,0.3196778929851145,0.7017995498001568
1015,48.0,7.0,1.023375222248479,14.0,575.0,56298.0,42.222126157631756,0.3554296381855717,0.7859057190952846
1016,48.0,8.0,0.655305524906227,16.0,578.0,56300.0,26.273773552345357,0.3116345647142753,0.9998553675530385
1017,48.0,9.0,0.6685642930024689,10.0,634.0,56294.0,68.9581780906373,0.3111222265425664,0.7962204670677158
1018,48.0,10.0,1.0456623438392962,11.0,692.0,56295.0,62.04426731904956,0.3534287748692655,0.9997447677039091
1019,48.0,11.0,0.9126856313180575,12.0,762.0,56296.0,57.999848000484,0.3540988745187619,0.9999065075313021
1020,48.0,12.0,0.8783261302432213,11.0,615.0,56295.0,83.29102339142487,0.36248505397112984,0.9997921581965115
1021,48.0,13.0,1.0418002952169894,21.0,612.0,56305.0,29.046249566701423,0.3556685653156457,0.9998065709465926
1022,48.0,14.0,0.5731906872117006,11.0,469.0,56295.0,49.77760385881099,0.28857323400989054,0.5904196034476116
1023,48.0,15.0,0.5594462455445,12.0,589.0,56296.0,53.47599051139867,0.2855688784506447,0.6453574522231593
1024,48.0,16.0,0.938678842254953,16.0,597.0,56300.0,36.692496604874115,0.3686894601142815,0.9998378002809107
1025,48.0,17.0,0.8281941097875101,15.0,630.0,56299.0,45.71406326719532,0.32860747245696387,0.9193447492173635
1026,48.0,18.0,0.6725928935862284,11.0,584.0,56295.0,54.51656410574989,0.321385386683369,0.8785733566200618
1027,48.0,19.0,0.9307797810418234,11.0,682.0,56295.0,63.97192331243492,0.3528855960743088,0.9997550321907936
1028,48.0,20.0,0.8017551257795765,16.0,630.0,55116.0,33.226093978115124,0.3443707693048009,0.9997641068514096
1029,49.0,0.0,1.0252860726724133,20.0,497.0,52038.0,27.8888257038755,0.3247703089626035,0.6839560424434387
1030,49.0,1.0,0.7652441049707839,19.0,545.0,53909.0,25.591579294439594,0.32755648751975686,0.9997576340699255
1031,49.0,2.0,0.8850184312415603,13.0,712.0,55283.0,52.05534379789921,0.3414294315909572,0.9997602474108466
1032,49.0,3.0,0.8811929972713154,17.0,532.0,51797.0,28.49994634270719,0.32392381008997784,0.9998677667032992
1033,49.0,4.0,0.9798025852223056,18.0,595.0,55833.0,35.30548601866749,0.3684239647431963,0.9997535471691272
1034,49.0,5.0,0.9014423662921605,14.0,617.0,53084.0,45.49979620995523,0.352257571161545,0.9997364724813305
1035,49.0,6.0,1.0200718335659713,17.0,496.0,51250.0,34.020107793379,0.30110734101518866,0.6771431539865336
1036,49.0,7.0,1.0242078885455408,14.0,598.0,52496.0,41.27768884279117,0.3358499223152712,0.9997454710373018
1037,49.0,8.0,0.7594072973584018,13.0,699.0,51914.0,56.28556298515422,0.3247946410637421,0.8599183942609314
1038,49.0,9.0,0.5301548465486798,19.0,620.0,51647.0,33.67774112473132,0.3013897075753581,0.6931256959677772
1039,49.0,10.0,0.7278123158704944,19.0,608.0,52840.0,26.504711250501483,0.31337444552349236,0.8276407386278961
1040,49.0,11.0,1.0280551171492194,21.0,646.0,56704.0,29.701544084924183,0.3644640954634112,0.999811312587093
1041,49.0,12.0,0.8589343316792378,15.0,733.0,51637.0,45.00783354718385,0.33402727387301623,0.9692384966555512
1042,49.0,13.0,0.6365141682948128,11.0,648.0,50995.0,47.99989000025834,0.3089683598463523,0.7917916045103809
1043,49.0,14.0,0.8866113466322219,18.0,684.0,55105.0,46.51827183347873,0.3371518726105145,0.9855102956801449
1044,49.0,15.0,0.8917108479464498,21.0,585.0,54898.0,24.849962143130735,0.335395256368361,0.9786857410909032
1045,49.0,16.0,0.9845019954453436,16.0,700.0,50949.0,45.399911311284974,0.3432042652482,0.9997692595000974
1046,49.0,17.0,0.8237433115312947,14.0,581.0,53236.0,40.83320003142316,0.33321874530278606,0.9998884948626634
1047,49.0,18.0,0.6894150450276155,9.0,637.0,50197.0,70.97483986286575,0.32902000138778076,0.8927906911902095
1048,49.0,19.0,0.8464642546813821,13.0,542.0,47807.0,43.33311354349295,0.315596881837646,0.7784084443641313
1049,49.0,20.0,0.22738108689674377,9.0,665.0,44168.0,58.74989097244097,0.27446545113945653,0.5426567651984349
